0.003897
0.006889
0.013603
0.001331
0.006394
0.009669
0.001772
0.002373
0.007753
0.001442
0.004627
0.002613
0.000911
0.005178
0.002140
0.000300
0.000850
0.001214
0.440456
0.001471
0.032482
0.029378
0.015046
0.109522
0.021775
0.026281
0.073143
0.017107
0.010575
0.072758
0.004834
0.018247
0.013594
0.003496
0.018105
0.010090
0.001413
0.002074
0.005198
0.002390
0.000000
0.000931
0.000000
0.000000
0.000000
0.000277
0.000000
0.000140
0.000018
0.000000
0.000012
0.000000
0.000000
0.000000
0.000000
0.000000
0.000000
0.000000
0.000000
0.000144
0.000000
0.000000
0.000000
0.000000
0.000000
0.000000
0.000000
0.000000
0.000000
0.000000
0.000000
0.000000
0.000000
0.000000
0.000000
0.000000
0.000000
0.000000
0.000000
0.004447
0.001280
0.000000
0.000000
0.000000
0.000000
0.000319
0.000123
0.000000
0.000424
0.000051
0.000000
0.000000
0.000000
0.000000
0.000019
0.000000
0.000000
0.000008
0.000219
0.000000
0.000000
0.000000
0.000000
0.000000
0.000000
0.000000
0.000000
0.000000
0.000000
0.000000
0.000000
0.000000
0.000000
0.000000
0.000000
0.000000
0.000000
0.000908
0.001235
0.008073
0.000000
0.000000
0.000000
0.000249
0.000183
0.001138
0.000134
0.000327
0.000663
0.000000
0.000000
0.000000
0.000006
0.000015
0.000081
0.000000
0.000168
0.000341
0.000000
0.000000
0.000000
0.000000
0.000000
0.000000
0.000000
0.000000
0.000000
0.000000
0.000000
0.000000
0.000000
0.000000
0.000000
0.000000
0.000000
0.000000
0.000000
0.000000
0.000000
0.000566
0.000000
0.000500
0.000140
0.000000
0.000030
0.000000
0.000000
0.000000
0.000058
0.000000
0.000009
0.000000
0.000000
0.000009
0.000000
0.000000
0.000025
0.000000
0.000000
0.000000
0.000000
0.000000
0.000000
0.000000
0.000000
0.000000
0.000000
0.000000
0.000000
0.000000
0.000000
0.000000
0.000000
0.000000
0.000000
0.000000
0.000000
0.000000
0.000000
0.003585
0.001035
0.000000
0.000336
0.000236
0.000000
0.000000
0.000000
0.000000
0.000748
0.000040
0.000000
0.000057
0.000000
0.000000
0.000009
0.000170
0.000000
0.000000
0.000000
0.000000
0.000000
0.000000
0.000000
0.000000
0.000000
0.000000
0.000000
0.000000
0.000000
0.000000
0.000000
0.000000
0.000000
0.000000
0.000000
0.000000
0.000000
0.000395
0.001255
0.005930
0.000028
0.000108
0.000808
0.000000
0.000000
0.000000
0.000088
0.000319
0.000376
0.000006
0.000000
0.000025
0.000000
0.000006
0.000218
0.000000
0.000000
0.000000
0.000000
0.000000
0.000000
0.000000
0.000000
0.000000
0.000000
0.000000
0.000000
0.000000
0.000000
0.000000
0.000000
0.000000
0.000000
0.000146
0.000000
0.000126
0.000186
0.000000
0.000100
0.000559
0.000000
0.000480
0.000010
0.000000
0.000000
0.000014
0.000000
0.000007
0.000048
0.000000
0.000040
0.000000
0.000000
0.000064
0.000000
0.000000
0.000000
0.000000
0.000000
0.000000
0.000000
0.000000
0.000000
0.000000
0.000000
0.000000
0.000000
0.000000
0.000000
0.000000
0.000000
0.000000
0.000000
0.000318
0.000067
0.000000
0.000348
0.000051
0.000000
0.000795
0.000368
0.000000
0.000012
0.000000
0.000000
0.000093
0.000007
0.000000
0.000164
0.000000
0.000000
0.000000
0.000087
0.000000
0.000000
0.000000
0.000000
0.000000
0.000000
0.000000
0.000000
0.000000
0.000000
0.000000
0.000000
0.000000
0.000000
0.000000
0.000000
0.000000
0.000000
0.000121
0.000111
0.001062
0.000083
0.000308
0.000876
0.000353
0.000406
0.003381
0.000011
0.000008
0.000033
0.000013
0.000117
0.000119
0.000005
0.000134
0.000430
0.000000
0.000008
0.000204
0.000000
0.000000
0.000000
0.000000
0.000000
0.000000
0.000000
0.000000
0.000000
0.000000
0.000000
0.000000
0.000000
0.000000
0.000000
0.000000
0.000000
0.000000
0.000066
0.000000
0.000258
0.000000
0.000000
0.000000
0.000009
0.000000
0.000008
0.000524
0.000000
0.000075
0.000000
0.000000
0.000000
0.000071
0.000000
0.000009
0.000363
0.000000
0.000000
0.000000
0.000000
0.000000
0.000000
0.000000
0.000000
0.000000
0.000000
0.000000
0.000000
0.000000
0.000000
0.000000
0.000000
0.000000
0.000000
0.000000
0.000000
0.000000
0.000498
0.000406
0.000000
0.000000
0.000000
0.000000
0.000062
0.000011
0.000000
0.001476
0.000657
0.000000
0.000000
0.000000
0.000000
0.000068
0.000116
0.001139
0.000015
0.000165
0.000000
0.000000
0.000000
0.000000
0.000000
0.000000
0.000000
0.000000
0.000000
0.000007
0.000043
0.000013
0.000000
0.000000
0.000000
0.000000
0.000000
0.000000
0.000175
0.000014
0.000946
0.000000
0.000000
0.000000
0.000000
0.000000
0.000054
0.000130
0.000184
0.000584
0.000000
0.000000
0.000000
0.000000
0.000000
0.000015
0.000410
0.000050
0.000014
0.000000
0.000000
0.000000
0.000000
0.000000
0.000000
0.000000
0.000000
0.000000
0.000000
0.000054
0.000000
0.000000
0.000000
0.000000
0.000000
0.000000
0.000000
0.000000
0.000000
0.000000
0.000055
0.000000
0.000023
0.000027
0.000000
0.000000
0.000000
0.000000
0.000000
0.000260
0.000000
0.000127
0.000007
0.000000
0.000071
0.000198
0.000013
0.000000
0.000000
0.000000
0.000000
0.000000
0.000000
0.000000
0.000000
0.000000
0.000000
0.000000
0.000000
0.000000
0.000025
0.000000
0.000010
0.000000
0.000000
0.000000
0.000000
0.000000
0.000000
0.000000
0.000711
0.000174
0.000000
0.000054
0.000154
0.000000
0.000000
0.000000
0.000000
0.001925
0.000229
0.000000
0.000072
0.000101
0.001514
0.000115
0.000046
0.000000
0.000000
0.000000
0.000000
0.000000
0.000000
0.000000
0.000000
0.000000
0.000000
0.000000
0.000000
0.000000
0.000050
0.000006
0.000000
0.000000
0.000000
0.000000
0.000000
0.000000
0.000005
0.000023
0.000644
0.000000
0.000005
0.000131
0.000000
0.000000
0.000000
0.000159
0.000122
0.000390
0.000000
0.000000
0.000142
0.000406
0.000054
0.000012
0.000000
0.000000
0.000000
0.000000
0.000000
0.000000
0.000000
0.000000
0.000000
0.000000
0.000000
0.000000
0.000000
0.000006
0.000000
0.000000
0.000000
0.000000
0.000000
0.000000
0.000007
0.000000
0.000000
0.000045
0.000075
0.000000
0.000037
0.000032
0.000000
0.000000
0.000015
0.000000
0.000000
0.000062
0.000000
0.000000
0.000018
0.000000
0.000012
0.000000
0.000000
0.000000
0.000000
0.000000
0.000000
0.000000
0.000000
0.000000
0.000000
0.000000
0.000000
0.000000
0.000000
0.000000
0.000000
0.000000
0.000000
0.000000
0.000005
0.000007
0.000000
0.000011
0.000000
0.000000
0.000068
0.000145
0.000000
0.000105
0.000000
0.000000
0.000193
0.000000
0.000000
0.000099
0.000052
0.000132
0.000000
0.000000
0.000000
0.000000
0.000000
0.000000
0.000000
0.000000
0.000000
0.000000
0.000000
0.000000
0.000000
0.000000
0.000000
0.000000
0.000041
0.000000
0.000000
0.000000
0.000019
0.000000
0.000012
0.000000
0.000000
0.000032
0.000017
0.000000
0.000481
0.000087
0.000046
0.000045
0.000000
0.000088
0.000143
0.000000
0.000083
0.000044
0.000031
0.000013
0.000019
0.000000
0.000000
0.000000
0.000000
0.000000
0.000000
0.000000
0.000000
0.000000
0.000000
0.000000
0.000000
0.000000
0.000000
0.000000
0.000000
0.000000
0.000000
0.000000
0.000000
0.000000
0.000000
0.000000
0.000000
0.000000
0.000000
0.000000
0.000393
0.001534
0.000374
0.000224
0.001430
0.000435
0.000098
0.000126
0.000028
0.415132
0.000000
0.000162
0.000000
0.000000
0.000000
0.000000
0.000000
0.000000
0.000000
0.000000
0.000000
0.001347
0.004675
0.002052
0.001499
0.005245
0.001969
0.000166
0.000187
0.000287
0.000014
0.000000
0.000087
0.000000
0.000073
0.000015
0.000000
0.000006
0.000000
0.000015
0.000124
0.000062
0.000000
0.000031
0.000201
0.000000
0.000010
0.000033
0.000000
0.000362
0.000000
0.000000
0.000000
0.000089
0.000009
0.000000
0.000075
0.000000
0.000000
0.000000
0.000000
0.000062
0.000038
0.000000
0.000100
0.000027
0.000000
0.000013
0.000045
0.000083
0.000143
0.000373
0.000022
0.000087
0.000296
0.000051
0.000045
0.000098
0.000000
0.000034
0.000025
0.000000
0.000058
0.000017
0.000000
0.000000
0.000014
0.000043
0.000000
0.029285
0.000222
0.000030
0.000483
0.000146
0.000096
0.000381
0.000144
0.000026
0.000418
0.000013
0.000017
0.000024
0.000000
0.000025
0.000007
0.000008
0.000000
0.000000
0.000000
0.000000
0.000000
0.000000
0.000000
0.000000
0.000000
0.000000
0.000000
0.000000
0.000000
0.000000
0.000000
0.000000
0.000000
0.000000
0.000000
0.000000
0.000000
0.000000
0.000083
0.015414
0.000000
0.009698
0.000000
0.000000
0.000000
0.002127
0.000000
0.001342
0.000486
0.000000
0.000383
0.000000
0.000000
0.000000
0.000061
0.000000
0.000036
0.000000
0.000000
0.000000
0.000000
0.000000
0.000000
0.000000
0.000000
0.000000
0.000000
0.000000
0.000000
0.000000
0.000000
0.000000
0.000000
0.000000
0.000000
0.000000
0.000019
0.000152
0.000000
0.006909
0.003543
0.000000
0.000000
0.000000
0.000000
0.001603
0.000608
0.000000
0.002117
0.000141
0.000000
0.000000
0.000000
0.000000
0.000088
0.000000
0.000000
0.000000
0.000000
0.000000
0.000000
0.000000
0.000000
0.000000
0.000000
0.000000
0.000000
0.000000
0.000000
0.000000
0.000000
0.000000
0.000000
0.000000
0.000000
0.000064
0.000288
0.009772
0.005836
0.074129
0.000000
0.000000
0.000000
0.001254
0.001103
0.010802
0.000334
0.002162
0.004171
0.000000
0.000000
0.000000
0.000019
0.000061
0.000617
0.000000
0.000000
0.000000
0.000000
0.000000
0.000000
0.000000
0.000000
0.000000
0.000000
0.000000
0.000000
0.000000
0.000000
0.000000
0.000000
0.000000
0.000000
0.000000
0.000000
0.000077
0.000000
0.000000
0.000000
0.012682
0.000000
0.005903
0.001561
0.000000
0.001204
0.000000
0.000000
0.000000
0.000191
0.000000
0.000174
0.000019
0.000000
0.000098
0.000000
0.000000
0.000000
0.000000
0.000000
0.000000
0.000000
0.000000
0.000000
0.000000
0.000000
0.000000
0.000000
0.000000
0.000000
0.000000
0.000000
0.000000
0.000000
0.000025
0.000178
0.000000
0.000000
0.000000
0.000000
0.014141
0.007126
0.000000
0.000877
0.002100
0.000000
0.000000
0.000000
0.000000
0.001960
0.000012
0.000000
0.000005
0.000000
0.000000
0.000000
0.000000
0.000000
0.000000
0.000000
0.000000
0.000000
0.000000
0.000000
0.000000
0.000000
0.000000
0.000000
0.000000
0.000000
0.000000
0.000000
0.000000
0.000000
0.000187
0.000000
0.000000
0.000000
0.006087
0.005887
0.044696
0.001540
0.000520
0.011197
0.000000
0.000000
0.000000
0.000033
0.001436
0.001897
0.000011
0.000000
0.000106
0.000000
0.000000
0.000000
0.000000
0.000000
0.000000
0.000000
0.000000
0.000000
0.000000
0.000000
0.000000
0.000000
0.000000
0.000000
0.000000
0.000000
0.000000
0.000000
0.000000
0.000050
0.001280
0.000000
0.001947
0.001026
0.000000
0.001122
0.006197
0.000000
0.004478
0.000192
0.000000
0.000086
0.000087
0.000000
0.000103
0.000367
0.000000
0.000339
0.000000
0.000000
0.000000
0.000000
0.000000
0.000000
0.000000
0.000000
0.000000
0.000000
0.000000
0.000000
0.000000
0.000000
0.000000
0.000000
0.000000
0.000000
0.000000
0.000005
0.000090
0.000000
0.000887
0.000525
0.000000
0.002191
0.000935
0.000000
0.003463
0.001810
0.000000
0.000115
0.000000
0.000000
0.000258
0.000007
0.000000
0.000372
0.000000
0.000000
0.000000
0.000000
0.000000
0.000000
0.000000
0.000000
0.000000
0.000000
0.000000
0.000000
0.000000
0.000000
0.000000
0.000000
0.000000
0.000000
0.000000
0.000000
0.000081
0.000198
0.001715
0.000992
0.014426
0.000880
0.001539
0.006832
0.004018
0.002826
0.035610
0.000086
0.000309
0.000550
0.000023
0.000360
0.001073
0.000064
0.000509
0.001395
0.000000
0.000000
0.000000
0.000000
0.000000
0.000000
0.000000
0.000000
0.000000
0.000012
0.000069
0.000000
0.000000
0.000000
0.000000
0.000000
0.000000
0.000000
0.001512
0.000000
0.000009
0.000505
0.000000
0.000295
0.000000
0.000000
0.000000
0.000077
0.000000
0.000016
0.001742
0.000061
0.000431
0.000000
0.000000
0.000015
0.000113
0.000000
0.000014
0.000000
0.000000
0.000000
0.000000
0.000000
0.000000
0.000000
0.000000
0.000000
0.000009
0.000118
0.000052
0.000000
0.000000
0.000000
0.000000
0.000000
0.000000
0.007440
0.000076
0.000017
0.000000
0.000488
0.001212
0.000000
0.000000
0.000000
0.000000
0.000007
0.000105
0.000014
0.005393
0.002720
0.000000
0.000071
0.000000
0.000000
0.000132
0.000407
0.000000
0.000000
0.000000
0.000000
0.000000
0.000000
0.000000
0.000000
0.000000
0.000000
0.000061
0.000000
0.000000
0.000039
0.000000
0.000000
0.000000
0.000007
0.001646
0.000054
0.000039
0.000568
0.000023
0.004003
0.000000
0.000000
0.000000
0.000046
0.000000
0.000529
0.000447
0.003038
0.002954
0.000000
0.000000
0.000000
0.000000
0.000000
0.000259
0.000000
0.000000
0.000000
0.000000
0.000000
0.000000
0.000000
0.000000
0.000000
0.000000
0.000000
0.000007
0.000000
0.000011
0.000000
0.000000
0.000000
0.000000
0.000827
0.000010
0.000010
0.000000
0.000000
0.000000
0.000614
0.000000
0.000240
0.000055
0.000000
0.000036
0.000000
0.000006
0.000000
0.001098
0.000000
0.000256
0.000233
0.000000
0.000116
0.000000
0.000000
0.000000
0.000000
0.000000
0.000000
0.000000
0.000000
0.000000
0.000074
0.000062
0.000000
0.000000
0.000025
0.000000
0.000000
0.000012
0.000007
0.006483
0.000104
0.000025
0.000000
0.000000
0.000000
0.000000
0.001029
0.001509
0.000000
0.000059
0.000274
0.000000
0.000000
0.000000
0.000011
0.005666
0.002071
0.000000
0.000157
0.000505
0.000000
0.000000
0.000000
0.000000
0.000000
0.000000
0.000000
0.000000
0.000000
0.000000
0.000000
0.000000
0.000086
0.000011
0.000013
0.000000
0.000000
0.000000
0.001522
0.000104
0.000006
0.000000
0.000000
0.000000
0.000405
0.000083
0.003275
0.000000
0.000000
0.000506
0.000000
0.000000
0.000000
0.000259
0.001616
0.002026
0.000000
0.000000
0.000156
0.000000
0.000000
0.000000
0.000000
0.000000
0.000000
0.000000
0.000000
0.000000
0.000000
0.000000
0.000000
0.000000
0.000000
0.000000
0.000000
0.000000
0.000000
0.000330
0.000000
0.000000
0.000077
0.000000
0.000013
0.000036
0.000000
0.000042
0.000139
0.000000
0.000114
0.000127
0.000000
0.000000
0.000256
0.000007
0.000000
0.000182
0.000000
0.000102
0.000000
0.000000
0.000000
0.000000
0.000000
0.000000
0.000000
0.000000
0.000000
0.000000
0.000072
0.000000
0.000000
0.000000
0.000000
0.000000
0.000000
0.000000
0.000476
0.000050
0.000000
0.000000
0.000014
0.000010
0.000000
0.000000
0.000005
0.000000
0.000081
0.000277
0.000000
0.000160
0.000000
0.000000
0.000616
0.000000
0.000000
0.000171
0.000159
0.000000
0.000000
0.000000
0.000000
0.000000
0.000000
0.000000
0.000000
0.000000
0.000000
0.000000
0.000000
0.000000
0.000000
0.000000
0.000000
0.000000
0.000000
0.000326
0.000077
0.000014
0.000068
0.000000
0.000268
0.000000
0.000000
0.000118
0.000100
0.000000
0.001446
0.000065
0.000221
0.000160
0.000013
0.000755
0.000458
0.000183
0.000384
0.000595
