0.003827
0.006568
0.013306
0.001257
0.006253
0.009516
0.001700
0.002415
0.007353
0.001437
0.004611
0.002624
0.000889
0.005088
0.002085
0.000299
0.000857
0.001209
0.443448
0.001410
0.031978
0.029526
0.015164
0.109315
0.021654
0.026260
0.073221
0.016941
0.010407
0.072448
0.004676
0.018700
0.013456
0.003485
0.017940
0.010140
0.001348
0.002045
0.005144
0.002382
0.000000
0.000928
0.000000
0.000000
0.000000
0.000266
0.000000
0.000140
0.000018
0.000000
0.000012
0.000000
0.000000
0.000000
0.000000
0.000000
0.000000
0.000000
0.000000
0.000096
0.000000
0.000000
0.000000
0.000000
0.000000
0.000000
0.000000
0.000000
0.000000
0.000000
0.000000
0.000000
0.000000
0.000000
0.000000
0.000000
0.000000
0.000000
0.000000
0.004252
0.001229
0.000000
0.000000
0.000000
0.000000
0.000338
0.000028
0.000000
0.000423
0.000051
0.000000
0.000000
0.000000
0.000000
0.000019
0.000000
0.000000
0.000008
0.000218
0.000000
0.000000
0.000000
0.000000
0.000000
0.000000
0.000000
0.000000
0.000000
0.000000
0.000000
0.000000
0.000000
0.000000
0.000000
0.000000
0.000000
0.000000
0.000858
0.001136
0.007913
0.000000
0.000000
0.000000
0.000248
0.000182
0.001144
0.000134
0.000326
0.000671
0.000000
0.000000
0.000000
0.000006
0.000015
0.000081
0.000000
0.000167
0.000340
0.000000
0.000000
0.000000
0.000000
0.000000
0.000000
0.000000
0.000000
0.000000
0.000000
0.000000
0.000000
0.000000
0.000000
0.000000
0.000000
0.000000
0.000000
0.000000
0.000000
0.000000
0.000525
0.000000
0.000479
0.000139
0.000000
0.000020
0.000000
0.000000
0.000000
0.000057
0.000000
0.000009
0.000000
0.000000
0.000009
0.000000
0.000000
0.000025
0.000000
0.000000
0.000000
0.000000
0.000000
0.000000
0.000000
0.000000
0.000000
0.000000
0.000000
0.000000
0.000000
0.000000
0.000000
0.000000
0.000000
0.000000
0.000000
0.000000
0.000000
0.000000
0.003474
0.001021
0.000000
0.000335
0.000235
0.000000
0.000000
0.000000
0.000000
0.000736
0.000040
0.000000
0.000057
0.000000
0.000000
0.000009
0.000169
0.000000
0.000000
0.000000
0.000000
0.000000
0.000000
0.000000
0.000000
0.000000
0.000000
0.000000
0.000000
0.000000
0.000000
0.000000
0.000000
0.000000
0.000000
0.000000
0.000000
0.000000
0.000363
0.001250
0.005840
0.000027
0.000108
0.000795
0.000000
0.000000
0.000000
0.000088
0.000308
0.000374
0.000006
0.000000
0.000025
0.000000
0.000006
0.000218
0.000000
0.000000
0.000000
0.000000
0.000000
0.000000
0.000000
0.000000
0.000000
0.000000
0.000000
0.000000
0.000000
0.000000
0.000000
0.000000
0.000000
0.000000
0.000145
0.000000
0.000125
0.000185
0.000000
0.000100
0.000557
0.000000
0.000421
0.000010
0.000000
0.000000
0.000014
0.000000
0.000007
0.000037
0.000000
0.000040
0.000000
0.000000
0.000064
0.000000
0.000000
0.000000
0.000000
0.000000
0.000000
0.000000
0.000000
0.000000
0.000000
0.000000
0.000000
0.000000
0.000000
0.000000
0.000000
0.000000
0.000000
0.000000
0.000327
0.000067
0.000000
0.000347
0.000051
0.000000
0.000802
0.000377
0.000000
0.000012
0.000000
0.000000
0.000113
0.000007
0.000000
0.000163
0.000000
0.000000
0.000000
0.000087
0.000000
0.000000
0.000000
0.000000
0.000000
0.000000
0.000000
0.000000
0.000000
0.000000
0.000000
0.000000
0.000000
0.000000
0.000000
0.000000
0.000000
0.000000
0.000111
0.000110
0.000973
0.000083
0.000307
0.000863
0.000294
0.000415
0.003180
0.000011
0.000008
0.000033
0.000013
0.000117
0.000071
0.000005
0.000134
0.000428
0.000000
0.000007
0.000214
0.000000
0.000000
0.000000
0.000000
0.000000
0.000000
0.000000
0.000000
0.000000
0.000000
0.000000
0.000000
0.000000
0.000000
0.000000
0.000000
0.000000
0.000000
0.000066
0.000000
0.000257
0.000000
0.000000
0.000000
0.000009
0.000000
0.000008
0.000522
0.000000
0.000075
0.000000
0.000000
0.000000
0.000071
0.000000
0.000009
0.000362
0.000000
0.000000
0.000000
0.000000
0.000000
0.000000
0.000000
0.000000
0.000000
0.000000
0.000000
0.000000
0.000000
0.000000
0.000000
0.000000
0.000000
0.000000
0.000000
0.000000
0.000000
0.000496
0.000404
0.000000
0.000000
0.000000
0.000000
0.000062
0.000011
0.000000
0.001471
0.000655
0.000000
0.000000
0.000000
0.000000
0.000067
0.000116
0.001135
0.000015
0.000165
0.000000
0.000000
0.000000
0.000000
0.000000
0.000000
0.000000
0.000000
0.000000
0.000007
0.000043
0.000013
0.000000
0.000000
0.000000
0.000000
0.000000
0.000000
0.000174
0.000014
0.000943
0.000000
0.000000
0.000000
0.000000
0.000000
0.000054
0.000130
0.000183
0.000592
0.000000
0.000000
0.000000
0.000000
0.000000
0.000015
0.000419
0.000050
0.000014
0.000000
0.000000
0.000000
0.000000
0.000000
0.000000
0.000000
0.000000
0.000000
0.000000
0.000054
0.000000
0.000000
0.000000
0.000000
0.000000
0.000000
0.000000
0.000000
0.000000
0.000000
0.000055
0.000000
0.000013
0.000027
0.000000
0.000000
0.000000
0.000000
0.000000
0.000249
0.000000
0.000127
0.000017
0.000000
0.000071
0.000187
0.000013
0.000000
0.000000
0.000000
0.000000
0.000000
0.000000
0.000000
0.000000
0.000000
0.000000
0.000000
0.000000
0.000000
0.000025
0.000000
0.000010
0.000000
0.000000
0.000000
0.000000
0.000000
0.000000
0.000000
0.000689
0.000174
0.000000
0.000054
0.000117
0.000000
0.000000
0.000000
0.000000
0.001881
0.000228
0.000000
0.000082
0.000101
0.001519
0.000114
0.000046
0.000000
0.000000
0.000000
0.000000
0.000000
0.000000
0.000000
0.000000
0.000000
0.000000
0.000000
0.000000
0.000000
0.000049
0.000006
0.000000
0.000000
0.000000
0.000000
0.000000
0.000000
0.000005
0.000022
0.000642
0.000000
0.000005
0.000130
0.000000
0.000000
0.000000
0.000159
0.000122
0.000388
0.000000
0.000000
0.000141
0.000405
0.000007
0.000012
0.000000
0.000000
0.000000
0.000000
0.000000
0.000000
0.000000
0.000000
0.000000
0.000000
0.000000
0.000000
0.000000
0.000006
0.000000
0.000000
0.000000
0.000000
0.000000
0.000000
0.000017
0.000000
0.000000
0.000045
0.000074
0.000000
0.000037
0.000032
0.000000
0.000000
0.000005
0.000000
0.000000
0.000062
0.000000
0.000000
0.000017
0.000000
0.000012
0.000000
0.000000
0.000000
0.000000
0.000000
0.000000
0.000000
0.000000
0.000000
0.000000
0.000000
0.000000
0.000000
0.000000
0.000000
0.000000
0.000000
0.000000
0.000000
0.000005
0.000007
0.000000
0.000011
0.000000
0.000000
0.000077
0.000144
0.000000
0.000105
0.000000
0.000000
0.000192
0.000000
0.000000
0.000098
0.000051
0.000132
0.000000
0.000000
0.000000
0.000000
0.000000
0.000000
0.000000
0.000000
0.000000
0.000000
0.000000
0.000000
0.000000
0.000000
0.000000
0.000000
0.000041
0.000000
0.000000
0.000000
0.000019
0.000000
0.000012
0.000000
0.000000
0.000032
0.000017
0.000000
0.000479
0.000087
0.000046
0.000045
0.000000
0.000088
0.000143
0.000000
0.000082
0.000044
0.000030
0.000013
0.000019
0.000000
0.000000
0.000000
0.000000
0.000000
0.000000
0.000000
0.000000
0.000000
0.000000
0.000000
0.000000
0.000000
0.000000
0.000000
0.000000
0.000000
0.000000
0.000000
0.000000
0.000000
0.000000
0.000000
0.000000
0.000000
0.000000
0.000000
0.000392
0.001529
0.000373
0.000224
0.001398
0.000434
0.000098
0.000126
0.000028
0.418162
0.000000
0.000162
0.000000
0.000000
0.000000
0.000000
0.000000
0.000000
0.000000
0.000000
0.000000
0.001417
0.004703
0.002049
0.001525
0.005134
0.002010
0.000165
0.000166
0.000308
0.000014
0.000000
0.000087
0.000000
0.000073
0.000015
0.000000
0.000006
0.000000
0.000014
0.000123
0.000062
0.000000
0.000021
0.000201
0.000000
0.000010
0.000033
0.000000
0.000361
0.000000
0.000000
0.000000
0.000089
0.000009
0.000000
0.000074
0.000000
0.000000
0.000000
0.000000
0.000015
0.000038
0.000000
0.000100
0.000027
0.000000
0.000013
0.000044
0.000082
0.000152
0.000372
0.000022
0.000087
0.000295
0.000051
0.000045
0.000098
0.000000
0.000034
0.000025
0.000000
0.000058
0.000016
0.000000
0.000000
0.000014
0.000043
0.000000
0.028825
0.000174
0.000040
0.000482
0.000145
0.000095
0.000379
0.000143
0.000026
0.000404
0.000013
0.000017
0.000024
0.000000
0.000025
0.000007
0.000008
0.000000
0.000000
0.000000
0.000000
0.000000
0.000000
0.000000
0.000000
0.000000
0.000000
0.000000
0.000000
0.000000
0.000000
0.000000
0.000000
0.000000
0.000000
0.000000
0.000000
0.000000
0.000000
0.000083
0.015590
0.000000
0.009760
0.000000
0.000000
0.000000
0.002113
0.000000
0.001337
0.000427
0.000000
0.000372
0.000000
0.000000
0.000000
0.000060
0.000000
0.000036
0.000000
0.000000
0.000000
0.000000
0.000000
0.000000
0.000000
0.000000
0.000000
0.000000
0.000000
0.000000
0.000000
0.000000
0.000000
0.000000
0.000000
0.000000
0.000000
0.000019
0.000139
0.000000
0.006913
0.003512
0.000000
0.000000
0.000000
0.000000
0.001608
0.000628
0.000000
0.002252
0.000141
0.000000
0.000000
0.000000
0.000000
0.000088
0.000000
0.000000
0.000000
0.000000
0.000000
0.000000
0.000000
0.000000
0.000000
0.000000
0.000000
0.000000
0.000000
0.000000
0.000000
0.000000
0.000000
0.000000
0.000000
0.000000
0.000064
0.000287
0.009692
0.005973
0.073974
0.000000
0.000000
0.000000
0.001245
0.001110
0.010731
0.000308
0.002236
0.004084
0.000000
0.000000
0.000000
0.000019
0.000061
0.000605
0.000000
0.000000
0.000000
0.000000
0.000000
0.000000
0.000000
0.000000
0.000000
0.000000
0.000000
0.000000
0.000000
0.000000
0.000000
0.000000
0.000000
0.000000
0.000000
0.000000
0.000076
0.000000
0.000000
0.000000
0.012593
0.000000
0.005935
0.001534
0.000000
0.001178
0.000000
0.000000
0.000000
0.000181
0.000000
0.000173
0.000019
0.000000
0.000098
0.000000
0.000000
0.000000
0.000000
0.000000
0.000000
0.000000
0.000000
0.000000
0.000000
0.000000
0.000000
0.000000
0.000000
0.000000
0.000000
0.000000
0.000000
0.000000
0.000025
0.000177
0.000000
0.000000
0.000000
0.000000
0.014161
0.007120
0.000000
0.000841
0.002070
0.000000
0.000000
0.000000
0.000000
0.001991
0.000012
0.000000
0.000005
0.000000
0.000000
0.000000
0.000000
0.000000
0.000000
0.000000
0.000000
0.000000
0.000000
0.000000
0.000000
0.000000
0.000000
0.000000
0.000000
0.000000
0.000000
0.000000
0.000000
0.000000
0.000196
0.000000
0.000000
0.000000
0.006082
0.005868
0.044811
0.001475
0.000528
0.011308
0.000000
0.000000
0.000000
0.000033
0.001459
0.001858
0.000011
0.000000
0.000057
0.000000
0.000000
0.000000
0.000000
0.000000
0.000000
0.000000
0.000000
0.000000
0.000000
0.000000
0.000000
0.000000
0.000000
0.000000
0.000000
0.000000
0.000000
0.000000
0.000000
0.000050
0.001263
0.000000
0.001864
0.001018
0.000000
0.001124
0.006231
0.000000
0.004443
0.000144
0.000000
0.000085
0.000086
0.000000
0.000102
0.000366
0.000000
0.000328
0.000000
0.000000
0.000000
0.000000
0.000000
0.000000
0.000000
0.000000
0.000000
0.000000
0.000000
0.000000
0.000000
0.000000
0.000000
0.000000
0.000000
0.000000
0.000000
0.000005
0.000089
0.000000
0.000862
0.000523
0.000000
0.002192
0.000912
0.000000
0.003402
0.001744
0.000000
0.000115
0.000000
0.000000
0.000257
0.000007
0.000000
0.000381
0.000000
0.000000
0.000000
0.000000
0.000000
0.000000
0.000000
0.000000
0.000000
0.000000
0.000000
0.000000
0.000000
0.000000
0.000000
0.000000
0.000000
0.000000
0.000000
0.000000
0.000081
0.000197
0.001764
0.000987
0.014434
0.000853
0.001521
0.006803
0.003921
0.002743
0.035489
0.000085
0.000350
0.000538
0.000022
0.000359
0.001070
0.000064
0.000508
0.001378
0.000000
0.000000
0.000000
0.000000
0.000000
0.000000
0.000000
0.000000
0.000000
0.000012
0.000069
0.000000
0.000000
0.000000
0.000000
0.000000
0.000000
0.000000
0.001366
0.000000
0.000009
0.000524
0.000000
0.000337
0.000000
0.000000
0.000000
0.000077
0.000000
0.000016
0.001672
0.000049
0.000441
0.000000
0.000000
0.000015
0.000112
0.000000
0.000014
0.000000
0.000000
0.000000
0.000000
0.000000
0.000000
0.000000
0.000000
0.000000
0.000008
0.000118
0.000052
0.000000
0.000000
0.000000
0.000000
0.000000
0.000000
0.007702
0.000076
0.000016
0.000000
0.000487
0.001160
0.000000
0.000000
0.000000
0.000000
0.000007
0.000105
0.000014
0.005624
0.002755
0.000000
0.000071
0.000000
0.000000
0.000120
0.000406
0.000000
0.000000
0.000000
0.000000
0.000000
0.000000
0.000000
0.000000
0.000000
0.000000
0.000061
0.000000
0.000000
0.000039
0.000000
0.000000
0.000000
0.000007
0.001561
0.000054
0.000039
0.000619
0.000023
0.004008
0.000000
0.000000
0.000000
0.000046
0.000000
0.000527
0.000421
0.003039
0.002884
0.000000
0.000000
0.000000
0.000000
0.000000
0.000245
0.000000
0.000000
0.000000
0.000000
0.000000
0.000000
0.000000
0.000000
0.000000
0.000000
0.000000
0.000007
0.000000
0.000011
0.000000
0.000000
0.000000
0.000000
0.000804
0.000010
0.000010
0.000000
0.000000
0.000000
0.000612
0.000000
0.000239
0.000055
0.000000
0.000036
0.000000
0.000006
0.000000
0.001084
0.000000
0.000276
0.000243
0.000000
0.000116
0.000000
0.000000
0.000000
0.000000
0.000000
0.000000
0.000000
0.000000
0.000000
0.000074
0.000062
0.000000
0.000000
0.000025
0.000000
0.000000
0.000012
0.000007
0.006515
0.000104
0.000025
0.000000
0.000000
0.000000
0.000000
0.001007
0.001467
0.000000
0.000059
0.000213
0.000000
0.000000
0.000000
0.000011
0.005580
0.002079
0.000000
0.000157
0.000499
0.000000
0.000000
0.000000
0.000000
0.000000
0.000000
0.000000
0.000000
0.000000
0.000000
0.000000
0.000000
0.000085
0.000011
0.000013
0.000000
0.000000
0.000000
0.001484
0.000103
0.000006
0.000000
0.000000
0.000000
0.000414
0.000105
0.003322
0.000000
0.000000
0.000492
0.000000
0.000000
0.000000
0.000249
0.001610
0.002052
0.000000
0.000000
0.000171
0.000000
0.000000
0.000000
0.000000
0.000000
0.000000
0.000000
0.000000
0.000000
0.000000
0.000000
0.000000
0.000000
0.000000
0.000000
0.000000
0.000000
0.000000
0.000257
0.000000
0.000000
0.000077
0.000000
0.000013
0.000036
0.000000
0.000042
0.000150
0.000000
0.000114
0.000127
0.000000
0.000000
0.000255
0.000007
0.000000
0.000181
0.000000
0.000102
0.000000
0.000000
0.000000
0.000000
0.000000
0.000000
0.000000
0.000000
0.000000
0.000000
0.000072
0.000000
0.000000
0.000000
0.000000
0.000000
0.000000
0.000000
0.000485
0.000050
0.000000
0.000000
0.000014
0.000000
0.000000
0.000000
0.000005
0.000000
0.000071
0.000264
0.000000
0.000170
0.000000
0.000000
0.000614
0.000000
0.000000
0.000160
0.000159
0.000000
0.000000
0.000000
0.000000
0.000000
0.000000
0.000000
0.000000
0.000000
0.000000
0.000000
0.000000
0.000000
0.000000
0.000000
0.000000
0.000000
0.000000
0.000325
0.000067
0.000014
0.000068
0.000000
0.000272
0.000000
0.000000
0.000117
0.000100
0.000000
0.001457
0.000065
0.000220
0.000159
0.000013
0.000752
0.000446
0.000111
0.000393
0.000615
