0.004250
0.009325
0.015404
0.002980
0.010668
0.010847
0.003231
0.003925
0.011498
0.001675
0.004476
0.001592
0.000789
0.006548
0.001943
0.000283
0.000804
0.001365
0.467431
0.000680
0.043961
0.021041
0.011855
0.077754
0.020425
0.025691
0.071481
0.016739
0.013789
0.072003
0.004959
0.015835
0.007375
0.004512
0.017922
0.009242
0.001033
0.001189
0.003479
0.001492
0.000000
0.001298
0.000000
0.000000
0.000000
0.000602
0.000000
0.000304
0.000426
0.000000
0.000108
0.000000
0.000000
0.000000
0.000000
0.000000
0.000000
0.000000
0.000000
0.000038
0.000000
0.000000
0.000000
0.000000
0.000000
0.000000
0.000000
0.000000
0.000000
0.000000
0.000000
0.000000
0.000000
0.000000
0.000000
0.000000
0.000000
0.000000
0.000000
0.006443
0.000786
0.000000
0.000000
0.000000
0.000000
0.000482
0.000508
0.000000
0.001163
0.000000
0.000000
0.000000
0.000000
0.000000
0.000000
0.000000
0.000000
0.000000
0.000000
0.000000
0.000000
0.000000
0.000000
0.000000
0.000000
0.000000
0.000000
0.000000
0.000000
0.000000
0.000000
0.000000
0.000000
0.000000
0.000000
0.000000
0.000000
0.001686
0.001707
0.009381
0.000000
0.000000
0.000000
0.000343
0.000426
0.000955
0.000054
0.000195
0.000474
0.000000
0.000000
0.000000
0.000000
0.000000
0.000026
0.000000
0.000000
0.000260
0.000000
0.000000
0.000000
0.000000
0.000000
0.000000
0.000000
0.000000
0.000000
0.000000
0.000000
0.000000
0.000000
0.000000
0.000000
0.000000
0.000000
0.000000
0.000000
0.000000
0.000000
0.001262
0.000000
0.001312
0.000242
0.000000
0.000092
0.000000
0.000000
0.000000
0.000049
0.000000
0.000036
0.000000
0.000000
0.000000
0.000000
0.000000
0.000000
0.000000
0.000000
0.000000
0.000000
0.000000
0.000000
0.000000
0.000000
0.000000
0.000000
0.000000
0.000000
0.000000
0.000000
0.000000
0.000000
0.000000
0.000000
0.000000
0.000000
0.000000
0.000000
0.007061
0.001016
0.000000
0.000313
0.000693
0.000000
0.000000
0.000000
0.000000
0.001108
0.000018
0.000000
0.000000
0.000000
0.000000
0.000031
0.000476
0.000000
0.000000
0.000000
0.000000
0.000000
0.000000
0.000000
0.000000
0.000000
0.000000
0.000000
0.000000
0.000000
0.000000
0.000000
0.000000
0.000000
0.000000
0.000000
0.000000
0.000000
0.000595
0.001483
0.006306
0.000244
0.000329
0.001194
0.000000
0.000000
0.000000
0.000088
0.000117
0.000229
0.000000
0.000000
0.000036
0.000000
0.000000
0.000220
0.000000
0.000000
0.000000
0.000000
0.000000
0.000000
0.000000
0.000000
0.000000
0.000000
0.000000
0.000000
0.000000
0.000000
0.000000
0.000000
0.000000
0.000000
0.000524
0.000000
0.000225
0.000256
0.000000
0.000037
0.001115
0.000000
0.000633
0.000000
0.000000
0.000000
0.000091
0.000000
0.000000
0.000115
0.000000
0.000249
0.000000
0.000000
0.000000
0.000000
0.000000
0.000000
0.000000
0.000000
0.000000
0.000000
0.000000
0.000000
0.000000
0.000000
0.000000
0.000000
0.000000
0.000000
0.000000
0.000000
0.000000
0.000000
0.000204
0.000440
0.000000
0.000695
0.000256
0.000000
0.000865
0.000928
0.000000
0.000000
0.000000
0.000000
0.000090
0.000000
0.000000
0.000120
0.000000
0.000000
0.000000
0.000027
0.000000
0.000000
0.000000
0.000000
0.000000
0.000000
0.000000
0.000000
0.000000
0.000000
0.000000
0.000000
0.000000
0.000000
0.000000
0.000000
0.000000
0.000000
0.000267
0.000201
0.002082
0.000490
0.000258
0.001343
0.000509
0.000679
0.004965
0.000000
0.000000
0.000106
0.000000
0.000082
0.000038
0.000000
0.000183
0.000282
0.000000
0.000000
0.000064
0.000000
0.000000
0.000000
0.000000
0.000000
0.000000
0.000000
0.000000
0.000000
0.000000
0.000000
0.000000
0.000000
0.000000
0.000000
0.000000
0.000000
0.000000
0.000161
0.000000
0.000042
0.000000
0.000000
0.000000
0.000000
0.000000
0.000000
0.000620
0.000000
0.000142
0.000000
0.000000
0.000000
0.000018
0.000000
0.000000
0.000614
0.000000
0.000000
0.000000
0.000000
0.000000
0.000000
0.000000
0.000000
0.000000
0.000000
0.000000
0.000000
0.000085
0.000000
0.000000
0.000000
0.000000
0.000000
0.000000
0.000000
0.000000
0.000424
0.000183
0.000000
0.000000
0.000000
0.000000
0.000067
0.000036
0.000000
0.001862
0.000126
0.000000
0.000000
0.000000
0.000000
0.000084
0.000000
0.001560
0.000137
0.000000
0.000000
0.000000
0.000000
0.000000
0.000000
0.000000
0.000000
0.000000
0.000000
0.000000
0.000027
0.000000
0.000000
0.000000
0.000000
0.000000
0.000000
0.000000
0.000000
0.000000
0.000341
0.000000
0.000000
0.000000
0.000000
0.000031
0.000074
0.000135
0.000261
0.000353
0.000000
0.000000
0.000000
0.000000
0.000000
0.000107
0.000254
0.000038
0.000000
0.000000
0.000000
0.000000
0.000000
0.000000
0.000000
0.000000
0.000000
0.000000
0.000000
0.000000
0.000000
0.000000
0.000000
0.000000
0.000000
0.000000
0.000000
0.000000
0.000000
0.000000
0.000026
0.000000
0.000000
0.000049
0.000000
0.000000
0.000000
0.000000
0.000000
0.000254
0.000000
0.000137
0.000072
0.000000
0.000000
0.000254
0.000000
0.000000
0.000000
0.000000
0.000000
0.000000
0.000000
0.000000
0.000000
0.000000
0.000000
0.000000
0.000000
0.000000
0.000000
0.000000
0.000000
0.000000
0.000000
0.000000
0.000000
0.000000
0.000000
0.000000
0.001044
0.000145
0.000000
0.000146
0.000140
0.000000
0.000000
0.000000
0.000000
0.002635
0.000145
0.000000
0.000135
0.000276
0.001772
0.000000
0.000000
0.000000
0.000000
0.000000
0.000000
0.000000
0.000000
0.000000
0.000000
0.000000
0.000000
0.000000
0.000000
0.000000
0.000061
0.000000
0.000000
0.000000
0.000000
0.000000
0.000000
0.000000
0.000365
0.000000
0.000279
0.000000
0.000000
0.000052
0.000000
0.000000
0.000000
0.000026
0.000180
0.000556
0.000000
0.000000
0.000058
0.000194
0.000000
0.000000
0.000000
0.000000
0.000000
0.000000
0.000000
0.000000
0.000000
0.000000
0.000000
0.000000
0.000000
0.000000
0.000000
0.000249
0.000000
0.000000
0.000000
0.000000
0.000000
0.000000
0.000000
0.000000
0.000000
0.000000
0.000038
0.000000
0.000052
0.000000
0.000000
0.000000
0.000000
0.000000
0.000000
0.000079
0.000000
0.000000
0.000115
0.000000
0.000000
0.000000
0.000000
0.000000
0.000000
0.000000
0.000000
0.000000
0.000000
0.000000
0.000000
0.000000
0.000000
0.000000
0.000000
0.000000
0.000000
0.000000
0.000000
0.000000
0.000036
0.000000
0.000000
0.000058
0.000000
0.000000
0.000107
0.000148
0.000000
0.000082
0.000000
0.000000
0.000165
0.000000
0.000000
0.000119
0.000000
0.000092
0.000000
0.000000
0.000000
0.000000
0.000000
0.000000
0.000000
0.000000
0.000000
0.000000
0.000000
0.000000
0.000000
0.000000
0.000000
0.000000
0.000000
0.000000
0.000000
0.000000
0.000000
0.000000
0.000000
0.000000
0.000000
0.000049
0.000102
0.000036
0.000371
0.000085
0.000000
0.000000
0.000000
0.000026
0.000274
0.000000
0.000036
0.000195
0.000199
0.000000
0.000000
0.000000
0.000000
0.000000
0.000000
0.000000
0.000000
0.000000
0.000000
0.000000
0.000000
0.000000
0.000000
0.000000
0.000000
0.000000
0.000000
0.000000
0.000000
0.000000
0.000000
0.000000
0.000000
0.000000
0.000000
0.000000
0.000000
0.000000
0.000364
0.000857
0.000284
0.000234
0.001643
0.000143
0.000000
0.000130
0.000076
0.446233
0.000000
0.000146
0.000000
0.000000
0.000000
0.000000
0.000000
0.000000
0.000000
0.000000
0.000000
0.001260
0.002663
0.000689
0.001861
0.005598
0.001777
0.000081
0.000271
0.000405
0.000000
0.000000
0.000000
0.000000
0.000000
0.000000
0.000000
0.000056
0.000074
0.000000
0.000000
0.000000
0.000049
0.000173
0.000000
0.000000
0.000000
0.000038
0.000000
0.000086
0.000000
0.000000
0.000000
0.000000
0.000000
0.000000
0.000031
0.000000
0.000000
0.000000
0.000000
0.000000
0.000053
0.000000
0.000038
0.000000
0.000000
0.000000
0.000085
0.000138
0.000384
0.000728
0.000000
0.000090
0.000154
0.000000
0.000419
0.000329
0.000000
0.000024
0.000000
0.000000
0.000112
0.000053
0.000000
0.000000
0.000000
0.000064
0.000000
0.039739
0.000000
0.000249
0.000250
0.000148
0.000181
0.000220
0.000053
0.000084
0.000590
0.000000
0.000035
0.000000
0.000000
0.000038
0.000000
0.000000
0.000000
0.000000
0.000000
0.000000
0.000000
0.000000
0.000000
0.000000
0.000000
0.000000
0.000000
0.000000
0.000000
0.000000
0.000000
0.000000
0.000000
0.000000
0.000000
0.000000
0.000000
0.000000
0.000091
0.012052
0.000000
0.004488
0.000000
0.000000
0.000000
0.002189
0.000000
0.001739
0.000393
0.000000
0.000191
0.000000
0.000000
0.000000
0.000000
0.000000
0.000069
0.000000
0.000000
0.000000
0.000000
0.000000
0.000000
0.000000
0.000000
0.000000
0.000000
0.000000
0.000000
0.000000
0.000000
0.000000
0.000000
0.000000
0.000000
0.000000
0.000000
0.000201
0.000000
0.005206
0.002343
0.000000
0.000000
0.000000
0.000000
0.001604
0.000293
0.000000
0.002155
0.000085
0.000000
0.000000
0.000000
0.000000
0.000027
0.000000
0.000000
0.000000
0.000000
0.000000
0.000000
0.000000
0.000000
0.000000
0.000000
0.000000
0.000000
0.000000
0.000000
0.000000
0.000000
0.000000
0.000000
0.000000
0.000000
0.000000
0.000690
0.005331
0.004274
0.051453
0.000000
0.000000
0.000000
0.000536
0.001386
0.008364
0.000202
0.002751
0.003091
0.000000
0.000000
0.000000
0.000000
0.000000
0.000139
0.000000
0.000000
0.000000
0.000000
0.000000
0.000000
0.000000
0.000000
0.000000
0.000000
0.000000
0.000000
0.000000
0.000000
0.000000
0.000000
0.000000
0.000000
0.000000
0.000000
0.000088
0.000000
0.000000
0.000000
0.010937
0.000000
0.005284
0.002857
0.000000
0.001050
0.000000
0.000000
0.000000
0.000115
0.000000
0.000248
0.000000
0.000000
0.000000
0.000000
0.000000
0.000000
0.000000
0.000000
0.000000
0.000000
0.000000
0.000000
0.000000
0.000000
0.000000
0.000000
0.000000
0.000000
0.000000
0.000000
0.000000
0.000000
0.000056
0.000144
0.000000
0.000000
0.000000
0.000000
0.014055
0.006513
0.000000
0.001162
0.001646
0.000000
0.000000
0.000000
0.000000
0.002172
0.000026
0.000000
0.000024
0.000038
0.000000
0.000000
0.000000
0.000000
0.000000
0.000000
0.000000
0.000000
0.000000
0.000000
0.000000
0.000000
0.000000
0.000000
0.000000
0.000000
0.000000
0.000000
0.000000
0.000000
0.000760
0.000000
0.000000
0.000000
0.006624
0.005268
0.042500
0.000905
0.000996
0.012323
0.000000
0.000000
0.000000
0.000105
0.000547
0.001695
0.000000
0.000000
0.000000
0.000000
0.000000
0.000000
0.000000
0.000000
0.000000
0.000000
0.000000
0.000000
0.000000
0.000000
0.000000
0.000000
0.000000
0.000000
0.000000
0.000000
0.000000
0.000000
0.000000
0.000106
0.001074
0.000000
0.002804
0.000917
0.000000
0.000637
0.006161
0.000000
0.004364
0.000187
0.000000
0.000000
0.000055
0.000000
0.000027
0.000402
0.000000
0.000170
0.000000
0.000000
0.000000
0.000000
0.000000
0.000000
0.000000
0.000000
0.000000
0.000000
0.000000
0.000000
0.000000
0.000000
0.000000
0.000000
0.000000
0.000000
0.000000
0.000000
0.000056
0.000000
0.001130
0.000584
0.000000
0.002363
0.000834
0.000000
0.005070
0.003179
0.000000
0.000323
0.000000
0.000000
0.000115
0.000038
0.000000
0.000171
0.000017
0.000000
0.000000
0.000000
0.000000
0.000000
0.000000
0.000000
0.000000
0.000000
0.000000
0.000000
0.000000
0.000000
0.000000
0.000000
0.000000
0.000000
0.000000
0.000000
0.000056
0.000685
0.002081
0.000523
0.013720
0.000473
0.001962
0.007893
0.004007
0.003097
0.035153
0.000249
0.000000
0.000378
0.000027
0.000784
0.000369
0.000126
0.000086
0.000977
0.000000
0.000000
0.000000
0.000000
0.000000
0.000000
0.000000
0.000000
0.000000
0.000000
0.000000
0.000000
0.000000
0.000000
0.000000
0.000000
0.000000
0.000000
0.002033
0.000000
0.000000
0.000558
0.000000
0.000281
0.000000
0.000000
0.000000
0.000000
0.000000
0.000124
0.001547
0.000148
0.000251
0.000000
0.000000
0.000000
0.000047
0.000000
0.000000
0.000000
0.000000
0.000000
0.000000
0.000000
0.000000
0.000000
0.000000
0.000000
0.000000
0.000036
0.000000
0.000000
0.000000
0.000000
0.000000
0.000000
0.000000
0.006698
0.000064
0.000000
0.000000
0.000515
0.000445
0.000000
0.000000
0.000000
0.000000
0.000036
0.000074
0.000000
0.005761
0.001514
0.000498
0.000000
0.000000
0.000000
0.000140
0.000199
0.000000
0.000000
0.000000
0.000000
0.000000
0.000000
0.000000
0.000000
0.000000
0.000000
0.000027
0.000000
0.000000
0.000000
0.000329
0.000000
0.000000
0.000031
0.000736
0.000038
0.000000
0.000034
0.000017
0.001686
0.000000
0.000000
0.000000
0.000000
0.000000
0.000768
0.000848
0.001936
0.000966
0.000000
0.000000
0.000000
0.000000
0.000000
0.000000
0.000000
0.000000
0.000000
0.000000
0.000000
0.000000
0.000000
0.000000
0.000000
0.000000
0.000000
0.000000
0.000000
0.000000
0.000000
0.000000
0.000000
0.000000
0.000746
0.000000
0.000031
0.000000
0.000000
0.000000
0.001375
0.000000
0.000306
0.000000
0.000000
0.000000
0.000000
0.000000
0.000000
0.001292
0.000000
0.000323
0.000249
0.000000
0.000227
0.000000
0.000000
0.000000
0.000000
0.000000
0.000000
0.000000
0.000000
0.000000
0.000000
0.000000
0.000000
0.000000
0.000249
0.000000
0.000000
0.000000
0.000000
0.005656
0.000049
0.000081
0.000000
0.000000
0.000000
0.000000
0.001546
0.001101
0.000000
0.000043
0.000166
0.000000
0.000000
0.000000
0.000000
0.005846
0.002872
0.000000
0.000024
0.000408
0.000000
0.000000
0.000000
0.000000
0.000000
0.000000
0.000000
0.000000
0.000000
0.000000
0.000000
0.000000
0.000000
0.000000
0.000000
0.000000
0.000000
0.000000
0.000674
0.000074
0.000081
0.000000
0.000000
0.000000
0.000105
0.000000
0.004024
0.000079
0.000000
0.000424
0.000000
0.000000
0.000000
0.000072
0.001789
0.001589
0.000000
0.000000
0.000385
0.000000
0.000000
0.000000
0.000000
0.000000
0.000000
0.000000
0.000000
0.000000
0.000000
0.000000
0.000000
0.000000
0.000000
0.000000
0.000000
0.000000
0.000000
0.000054
0.000053
0.000249
0.000081
0.000000
0.000000
0.000000
0.000000
0.000000
0.000000
0.000000
0.000047
0.000164
0.000000
0.000000
0.000310
0.000000
0.000000
0.000081
0.000000
0.000000
0.000000
0.000000
0.000000
0.000000
0.000000
0.000000
0.000000
0.000000
0.000000
0.000000
0.000000
0.000000
0.000000
0.000000
0.000000
0.000000
0.000000
0.000000
0.000286
0.000000
0.000000
0.000000
0.000000
0.000056
0.000000
0.000000
0.000055
0.000000
0.000024
0.000193
0.000000
0.000043
0.000000
0.000000
0.000129
0.000000
0.000000
0.000299
0.000107
0.000000
0.000000
0.000000
0.000000
0.000000
0.000000
0.000000
0.000000
0.000000
0.000000
0.000000
0.000000
0.000000
0.000000
0.000000
0.000000
0.000000
0.000000
0.000104
0.000000
0.000000
0.000000
0.000000
0.000246
0.000000
0.000000
0.000053
0.000118
0.000000
0.001398
0.000138
0.000054
0.000200
0.000061
0.000441
0.000208
0.000054
0.000151
0.000266
