0.010424
0.011336
0.010677
0.005065
0.015145
0.007749
0.002995
0.002660
0.003963
0.001051
0.002390
0.000573
0.000582
0.003889
0.000554
0.000109
0.000193
0.000242
0.509068
0.000029
0.032010
0.043100
0.032721
0.066712
0.042509
0.050529
0.059245
0.016677
0.012104
0.023734
0.003241
0.009719
0.001547
0.002972
0.011420
0.001967
0.000112
0.000542
0.000445
0.007022
0.000000
0.002023
0.000000
0.000000
0.000000
0.000678
0.000000
0.000289
0.000305
0.000000
0.000071
0.000000
0.000000
0.000000
0.000041
0.000000
0.000000
0.000000
0.000000
0.000020
0.000000
0.000000
0.000000
0.000000
0.000000
0.000000
0.000000
0.000000
0.000000
0.000000
0.000000
0.000000
0.000000
0.000000
0.000000
0.000000
0.000000
0.000000
0.000000
0.008571
0.001577
0.000000
0.000000
0.000000
0.000000
0.000464
0.000126
0.000000
0.000571
0.000000
0.000000
0.000000
0.000000
0.000000
0.000029
0.000000
0.000000
0.000000
0.000000
0.000000
0.000000
0.000000
0.000000
0.000000
0.000000
0.000000
0.000000
0.000000
0.000000
0.000000
0.000000
0.000000
0.000000
0.000000
0.000000
0.000000
0.000000
0.002072
0.001643
0.005844
0.000000
0.000000
0.000000
0.000067
0.000150
0.000489
0.000030
0.000060
0.000197
0.000000
0.000000
0.000000
0.000000
0.000000
0.000000
0.000000
0.000000
0.000149
0.000000
0.000000
0.000000
0.000000
0.000000
0.000000
0.000000
0.000000
0.000000
0.000000
0.000000
0.000000
0.000000
0.000000
0.000000
0.000000
0.000000
0.000000
0.000000
0.000000
0.000000
0.003478
0.000000
0.000832
0.000443
0.000000
0.000068
0.000000
0.000000
0.000000
0.000146
0.000000
0.000026
0.000000
0.000000
0.000000
0.000000
0.000000
0.000037
0.000000
0.000000
0.000000
0.000000
0.000000
0.000000
0.000000
0.000000
0.000000
0.000000
0.000000
0.000000
0.000000
0.000000
0.000000
0.000000
0.000000
0.000000
0.000000
0.000000
0.000000
0.000000
0.012073
0.001406
0.000000
0.000584
0.000272
0.000000
0.000000
0.000000
0.000000
0.000739
0.000020
0.000000
0.000000
0.000000
0.000000
0.000000
0.000049
0.000000
0.000000
0.000000
0.000000
0.000000
0.000000
0.000000
0.000000
0.000000
0.000000
0.000000
0.000000
0.000000
0.000000
0.000000
0.000000
0.000000
0.000000
0.000000
0.000000
0.000000
0.000957
0.001409
0.004440
0.000155
0.000078
0.000484
0.000000
0.000000
0.000000
0.000000
0.000061
0.000048
0.000000
0.000000
0.000034
0.000000
0.000000
0.000094
0.000000
0.000000
0.000000
0.000000
0.000000
0.000000
0.000000
0.000000
0.000000
0.000000
0.000000
0.000000
0.000000
0.000000
0.000000
0.000000
0.000000
0.000000
0.000584
0.000000
0.000165
0.000345
0.000000
0.000132
0.001302
0.000000
0.000281
0.000000
0.000000
0.000000
0.000019
0.000000
0.000000
0.000000
0.000000
0.000128
0.000000
0.000000
0.000044
0.000000
0.000000
0.000000
0.000000
0.000000
0.000000
0.000000
0.000000
0.000000
0.000000
0.000000
0.000000
0.000000
0.000000
0.000000
0.000000
0.000000
0.000000
0.000000
0.000395
0.000146
0.000000
0.000539
0.000075
0.000000
0.000781
0.000602
0.000000
0.000009
0.000000
0.000000
0.000080
0.000000
0.000000
0.000037
0.000000
0.000000
0.000000
0.000000
0.000000
0.000000
0.000000
0.000000
0.000000
0.000000
0.000000
0.000000
0.000000
0.000000
0.000000
0.000000
0.000000
0.000000
0.000000
0.000000
0.000000
0.000000
0.000457
0.000143
0.000540
0.000151
0.000164
0.000595
0.000280
0.000306
0.001235
0.000000
0.000000
0.000000
0.000000
0.000014
0.000000
0.000000
0.000028
0.000056
0.000000
0.000000
0.000000
0.000000
0.000000
0.000000
0.000000
0.000000
0.000000
0.000000
0.000000
0.000000
0.000000
0.000000
0.000000
0.000000
0.000000
0.000000
0.000000
0.000000
0.000000
0.000120
0.000000
0.000032
0.000000
0.000000
0.000000
0.000000
0.000000
0.000000
0.000455
0.000000
0.000061
0.000000
0.000000
0.000000
0.000009
0.000000
0.000000
0.000377
0.000000
0.000000
0.000000
0.000000
0.000000
0.000000
0.000000
0.000000
0.000000
0.000000
0.000000
0.000000
0.000000
0.000000
0.000000
0.000000
0.000000
0.000000
0.000000
0.000000
0.000000
0.000393
0.000020
0.000000
0.000000
0.000000
0.000000
0.000028
0.000000
0.000000
0.001040
0.000100
0.000000
0.000000
0.000000
0.000000
0.000014
0.000000
0.000709
0.000000
0.000000
0.000000
0.000000
0.000000
0.000000
0.000000
0.000000
0.000000
0.000000
0.000000
0.000000
0.000071
0.000000
0.000000
0.000020
0.000000
0.000000
0.000000
0.000000
0.000000
0.000000
0.000182
0.000000
0.000000
0.000000
0.000000
0.000000
0.000038
0.000027
0.000124
0.000085
0.000000
0.000000
0.000000
0.000000
0.000000
0.000000
0.000116
0.000000
0.000000
0.000000
0.000000
0.000000
0.000000
0.000000
0.000000
0.000000
0.000000
0.000000
0.000000
0.000000
0.000000
0.000000
0.000000
0.000000
0.000000
0.000000
0.000000
0.000000
0.000000
0.000000
0.000053
0.000000
0.000020
0.000020
0.000000
0.000000
0.000000
0.000000
0.000000
0.000183
0.000000
0.000051
0.000018
0.000000
0.000026
0.000213
0.000000
0.000000
0.000000
0.000000
0.000000
0.000000
0.000000
0.000000
0.000000
0.000000
0.000000
0.000000
0.000000
0.000000
0.000000
0.000000
0.000000
0.000000
0.000000
0.000000
0.000000
0.000000
0.000000
0.000000
0.000852
0.000018
0.000000
0.000217
0.000000
0.000000
0.000000
0.000000
0.000000
0.001706
0.000091
0.000000
0.000000
0.000000
0.000969
0.000000
0.000044
0.000000
0.000000
0.000000
0.000000
0.000000
0.000000
0.000000
0.000000
0.000000
0.000000
0.000000
0.000000
0.000000
0.000000
0.000000
0.000000
0.000000
0.000000
0.000000
0.000000
0.000000
0.000046
0.000013
0.000166
0.000000
0.000000
0.000014
0.000000
0.000000
0.000000
0.000048
0.000020
0.000052
0.000000
0.000000
0.000000
0.000196
0.000000
0.000000
0.000000
0.000000
0.000000
0.000000
0.000000
0.000000
0.000000
0.000000
0.000000
0.000000
0.000000
0.000000
0.000000
0.000000
0.000000
0.000000
0.000000
0.000000
0.000000
0.000000
0.000000
0.000000
0.000000
0.000000
0.000027
0.000000
0.000000
0.000000
0.000000
0.000000
0.000000
0.000000
0.000000
0.000041
0.000000
0.000000
0.000041
0.000000
0.000000
0.000000
0.000000
0.000000
0.000000
0.000000
0.000000
0.000000
0.000000
0.000000
0.000000
0.000000
0.000000
0.000000
0.000000
0.000000
0.000000
0.000000
0.000000
0.000000
0.000019
0.000000
0.000000
0.000000
0.000000
0.000000
0.000014
0.000000
0.000000
0.000037
0.000000
0.000000
0.000000
0.000000
0.000000
0.000048
0.000000
0.000076
0.000000
0.000000
0.000000
0.000000
0.000000
0.000000
0.000000
0.000000
0.000000
0.000000
0.000000
0.000000
0.000000
0.000000
0.000000
0.000000
0.000000
0.000000
0.000000
0.000000
0.000000
0.000000
0.000000
0.000000
0.000000
0.000000
0.000000
0.000000
0.000026
0.000014
0.000000
0.000000
0.000000
0.000013
0.000170
0.000000
0.000020
0.000000
0.000000
0.000000
0.000000
0.000000
0.000000
0.000000
0.000000
0.000000
0.000000
0.000000
0.000000
0.000000
0.000000
0.000000
0.000000
0.000000
0.000000
0.000000
0.000000
0.000000
0.000000
0.000000
0.000000
0.000000
0.000000
0.000000
0.000000
0.000000
0.000000
0.000000
0.000222
0.000555
0.000060
0.000162
0.001084
0.000059
0.000000
0.000019
0.000000
0.497685
0.000000
0.000000
0.000000
0.000000
0.000000
0.000000
0.000000
0.000000
0.000000
0.000000
0.000000
0.000704
0.001739
0.000169
0.001302
0.003653
0.000320
0.000000
0.000111
0.000018
0.000000
0.000000
0.000000
0.000000
0.000000
0.000000
0.000000
0.000000
0.000000
0.000000
0.000000
0.000000
0.000000
0.000029
0.000000
0.000000
0.000000
0.000000
0.000000
0.000000
0.000000
0.000000
0.000000
0.000000
0.000000
0.000000
0.000000
0.000000
0.000000
0.000000
0.000000
0.000000
0.000000
0.000000
0.000000
0.000000
0.000000
0.000000
0.000000
0.000192
0.000197
0.000174
0.000039
0.000108
0.000075
0.000029
0.000042
0.000044
0.000000
0.000000
0.000000
0.000000
0.000042
0.000000
0.000000
0.000000
0.000000
0.000000
0.000000
0.030298
0.000028
0.000147
0.000128
0.000066
0.000147
0.000119
0.000000
0.000084
0.000037
0.000033
0.000000
0.000000
0.000000
0.000000
0.000000
0.000000
0.000000
0.000000
0.000000
0.000000
0.000000
0.000000
0.000000
0.000000
0.000000
0.000000
0.000000
0.000000
0.000000
0.000000
0.000000
0.000000
0.000000
0.000000
0.000000
0.000000
0.000000
0.000000
0.000127
0.029639
0.000000
0.009143
0.000000
0.000000
0.000000
0.002676
0.000000
0.000923
0.000675
0.000000
0.000090
0.000000
0.000000
0.000000
0.000000
0.000000
0.000000
0.000000
0.000000
0.000000
0.000000
0.000000
0.000000
0.000000
0.000000
0.000000
0.000000
0.000000
0.000000
0.000000
0.000000
0.000000
0.000000
0.000000
0.000000
0.000000
0.000000
0.000095
0.000000
0.020279
0.007004
0.000000
0.000000
0.000000
0.000000
0.001977
0.000181
0.000000
0.003226
0.000057
0.000000
0.000000
0.000000
0.000000
0.000000
0.000000
0.000000
0.000000
0.000000
0.000000
0.000000
0.000000
0.000000
0.000000
0.000000
0.000000
0.000000
0.000000
0.000000
0.000000
0.000000
0.000000
0.000000
0.000000
0.000000
0.000000
0.000183
0.008016
0.009412
0.042984
0.000000
0.000000
0.000000
0.000554
0.000648
0.004040
0.000315
0.000309
0.000429
0.000000
0.000000
0.000000
0.000000
0.000036
0.000000
0.000000
0.000000
0.000000
0.000000
0.000000
0.000000
0.000000
0.000000
0.000000
0.000000
0.000000
0.000000
0.000000
0.000000
0.000000
0.000000
0.000000
0.000000
0.000000
0.000000
0.000073
0.000000
0.000000
0.000000
0.030110
0.000000
0.008158
0.003011
0.000000
0.001041
0.000000
0.000000
0.000000
0.000199
0.000000
0.000073
0.000000
0.000000
0.000000
0.000000
0.000000
0.000000
0.000000
0.000000
0.000000
0.000000
0.000000
0.000000
0.000000
0.000000
0.000000
0.000000
0.000000
0.000000
0.000000
0.000000
0.000000
0.000000
0.000000
0.000351
0.000000
0.000000
0.000000
0.000000
0.035297
0.008863
0.000000
0.002497
0.001658
0.000000
0.000000
0.000000
0.000000
0.001922
0.000000
0.000000
0.000056
0.000000
0.000000
0.000000
0.000000
0.000000
0.000000
0.000000
0.000000
0.000000
0.000000
0.000000
0.000000
0.000000
0.000000
0.000000
0.000000
0.000000
0.000000
0.000000
0.000000
0.000000
0.000256
0.000000
0.000000
0.000000
0.008690
0.007963
0.035526
0.001139
0.000521
0.004195
0.000000
0.000000
0.000000
0.000038
0.000658
0.000398
0.000000
0.000000
0.000000
0.000000
0.000000
0.000000
0.000000
0.000000
0.000000
0.000000
0.000000
0.000000
0.000000
0.000000
0.000000
0.000000
0.000000
0.000000
0.000000
0.000000
0.000000
0.000000
0.000000
0.000162
0.003859
0.000000
0.001277
0.002001
0.000000
0.000763
0.006498
0.000000
0.001918
0.000042
0.000000
0.000029
0.000146
0.000000
0.000000
0.000028
0.000000
0.000029
0.000000
0.000000
0.000000
0.000000
0.000000
0.000000
0.000000
0.000000
0.000000
0.000000
0.000000
0.000000
0.000000
0.000000
0.000000
0.000000
0.000000
0.000000
0.000000
0.000000
0.000033
0.000000
0.001520
0.000747
0.000000
0.003069
0.000774
0.000000
0.004270
0.001613
0.000000
0.000009
0.000000
0.000000
0.000050
0.000009
0.000000
0.000014
0.000000
0.000000
0.000000
0.000000
0.000000
0.000000
0.000000
0.000000
0.000000
0.000000
0.000000
0.000000
0.000000
0.000000
0.000000
0.000000
0.000000
0.000000
0.000000
0.000000
0.000000
0.000039
0.001146
0.000703
0.004540
0.000849
0.001230
0.002514
0.002553
0.002014
0.007744
0.000029
0.000028
0.000076
0.000032
0.000036
0.000032
0.000018
0.000078
0.000164
0.000000
0.000000
0.000000
0.000000
0.000000
0.000000
0.000000
0.000000
0.000000
0.000000
0.000000
0.000000
0.000000
0.000000
0.000000
0.000000
0.000000
0.000000
0.001282
0.000000
0.000000
0.000546
0.000000
0.000053
0.000000
0.000000
0.000000
0.000025
0.000000
0.000000
0.001221
0.000000
0.000080
0.000000
0.000000
0.000000
0.000000
0.000000
0.000000
0.000000
0.000000
0.000000
0.000000
0.000000
0.000000
0.000000
0.000000
0.000000
0.000000
0.000000
0.000000
0.000000
0.000053
0.000000
0.000000
0.000000
0.000000
0.003755
0.000000
0.000000
0.000000
0.000722
0.000479
0.000000
0.000000
0.000000
0.000000
0.000073
0.000070
0.000000
0.004142
0.000378
0.000000
0.000000
0.000000
0.000000
0.000055
0.000033
0.000000
0.000000
0.000000
0.000000
0.000000
0.000000
0.000000
0.000000
0.000000
0.000000
0.000000
0.000000
0.000000
0.000000
0.000000
0.000000
0.000000
0.000000
0.000224
0.000000
0.000000
0.000038
0.000009
0.000579
0.000000
0.000000
0.000000
0.000000
0.000000
0.000000
0.000232
0.000224
0.000243
0.000000
0.000000
0.000000
0.000000
0.000000
0.000000
0.000000
0.000000
0.000000
0.000000
0.000000
0.000000
0.000000
0.000000
0.000000
0.000000
0.000000
0.000000
0.000000
0.000028
0.000000
0.000000
0.000000
0.000000
0.000448
0.000000
0.000000
0.000000
0.000000
0.000000
0.000885
0.000000
0.000118
0.000142
0.000000
0.000000
0.000000
0.000000
0.000000
0.001127
0.000000
0.000089
0.000067
0.000000
0.000079
0.000000
0.000000
0.000000
0.000000
0.000000
0.000000
0.000000
0.000000
0.000000
0.000000
0.000000
0.000000
0.000026
0.000029
0.000039
0.000000
0.000000
0.000000
0.003060
0.000029
0.000013
0.000000
0.000000
0.000000
0.000000
0.001809
0.000963
0.000000
0.000000
0.000041
0.000000
0.000000
0.000000
0.000000
0.004490
0.000821
0.000000
0.000055
0.000080
0.000000
0.000000
0.000000
0.000000
0.000000
0.000000
0.000000
0.000000
0.000000
0.000000
0.000000
0.000000
0.000000
0.000000
0.000000
0.000000
0.000000
0.000000
0.000207
0.000000
0.000000
0.000000
0.000000
0.000000
0.000066
0.000000
0.000979
0.000018
0.000000
0.000124
0.000000
0.000000
0.000000
0.000033
0.000302
0.000200
0.000000
0.000000
0.000043
0.000000
0.000000
0.000000
0.000000
0.000000
0.000000
0.000000
0.000000
0.000000
0.000000
0.000000
0.000000
0.000000
0.000000
0.000000
0.000000
0.000000
0.000000
0.000018
0.000000
0.000000
0.000000
0.000000
0.000000
0.000000
0.000000
0.000000
0.000042
0.000000
0.000025
0.000000
0.000000
0.000000
0.000028
0.000000
0.000000
0.000000
0.000000
0.000000
0.000000
0.000000
0.000000
0.000000
0.000000
0.000000
0.000000
0.000000
0.000000
0.000000
0.000000
0.000000
0.000000
0.000000
0.000000
0.000000
0.000000
0.000000
0.000122
0.000000
0.000000
0.000000
0.000029
0.000000
0.000000
0.000056
0.000000
0.000000
0.000060
0.000075
0.000000
0.000012
0.000000
0.000000
0.000050
0.000000
0.000000
0.000138
0.000000
0.000000
0.000000
0.000000
0.000000
0.000000
0.000000
0.000000
0.000000
0.000000
0.000000
0.000000
0.000000
0.000000
0.000000
0.000000
0.000000
0.000000
0.000000
0.000000
0.000000
0.000000
0.000000
0.000000
0.000020
0.000000
0.000000
0.000000
0.000094
0.000000
0.000139
0.000000
0.000000
0.000000
0.000000
0.000164
0.000029
0.000000
0.000000
0.000000
