0.007593
0.011606
0.010492
0.003131
0.011008
0.007900
0.001910
0.002051
0.002776
0.000850
0.002876
0.000730
0.000673
0.003296
0.000618
0.000091
0.000144
0.000053
0.469457
0.000386
0.027974
0.061514
0.038374
0.090797
0.042727
0.049676
0.059027
0.017181
0.010739
0.026876
0.002964
0.012243
0.003426
0.002258
0.012345
0.002554
0.000468
0.000640
0.000577
0.005361
0.000000
0.001367
0.000000
0.000000
0.000000
0.000456
0.000000
0.000205
0.000089
0.000000
0.000033
0.000000
0.000000
0.000000
0.000005
0.000000
0.000000
0.000000
0.000000
0.000101
0.000000
0.000000
0.000000
0.000000
0.000000
0.000000
0.000000
0.000000
0.000000
0.000000
0.000000
0.000000
0.000000
0.000000
0.000000
0.000000
0.000000
0.000000
0.000000
0.008708
0.001596
0.000000
0.000000
0.000000
0.000000
0.000511
0.000038
0.000000
0.000430
0.000000
0.000000
0.000000
0.000000
0.000000
0.000006
0.000000
0.000000
0.000045
0.000285
0.000000
0.000000
0.000000
0.000000
0.000000
0.000000
0.000000
0.000000
0.000000
0.000000
0.000000
0.000000
0.000000
0.000000
0.000000
0.000000
0.000000
0.000000
0.001536
0.001638
0.006204
0.000000
0.000000
0.000000
0.000041
0.000052
0.000514
0.000017
0.000121
0.000245
0.000000
0.000000
0.000000
0.000000
0.000000
0.000000
0.000000
0.000013
0.000121
0.000000
0.000000
0.000000
0.000000
0.000000
0.000000
0.000000
0.000000
0.000000
0.000000
0.000000
0.000000
0.000000
0.000000
0.000000
0.000000
0.000000
0.000000
0.000000
0.000000
0.000000
0.001938
0.000000
0.000828
0.000202
0.000000
0.000008
0.000000
0.000000
0.000000
0.000095
0.000000
0.000003
0.000003
0.000000
0.000000
0.000000
0.000000
0.000063
0.000000
0.000000
0.000000
0.000000
0.000000
0.000000
0.000000
0.000000
0.000000
0.000000
0.000000
0.000000
0.000000
0.000000
0.000000
0.000000
0.000000
0.000000
0.000000
0.000000
0.000000
0.000000
0.008236
0.001273
0.000000
0.000432
0.000100
0.000000
0.000000
0.000000
0.000000
0.000676
0.000026
0.000000
0.000004
0.000000
0.000000
0.000000
0.000134
0.000000
0.000000
0.000000
0.000000
0.000000
0.000000
0.000000
0.000000
0.000000
0.000000
0.000000
0.000000
0.000000
0.000000
0.000000
0.000000
0.000000
0.000000
0.000000
0.000000
0.000000
0.000702
0.001498
0.004696
0.000107
0.000055
0.000475
0.000000
0.000000
0.000000
0.000053
0.000056
0.000146
0.000000
0.000000
0.000000
0.000000
0.000005
0.000055
0.000000
0.000000
0.000000
0.000000
0.000000
0.000000
0.000000
0.000000
0.000000
0.000000
0.000000
0.000000
0.000000
0.000000
0.000000
0.000000
0.000000
0.000000
0.000293
0.000000
0.000085
0.000261
0.000000
0.000204
0.000800
0.000000
0.000237
0.000006
0.000000
0.000000
0.000005
0.000000
0.000003
0.000008
0.000000
0.000006
0.000000
0.000000
0.000011
0.000000
0.000000
0.000000
0.000000
0.000000
0.000000
0.000000
0.000000
0.000000
0.000000
0.000000
0.000000
0.000000
0.000000
0.000000
0.000000
0.000000
0.000000
0.000000
0.000339
0.000075
0.000000
0.000403
0.000096
0.000000
0.000623
0.000243
0.000000
0.000030
0.000000
0.000000
0.000080
0.000000
0.000000
0.000054
0.000000
0.000000
0.000000
0.000022
0.000000
0.000000
0.000000
0.000000
0.000000
0.000000
0.000000
0.000000
0.000000
0.000000
0.000000
0.000000
0.000000
0.000000
0.000000
0.000000
0.000000
0.000000
0.000121
0.000055
0.000523
0.000059
0.000136
0.000343
0.000192
0.000260
0.000848
0.000007
0.000000
0.000005
0.000006
0.000042
0.000080
0.000033
0.000022
0.000005
0.000000
0.000000
0.000029
0.000000
0.000000
0.000000
0.000000
0.000000
0.000000
0.000000
0.000000
0.000000
0.000000
0.000000
0.000000
0.000000
0.000000
0.000000
0.000000
0.000000
0.000000
0.000184
0.000000
0.000026
0.000000
0.000000
0.000000
0.000033
0.000000
0.000000
0.000293
0.000000
0.000042
0.000000
0.000000
0.000000
0.000025
0.000000
0.000004
0.000246
0.000000
0.000000
0.000000
0.000000
0.000000
0.000000
0.000000
0.000000
0.000000
0.000000
0.000000
0.000000
0.000000
0.000000
0.000000
0.000000
0.000000
0.000000
0.000000
0.000000
0.000000
0.000631
0.000265
0.000000
0.000000
0.000000
0.000000
0.000027
0.000012
0.000000
0.001072
0.000122
0.000000
0.000000
0.000000
0.000000
0.000016
0.000000
0.000680
0.000030
0.000017
0.000000
0.000000
0.000000
0.000000
0.000000
0.000000
0.000000
0.000000
0.000000
0.000000
0.000019
0.000000
0.000000
0.000000
0.000000
0.000000
0.000000
0.000000
0.000033
0.000013
0.000255
0.000000
0.000000
0.000000
0.000005
0.000000
0.000007
0.000082
0.000108
0.000120
0.000000
0.000000
0.000000
0.000000
0.000000
0.000000
0.000106
0.000000
0.000005
0.000000
0.000000
0.000000
0.000000
0.000000
0.000000
0.000000
0.000000
0.000000
0.000000
0.000000
0.000000
0.000000
0.000000
0.000000
0.000000
0.000000
0.000000
0.000000
0.000000
0.000000
0.000075
0.000000
0.000061
0.000027
0.000000
0.000000
0.000000
0.000000
0.000000
0.000253
0.000000
0.000085
0.000003
0.000000
0.000000
0.000157
0.000000
0.000007
0.000000
0.000000
0.000000
0.000000
0.000000
0.000000
0.000000
0.000000
0.000000
0.000000
0.000000
0.000000
0.000000
0.000006
0.000000
0.000000
0.000000
0.000000
0.000000
0.000000
0.000000
0.000000
0.000663
0.000116
0.000000
0.000059
0.000009
0.000000
0.000000
0.000000
0.000000
0.001273
0.000093
0.000000
0.000017
0.000024
0.000931
0.000027
0.000011
0.000000
0.000000
0.000000
0.000000
0.000000
0.000000
0.000000
0.000000
0.000000
0.000000
0.000000
0.000000
0.000000
0.000008
0.000004
0.000000
0.000000
0.000000
0.000000
0.000000
0.000000
0.000013
0.000005
0.000207
0.000000
0.000000
0.000056
0.000000
0.000000
0.000000
0.000027
0.000138
0.000078
0.000000
0.000000
0.000003
0.000090
0.000003
0.000000
0.000000
0.000000
0.000000
0.000000
0.000000
0.000000
0.000000
0.000000
0.000000
0.000000
0.000000
0.000000
0.000000
0.000000
0.000000
0.000000
0.000000
0.000000
0.000000
0.000000
0.000000
0.000000
0.000000
0.000000
0.000030
0.000000
0.000000
0.000037
0.000000
0.000000
0.000000
0.000000
0.000000
0.000009
0.000000
0.000003
0.000009
0.000004
0.000000
0.000000
0.000000
0.000000
0.000000
0.000000
0.000000
0.000000
0.000000
0.000000
0.000000
0.000000
0.000000
0.000000
0.000000
0.000000
0.000000
0.000000
0.000000
0.000000
0.000000
0.000006
0.000000
0.000000
0.000000
0.000000
0.000036
0.000002
0.000000
0.000030
0.000000
0.000000
0.000044
0.000000
0.000000
0.000010
0.000004
0.000012
0.000000
0.000000
0.000000
0.000000
0.000000
0.000000
0.000000
0.000000
0.000000
0.000000
0.000000
0.000000
0.000000
0.000000
0.000000
0.000000
0.000000
0.000000
0.000000
0.000000
0.000013
0.000000
0.000007
0.000000
0.000000
0.000000
0.000000
0.000000
0.000020
0.000005
0.000000
0.000000
0.000000
0.000000
0.000000
0.000000
0.000000
0.000003
0.000000
0.000006
0.000000
0.000000
0.000000
0.000000
0.000000
0.000000
0.000000
0.000000
0.000000
0.000000
0.000000
0.000000
0.000000
0.000000
0.000000
0.000000
0.000000
0.000000
0.000000
0.000000
0.000000
0.000000
0.000000
0.000000
0.000000
0.000000
0.000000
0.000000
0.000300
0.001029
0.000144
0.000204
0.000871
0.000094
0.000006
0.000015
0.000000
0.456060
0.000000
0.000023
0.000000
0.000000
0.000000
0.000000
0.000000
0.000000
0.000000
0.000000
0.000000
0.000870
0.002907
0.000530
0.000907
0.003497
0.000286
0.000054
0.000050
0.000034
0.000000
0.000035
0.000000
0.000000
0.000005
0.000000
0.000000
0.000005
0.000000
0.000007
0.000033
0.000004
0.000000
0.000069
0.000005
0.000000
0.000000
0.000000
0.000000
0.000092
0.000000
0.000000
0.000021
0.000020
0.000005
0.000004
0.000000
0.000000
0.000000
0.000000
0.000000
0.000034
0.000000
0.000000
0.000006
0.000000
0.000000
0.000013
0.000030
0.000061
0.000147
0.000128
0.000080
0.000086
0.000082
0.000026
0.000000
0.000016
0.000000
0.000004
0.000012
0.000000
0.000006
0.000000
0.000000
0.000000
0.000000
0.000015
0.000000
0.026417
0.000149
0.000052
0.000204
0.000114
0.000088
0.000174
0.000102
0.000003
0.000103
0.000000
0.000009
0.000000
0.000000
0.000000
0.000000
0.000000
0.000000
0.000000
0.000000
0.000000
0.000000
0.000000
0.000000
0.000000
0.000000
0.000000
0.000000
0.000000
0.000000
0.000000
0.000000
0.000000
0.000000
0.000000
0.000000
0.000000
0.000000
0.000000
0.000059
0.042572
0.000000
0.014303
0.000000
0.000000
0.000000
0.003140
0.000000
0.000939
0.000589
0.000000
0.000156
0.000000
0.000000
0.000000
0.000033
0.000000
0.000015
0.000000
0.000000
0.000000
0.000000
0.000000
0.000000
0.000000
0.000000
0.000000
0.000000
0.000000
0.000000
0.000000
0.000000
0.000000
0.000000
0.000000
0.000000
0.000000
0.000035
0.000098
0.000000
0.022972
0.009398
0.000000
0.000000
0.000000
0.000000
0.002035
0.000889
0.000000
0.002956
0.000075
0.000000
0.000000
0.000000
0.000000
0.000097
0.000000
0.000000
0.000000
0.000000
0.000000
0.000000
0.000000
0.000000
0.000000
0.000000
0.000000
0.000000
0.000000
0.000000
0.000000
0.000000
0.000000
0.000000
0.000000
0.000000
0.000007
0.000154
0.013636
0.012030
0.057604
0.000000
0.000000
0.000000
0.000777
0.000896
0.004100
0.000126
0.000930
0.000933
0.000000
0.000000
0.000000
0.000006
0.000010
0.000034
0.000000
0.000000
0.000000
0.000000
0.000000
0.000000
0.000000
0.000000
0.000000
0.000000
0.000000
0.000000
0.000000
0.000000
0.000000
0.000000
0.000000
0.000000
0.000000
0.000000
0.000061
0.000000
0.000000
0.000000
0.030363
0.000000
0.008119
0.003023
0.000000
0.001012
0.000000
0.000000
0.000000
0.000192
0.000000
0.000078
0.000015
0.000000
0.000000
0.000000
0.000000
0.000000
0.000000
0.000000
0.000000
0.000000
0.000000
0.000000
0.000000
0.000000
0.000000
0.000000
0.000000
0.000000
0.000000
0.000000
0.000000
0.000000
0.000010
0.000172
0.000000
0.000000
0.000000
0.000000
0.034741
0.009141
0.000000
0.001637
0.001693
0.000000
0.000000
0.000000
0.000000
0.002407
0.000016
0.000000
0.000005
0.000000
0.000000
0.000000
0.000000
0.000000
0.000000
0.000000
0.000000
0.000000
0.000000
0.000000
0.000000
0.000000
0.000000
0.000000
0.000000
0.000000
0.000000
0.000000
0.000000
0.000005
0.000077
0.000000
0.000000
0.000000
0.008607
0.007926
0.035430
0.000947
0.000660
0.004174
0.000000
0.000000
0.000000
0.000068
0.000559
0.000753
0.000010
0.000000
0.000012
0.000000
0.000000
0.000000
0.000000
0.000000
0.000000
0.000000
0.000000
0.000000
0.000000
0.000000
0.000000
0.000000
0.000000
0.000000
0.000000
0.000000
0.000000
0.000000
0.000000
0.000017
0.002979
0.000000
0.001721
0.002234
0.000000
0.000978
0.006809
0.000000
0.002231
0.000017
0.000000
0.000006
0.000075
0.000000
0.000031
0.000120
0.000000
0.000055
0.000000
0.000000
0.000000
0.000000
0.000000
0.000000
0.000000
0.000000
0.000000
0.000000
0.000000
0.000000
0.000000
0.000000
0.000000
0.000000
0.000000
0.000000
0.000000
0.000000
0.000030
0.000000
0.001470
0.000792
0.000000
0.002451
0.000494
0.000000
0.003557
0.001537
0.000000
0.000048
0.000008
0.000000
0.000198
0.000007
0.000000
0.000163
0.000029
0.000000
0.000000
0.000000
0.000000
0.000000
0.000000
0.000000
0.000000
0.000000
0.000000
0.000000
0.000000
0.000000
0.000000
0.000000
0.000000
0.000000
0.000000
0.000000
0.000000
0.000023
0.001579
0.000680
0.005203
0.000855
0.001185
0.003020
0.002272
0.001750
0.009807
0.000004
0.000050
0.000050
0.000006
0.000133
0.000148
0.000040
0.000057
0.000141
0.000000
0.000000
0.000000
0.000000
0.000000
0.000000
0.000000
0.000000
0.000000
0.000000
0.000000
0.000000
0.000000
0.000000
0.000000
0.000000
0.000000
0.000000
0.000956
0.000000
0.000000
0.000520
0.000000
0.000166
0.000000
0.000000
0.000000
0.000028
0.000000
0.000000
0.001064
0.000000
0.000192
0.000000
0.000000
0.000000
0.000040
0.000000
0.000009
0.000000
0.000000
0.000000
0.000000
0.000000
0.000000
0.000000
0.000000
0.000000
0.000007
0.000027
0.000000
0.000000
0.000000
0.000000
0.000000
0.000000
0.000000
0.004566
0.000004
0.000000
0.000000
0.001272
0.000679
0.000000
0.000000
0.000000
0.000000
0.000046
0.000011
0.000027
0.004682
0.000794
0.000000
0.000000
0.000000
0.000000
0.000108
0.000036
0.000000
0.000000
0.000000
0.000000
0.000000
0.000000
0.000000
0.000000
0.000000
0.000000
0.000000
0.000000
0.000000
0.000000
0.000000
0.000000
0.000000
0.000000
0.000393
0.000027
0.000020
0.000365
0.000045
0.001075
0.000000
0.000000
0.000000
0.000000
0.000000
0.000036
0.000176
0.000589
0.000699
0.000000
0.000000
0.000000
0.000000
0.000000
0.000012
0.000000
0.000000
0.000000
0.000000
0.000000
0.000000
0.000000
0.000000
0.000000
0.000000
0.000000
0.000000
0.000000
0.000000
0.000000
0.000000
0.000000
0.000000
0.000515
0.000000
0.000000
0.000000
0.000000
0.000000
0.000494
0.000000
0.000103
0.000122
0.000000
0.000018
0.000000
0.000000
0.000000
0.000833
0.000000
0.000123
0.000028
0.000000
0.000019
0.000000
0.000000
0.000000
0.000000
0.000000
0.000000
0.000000
0.000000
0.000000
0.000000
0.000000
0.000005
0.000033
0.000052
0.000005
0.000000
0.000000
0.000003
0.003997
0.000069
0.000043
0.000000
0.000000
0.000000
0.000000
0.001692
0.000760
0.000000
0.000083
0.000112
0.000000
0.000000
0.000000
0.000000
0.004623
0.000731
0.000000
0.000055
0.000077
0.000000
0.000000
0.000000
0.000000
0.000000
0.000000
0.000000
0.000000
0.000000
0.000000
0.000000
0.000000
0.000000
0.000000
0.000000
0.000000
0.000000
0.000000
0.000359
0.000007
0.000000
0.000000
0.000000
0.000000
0.000165
0.000052
0.000902
0.000004
0.000004
0.000043
0.000000
0.000000
0.000000
0.000108
0.000572
0.000336
0.000000
0.000000
0.000013
0.000000
0.000000
0.000000
0.000000
0.000000
0.000000
0.000000
0.000000
0.000000
0.000000
0.000000
0.000000
0.000000
0.000000
0.000000
0.000000
0.000000
0.000000
0.000091
0.000000
0.000000
0.000000
0.000000
0.000023
0.000023
0.000000
0.000000
0.000029
0.000000
0.000022
0.000096
0.000000
0.000000
0.000073
0.000000
0.000018
0.000089
0.000000
0.000007
0.000000
0.000000
0.000000
0.000000
0.000000
0.000000
0.000000
0.000000
0.000000
0.000000
0.000000
0.000000
0.000000
0.000000
0.000000
0.000000
0.000000
0.000000
0.000083
0.000000
0.000000
0.000000
0.000012
0.000012
0.000000
0.000003
0.000012
0.000000
0.000088
0.000092
0.000000
0.000011
0.000000
0.000000
0.000242
0.000002
0.000000
0.000080
0.000006
0.000000
0.000000
0.000000
0.000000
0.000000
0.000000
0.000000
0.000000
0.000000
0.000000
0.000000
0.000000
0.000000
0.000000
0.000000
0.000000
0.000000
0.000000
0.000032
0.000000
0.000000
0.000000
0.000000
0.000050
0.000000
0.000000
0.000061
0.000012
0.000000
0.000120
0.000000
0.000067
0.000000
0.000003
0.000122
0.000019
0.000036
0.000007
0.000051
