0.007710
0.011646
0.010719
0.003158
0.011293
0.007896
0.001883
0.002036
0.002835
0.000840
0.002989
0.000705
0.000729
0.003243
0.000612
0.000098
0.000184
0.000050
0.468009
0.000386
0.028658
0.060738
0.038076
0.090488
0.043422
0.049761
0.059544
0.017176
0.010587
0.027025
0.003003
0.012135
0.003268
0.002333
0.012319
0.002729
0.000477
0.000645
0.000596
0.005473
0.000000
0.001424
0.000000
0.000000
0.000000
0.000457
0.000000
0.000168
0.000090
0.000000
0.000034
0.000000
0.000000
0.000000
0.000006
0.000000
0.000000
0.000000
0.000000
0.000082
0.000000
0.000000
0.000000
0.000000
0.000000
0.000000
0.000000
0.000000
0.000000
0.000000
0.000000
0.000000
0.000000
0.000000
0.000000
0.000000
0.000000
0.000000
0.000000
0.008716
0.001634
0.000000
0.000000
0.000000
0.000000
0.000481
0.000033
0.000000
0.000449
0.000003
0.000000
0.000000
0.000000
0.000000
0.000009
0.000000
0.000000
0.000045
0.000288
0.000000
0.000000
0.000000
0.000000
0.000000
0.000000
0.000000
0.000000
0.000000
0.000000
0.000000
0.000000
0.000000
0.000000
0.000000
0.000000
0.000000
0.000000
0.001574
0.001649
0.006303
0.000000
0.000000
0.000000
0.000058
0.000058
0.000550
0.000017
0.000122
0.000240
0.000000
0.000000
0.000000
0.000000
0.000000
0.000000
0.000000
0.000013
0.000145
0.000000
0.000000
0.000000
0.000000
0.000000
0.000000
0.000000
0.000000
0.000000
0.000000
0.000000
0.000000
0.000000
0.000000
0.000000
0.000000
0.000000
0.000000
0.000000
0.000000
0.000000
0.001966
0.000000
0.000813
0.000196
0.000000
0.000031
0.000000
0.000000
0.000000
0.000096
0.000000
0.000003
0.000003
0.000000
0.000000
0.000000
0.000000
0.000059
0.000000
0.000000
0.000000
0.000000
0.000000
0.000000
0.000000
0.000000
0.000000
0.000000
0.000000
0.000000
0.000000
0.000000
0.000000
0.000000
0.000000
0.000000
0.000000
0.000000
0.000000
0.000000
0.008467
0.001296
0.000000
0.000421
0.000100
0.000000
0.000000
0.000000
0.000000
0.000702
0.000026
0.000000
0.000021
0.000003
0.000000
0.000000
0.000130
0.000000
0.000000
0.000000
0.000000
0.000000
0.000000
0.000000
0.000000
0.000000
0.000000
0.000000
0.000000
0.000000
0.000000
0.000000
0.000000
0.000000
0.000000
0.000000
0.000000
0.000000
0.000697
0.001519
0.004679
0.000087
0.000078
0.000465
0.000000
0.000000
0.000000
0.000053
0.000050
0.000150
0.000000
0.000000
0.000000
0.000000
0.000005
0.000058
0.000000
0.000000
0.000000
0.000000
0.000000
0.000000
0.000000
0.000000
0.000000
0.000000
0.000000
0.000000
0.000000
0.000000
0.000000
0.000000
0.000000
0.000000
0.000265
0.000000
0.000070
0.000264
0.000000
0.000204
0.000806
0.000000
0.000238
0.000006
0.000000
0.000000
0.000005
0.000000
0.000003
0.000013
0.000000
0.000007
0.000000
0.000000
0.000011
0.000000
0.000000
0.000000
0.000000
0.000000
0.000000
0.000000
0.000000
0.000000
0.000000
0.000000
0.000000
0.000000
0.000000
0.000000
0.000000
0.000000
0.000000
0.000000
0.000347
0.000076
0.000000
0.000441
0.000056
0.000000
0.000626
0.000221
0.000000
0.000053
0.000000
0.000000
0.000050
0.000000
0.000000
0.000058
0.000000
0.000000
0.000000
0.000022
0.000000
0.000000
0.000000
0.000000
0.000000
0.000000
0.000000
0.000000
0.000000
0.000000
0.000000
0.000000
0.000000
0.000000
0.000000
0.000000
0.000000
0.000000
0.000147
0.000069
0.000538
0.000055
0.000114
0.000372
0.000171
0.000252
0.000918
0.000007
0.000000
0.000005
0.000006
0.000043
0.000079
0.000033
0.000023
0.000005
0.000000
0.000000
0.000008
0.000000
0.000000
0.000000
0.000000
0.000000
0.000000
0.000000
0.000000
0.000000
0.000000
0.000000
0.000000
0.000000
0.000000
0.000000
0.000000
0.000000
0.000000
0.000172
0.000000
0.000029
0.000000
0.000000
0.000000
0.000033
0.000000
0.000000
0.000284
0.000000
0.000043
0.000000
0.000000
0.000000
0.000025
0.000000
0.000004
0.000254
0.000000
0.000000
0.000000
0.000000
0.000000
0.000000
0.000000
0.000000
0.000000
0.000000
0.000000
0.000000
0.000000
0.000000
0.000000
0.000000
0.000000
0.000000
0.000000
0.000000
0.000000
0.000626
0.000275
0.000000
0.000000
0.000000
0.000000
0.000027
0.000012
0.000000
0.001136
0.000119
0.000000
0.000000
0.000000
0.000000
0.000016
0.000000
0.000719
0.000030
0.000017
0.000000
0.000000
0.000000
0.000000
0.000000
0.000000
0.000000
0.000000
0.000000
0.000000
0.000026
0.000000
0.000000
0.000000
0.000000
0.000000
0.000000
0.000000
0.000027
0.000013
0.000248
0.000000
0.000000
0.000000
0.000000
0.000000
0.000007
0.000083
0.000109
0.000113
0.000000
0.000000
0.000000
0.000000
0.000000
0.000000
0.000103
0.000000
0.000005
0.000000
0.000000
0.000000
0.000000
0.000000
0.000000
0.000000
0.000000
0.000000
0.000000
0.000000
0.000000
0.000000
0.000000
0.000000
0.000000
0.000000
0.000000
0.000000
0.000000
0.000000
0.000075
0.000000
0.000079
0.000027
0.000000
0.000000
0.000000
0.000000
0.000000
0.000273
0.000000
0.000092
0.000004
0.000000
0.000000
0.000168
0.000000
0.000007
0.000000
0.000000
0.000000
0.000000
0.000000
0.000000
0.000000
0.000000
0.000000
0.000000
0.000000
0.000000
0.000000
0.000007
0.000000
0.000000
0.000000
0.000000
0.000000
0.000000
0.000000
0.000000
0.000660
0.000104
0.000000
0.000060
0.000009
0.000000
0.000000
0.000000
0.000000
0.001249
0.000079
0.000000
0.000017
0.000017
0.000928
0.000027
0.000017
0.000000
0.000000
0.000000
0.000000
0.000000
0.000000
0.000000
0.000000
0.000000
0.000000
0.000000
0.000000
0.000000
0.000008
0.000004
0.000000
0.000000
0.000000
0.000000
0.000000
0.000000
0.000015
0.000008
0.000190
0.000000
0.000000
0.000057
0.000000
0.000000
0.000000
0.000034
0.000142
0.000080
0.000000
0.000000
0.000003
0.000082
0.000003
0.000000
0.000000
0.000000
0.000000
0.000000
0.000000
0.000000
0.000000
0.000000
0.000000
0.000000
0.000000
0.000000
0.000000
0.000000
0.000000
0.000000
0.000000
0.000000
0.000000
0.000000
0.000000
0.000000
0.000000
0.000000
0.000031
0.000000
0.000000
0.000040
0.000000
0.000000
0.000003
0.000000
0.000000
0.000009
0.000000
0.000003
0.000009
0.000004
0.000000
0.000000
0.000000
0.000000
0.000000
0.000000
0.000000
0.000000
0.000000
0.000000
0.000000
0.000000
0.000000
0.000000
0.000000
0.000000
0.000000
0.000000
0.000000
0.000000
0.000000
0.000006
0.000000
0.000000
0.000000
0.000000
0.000037
0.000003
0.000000
0.000034
0.000000
0.000000
0.000047
0.000000
0.000000
0.000027
0.000004
0.000029
0.000000
0.000000
0.000000
0.000000
0.000000
0.000000
0.000000
0.000000
0.000000
0.000000
0.000000
0.000000
0.000000
0.000000
0.000000
0.000000
0.000000
0.000000
0.000000
0.000000
0.000006
0.000000
0.000007
0.000000
0.000000
0.000000
0.000000
0.000000
0.000020
0.000007
0.000000
0.000000
0.000000
0.000000
0.000000
0.000000
0.000000
0.000003
0.000000
0.000007
0.000000
0.000000
0.000000
0.000000
0.000000
0.000000
0.000000
0.000000
0.000000
0.000000
0.000000
0.000000
0.000000
0.000000
0.000000
0.000000
0.000000
0.000000
0.000000
0.000000
0.000000
0.000000
0.000000
0.000000
0.000000
0.000000
0.000000
0.000000
0.000291
0.001031
0.000135
0.000228
0.000846
0.000092
0.000006
0.000015
0.000000
0.454600
0.000000
0.000023
0.000000
0.000000
0.000000
0.000000
0.000000
0.000000
0.000000
0.000000
0.000000
0.000870
0.002928
0.000475
0.000913
0.003515
0.000360
0.000055
0.000050
0.000034
0.000000
0.000035
0.000000
0.000000
0.000006
0.000000
0.000000
0.000005
0.000000
0.000007
0.000034
0.000004
0.000000
0.000066
0.000005
0.000000
0.000000
0.000000
0.000000
0.000093
0.000000
0.000000
0.000021
0.000020
0.000005
0.000004
0.000000
0.000000
0.000000
0.000000
0.000000
0.000034
0.000000
0.000000
0.000006
0.000000
0.000000
0.000013
0.000030
0.000056
0.000148
0.000133
0.000081
0.000096
0.000108
0.000026
0.000000
0.000016
0.000000
0.000004
0.000013
0.000000
0.000006
0.000000
0.000000
0.000000
0.000000
0.000022
0.000000
0.027088
0.000130
0.000053
0.000172
0.000109
0.000080
0.000183
0.000103
0.000003
0.000107
0.000006
0.000009
0.000000
0.000000
0.000013
0.000000
0.000000
0.000000
0.000000
0.000000
0.000000
0.000000
0.000000
0.000000
0.000000
0.000000
0.000000
0.000000
0.000000
0.000000
0.000000
0.000000
0.000000
0.000000
0.000000
0.000000
0.000000
0.000000
0.000000
0.000066
0.041936
0.000000
0.014217
0.000000
0.000000
0.000000
0.003084
0.000000
0.000903
0.000608
0.000000
0.000157
0.000000
0.000000
0.000000
0.000034
0.000000
0.000015
0.000000
0.000000
0.000000
0.000000
0.000000
0.000000
0.000000
0.000000
0.000000
0.000000
0.000000
0.000000
0.000000
0.000000
0.000000
0.000000
0.000000
0.000000
0.000000
0.000035
0.000101
0.000000
0.022815
0.009366
0.000000
0.000000
0.000000
0.000000
0.002033
0.000883
0.000000
0.002867
0.000055
0.000000
0.000000
0.000000
0.000000
0.000098
0.000000
0.000000
0.000000
0.000000
0.000000
0.000000
0.000000
0.000000
0.000000
0.000000
0.000000
0.000000
0.000000
0.000000
0.000000
0.000000
0.000000
0.000000
0.000000
0.000000
0.000007
0.000165
0.013574
0.011939
0.057386
0.000000
0.000000
0.000000
0.000790
0.000843
0.004164
0.000127
0.000920
0.000951
0.000000
0.000000
0.000000
0.000006
0.000010
0.000040
0.000000
0.000000
0.000000
0.000000
0.000000
0.000000
0.000000
0.000000
0.000000
0.000000
0.000000
0.000000
0.000000
0.000000
0.000000
0.000000
0.000000
0.000000
0.000000
0.000000
0.000051
0.000000
0.000000
0.000000
0.030876
0.000000
0.008261
0.003026
0.000000
0.001048
0.000000
0.000000
0.000000
0.000201
0.000000
0.000085
0.000016
0.000000
0.000000
0.000000
0.000000
0.000000
0.000000
0.000000
0.000000
0.000000
0.000000
0.000000
0.000000
0.000000
0.000000
0.000000
0.000000
0.000000
0.000000
0.000000
0.000000
0.000000
0.000010
0.000167
0.000000
0.000000
0.000000
0.000000
0.034897
0.009119
0.000000
0.001561
0.001717
0.000000
0.000000
0.000000
0.000000
0.002420
0.000012
0.000000
0.000005
0.000000
0.000000
0.000000
0.000000
0.000000
0.000000
0.000000
0.000000
0.000000
0.000000
0.000000
0.000000
0.000000
0.000000
0.000000
0.000000
0.000000
0.000000
0.000000
0.000000
0.000005
0.000087
0.000000
0.000000
0.000000
0.008711
0.007827
0.035883
0.000970
0.000677
0.004148
0.000000
0.000000
0.000000
0.000069
0.000560
0.000790
0.000010
0.000000
0.000012
0.000000
0.000000
0.000000
0.000000
0.000000
0.000000
0.000000
0.000000
0.000000
0.000000
0.000000
0.000000
0.000000
0.000000
0.000000
0.000000
0.000000
0.000000
0.000000
0.000000
0.000017
0.002943
0.000000
0.001663
0.002295
0.000000
0.000955
0.006875
0.000000
0.002210
0.000017
0.000000
0.000006
0.000076
0.000000
0.000032
0.000121
0.000000
0.000056
0.000000
0.000000
0.000000
0.000000
0.000000
0.000000
0.000000
0.000000
0.000000
0.000000
0.000000
0.000000
0.000000
0.000000
0.000000
0.000000
0.000000
0.000000
0.000000
0.000000
0.000031
0.000000
0.001416
0.000753
0.000000
0.002451
0.000503
0.000000
0.003462
0.001599
0.000000
0.000049
0.000008
0.000000
0.000155
0.000024
0.000000
0.000151
0.000029
0.000000
0.000000
0.000000
0.000000
0.000000
0.000000
0.000000
0.000000
0.000000
0.000000
0.000000
0.000000
0.000000
0.000000
0.000000
0.000000
0.000000
0.000000
0.000000
0.000000
0.000023
0.001615
0.000656
0.005322
0.000856
0.001163
0.002963
0.002217
0.001805
0.009911
0.000004
0.000050
0.000051
0.000006
0.000114
0.000150
0.000040
0.000057
0.000149
0.000000
0.000000
0.000000
0.000000
0.000000
0.000000
0.000000
0.000000
0.000000
0.000000
0.000000
0.000000
0.000000
0.000000
0.000000
0.000000
0.000000
0.000000
0.000989
0.000000
0.000000
0.000521
0.000000
0.000174
0.000000
0.000000
0.000000
0.000021
0.000000
0.000000
0.001077
0.000000
0.000187
0.000000
0.000000
0.000000
0.000037
0.000000
0.000009
0.000000
0.000000
0.000000
0.000000
0.000000
0.000000
0.000000
0.000000
0.000000
0.000007
0.000027
0.000000
0.000000
0.000000
0.000000
0.000000
0.000000
0.000000
0.004474
0.000004
0.000000
0.000000
0.001296
0.000678
0.000000
0.000000
0.000000
0.000000
0.000047
0.000011
0.000027
0.004637
0.000790
0.000000
0.000000
0.000000
0.000000
0.000116
0.000037
0.000000
0.000000
0.000000
0.000000
0.000000
0.000000
0.000000
0.000000
0.000000
0.000000
0.000000
0.000000
0.000000
0.000000
0.000000
0.000000
0.000000
0.000000
0.000383
0.000027
0.000020
0.000290
0.000045
0.001087
0.000000
0.000000
0.000000
0.000000
0.000000
0.000037
0.000181
0.000594
0.000602
0.000000
0.000000
0.000000
0.000000
0.000000
0.000012
0.000000
0.000000
0.000000
0.000000
0.000000
0.000000
0.000000
0.000000
0.000000
0.000000
0.000000
0.000000
0.000000
0.000000
0.000000
0.000000
0.000000
0.000000
0.000544
0.000000
0.000000
0.000000
0.000000
0.000000
0.000496
0.000000
0.000128
0.000124
0.000000
0.000018
0.000000
0.000000
0.000000
0.000874
0.000000
0.000110
0.000023
0.000000
0.000015
0.000000
0.000000
0.000000
0.000000
0.000000
0.000000
0.000000
0.000000
0.000000
0.000000
0.000000
0.000000
0.000033
0.000052
0.000005
0.000000
0.000000
0.000003
0.003980
0.000066
0.000050
0.000000
0.000000
0.000000
0.000000
0.001762
0.000714
0.000000
0.000079
0.000113
0.000000
0.000000
0.000000
0.000000
0.004602
0.000733
0.000000
0.000048
0.000071
0.000000
0.000000
0.000000
0.000000
0.000000
0.000000
0.000000
0.000000
0.000000
0.000000
0.000000
0.000000
0.000000
0.000000
0.000000
0.000000
0.000000
0.000000
0.000359
0.000007
0.000000
0.000000
0.000000
0.000000
0.000189
0.000053
0.000936
0.000010
0.000004
0.000035
0.000000
0.000000
0.000000
0.000127
0.000586
0.000391
0.000000
0.000000
0.000020
0.000000
0.000000
0.000000
0.000000
0.000000
0.000000
0.000000
0.000000
0.000000
0.000000
0.000000
0.000000
0.000000
0.000000
0.000000
0.000000
0.000000
0.000000
0.000098
0.000000
0.000000
0.000006
0.000000
0.000023
0.000023
0.000000
0.000000
0.000026
0.000000
0.000017
0.000097
0.000000
0.000000
0.000074
0.000000
0.000019
0.000090
0.000000
0.000007
0.000000
0.000000
0.000000
0.000000
0.000000
0.000000
0.000000
0.000000
0.000000
0.000000
0.000000
0.000000
0.000000
0.000000
0.000000
0.000000
0.000000
0.000000
0.000077
0.000000
0.000000
0.000000
0.000012
0.000012
0.000000
0.000009
0.000012
0.000000
0.000089
0.000092
0.000000
0.000012
0.000000
0.000000
0.000230
0.000002
0.000000
0.000087
0.000012
0.000000
0.000000
0.000000
0.000000
0.000000
0.000000
0.000000
0.000000
0.000000
0.000000
0.000000
0.000000
0.000000
0.000000
0.000000
0.000000
0.000000
0.000000
0.000032
0.000000
0.000000
0.000000
0.000000
0.000057
0.000000
0.000000
0.000061
0.000013
0.000000
0.000116
0.000000
0.000068
0.000000
0.000003
0.000130
0.000019
0.000049
0.000000
0.000052
