0.003867
0.006823
0.013388
0.001294
0.006250
0.009449
0.001745
0.002335
0.007323
0.001387
0.004586
0.002614
0.000938
0.005025
0.002058
0.000316
0.000803
0.001075
0.442593
0.001479
0.031837
0.029310
0.015106
0.109158
0.021948
0.026549
0.074045
0.016986
0.010079
0.072675
0.004939
0.018657
0.013237
0.003496
0.017989
0.010184
0.001430
0.001930
0.005097
0.002389
0.000000
0.000910
0.000000
0.000000
0.000000
0.000272
0.000000
0.000134
0.000019
0.000000
0.000012
0.000000
0.000000
0.000000
0.000000
0.000000
0.000000
0.000000
0.000000
0.000146
0.000000
0.000000
0.000000
0.000000
0.000000
0.000000
0.000000
0.000000
0.000000
0.000000
0.000000
0.000000
0.000000
0.000000
0.000000
0.000000
0.000000
0.000000
0.000000
0.004417
0.001283
0.000000
0.000000
0.000000
0.000000
0.000272
0.000125
0.000000
0.000423
0.000052
0.000000
0.000000
0.000000
0.000000
0.000019
0.000000
0.000000
0.000008
0.000223
0.000000
0.000000
0.000000
0.000000
0.000000
0.000000
0.000000
0.000000
0.000000
0.000000
0.000000
0.000000
0.000000
0.000000
0.000000
0.000000
0.000000
0.000000
0.000903
0.001247
0.007968
0.000000
0.000000
0.000000
0.000254
0.000144
0.001032
0.000136
0.000324
0.000671
0.000000
0.000000
0.000000
0.000006
0.000016
0.000083
0.000000
0.000171
0.000347
0.000000
0.000000
0.000000
0.000000
0.000000
0.000000
0.000000
0.000000
0.000000
0.000000
0.000000
0.000000
0.000000
0.000000
0.000000
0.000000
0.000000
0.000000
0.000000
0.000000
0.000000
0.000576
0.000000
0.000489
0.000102
0.000000
0.000031
0.000000
0.000000
0.000000
0.000059
0.000000
0.000010
0.000000
0.000000
0.000010
0.000000
0.000000
0.000025
0.000000
0.000000
0.000000
0.000000
0.000000
0.000000
0.000000
0.000000
0.000000
0.000000
0.000000
0.000000
0.000000
0.000000
0.000000
0.000000
0.000000
0.000000
0.000000
0.000000
0.000000
0.000000
0.003531
0.001028
0.000000
0.000334
0.000190
0.000000
0.000000
0.000000
0.000000
0.000714
0.000032
0.000000
0.000058
0.000000
0.000000
0.000010
0.000173
0.000000
0.000000
0.000000
0.000000
0.000000
0.000000
0.000000
0.000000
0.000000
0.000000
0.000000
0.000000
0.000000
0.000000
0.000000
0.000000
0.000000
0.000000
0.000000
0.000000
0.000000
0.000341
0.001230
0.005808
0.000028
0.000110
0.000822
0.000000
0.000000
0.000000
0.000090
0.000324
0.000374
0.000007
0.000000
0.000026
0.000000
0.000006
0.000172
0.000000
0.000000
0.000000
0.000000
0.000000
0.000000
0.000000
0.000000
0.000000
0.000000
0.000000
0.000000
0.000000
0.000000
0.000000
0.000000
0.000000
0.000000
0.000140
0.000000
0.000128
0.000189
0.000000
0.000102
0.000569
0.000000
0.000479
0.000010
0.000000
0.000000
0.000015
0.000000
0.000007
0.000048
0.000000
0.000041
0.000000
0.000000
0.000024
0.000000
0.000000
0.000000
0.000000
0.000000
0.000000
0.000000
0.000000
0.000000
0.000000
0.000000
0.000000
0.000000
0.000000
0.000000
0.000000
0.000000
0.000000
0.000000
0.000316
0.000069
0.000000
0.000354
0.000052
0.000000
0.000819
0.000343
0.000000
0.000012
0.000000
0.000000
0.000115
0.000007
0.000000
0.000093
0.000000
0.000000
0.000000
0.000088
0.000000
0.000000
0.000000
0.000000
0.000000
0.000000
0.000000
0.000000
0.000000
0.000000
0.000000
0.000000
0.000000
0.000000
0.000000
0.000000
0.000000
0.000000
0.000123
0.000113
0.000986
0.000084
0.000265
0.000778
0.000359
0.000413
0.003198
0.000011
0.000000
0.000034
0.000013
0.000119
0.000121
0.000005
0.000137
0.000414
0.000000
0.000008
0.000206
0.000000
0.000000
0.000000
0.000000
0.000000
0.000000
0.000000
0.000000
0.000000
0.000000
0.000000
0.000000
0.000000
0.000000
0.000000
0.000000
0.000000
0.000000
0.000067
0.000000
0.000222
0.000000
0.000000
0.000000
0.000009
0.000000
0.000008
0.000493
0.000000
0.000076
0.000000
0.000000
0.000000
0.000072
0.000000
0.000010
0.000369
0.000000
0.000000
0.000000
0.000000
0.000000
0.000000
0.000000
0.000000
0.000000
0.000000
0.000000
0.000000
0.000000
0.000000
0.000000
0.000000
0.000000
0.000000
0.000000
0.000000
0.000000
0.000433
0.000413
0.000000
0.000000
0.000000
0.000000
0.000063
0.000011
0.000000
0.001485
0.000660
0.000000
0.000000
0.000000
0.000000
0.000069
0.000118
0.001134
0.000015
0.000168
0.000000
0.000000
0.000000
0.000000
0.000000
0.000000
0.000000
0.000000
0.000000
0.000007
0.000044
0.000013
0.000000
0.000000
0.000000
0.000000
0.000000
0.000000
0.000166
0.000014
0.000944
0.000000
0.000000
0.000000
0.000000
0.000000
0.000055
0.000133
0.000187
0.000583
0.000000
0.000000
0.000000
0.000000
0.000000
0.000015
0.000413
0.000051
0.000014
0.000000
0.000000
0.000000
0.000000
0.000000
0.000000
0.000000
0.000000
0.000000
0.000000
0.000055
0.000000
0.000000
0.000000
0.000000
0.000000
0.000000
0.000000
0.000000
0.000000
0.000000
0.000056
0.000000
0.000023
0.000028
0.000000
0.000000
0.000000
0.000000
0.000000
0.000265
0.000000
0.000130
0.000017
0.000000
0.000072
0.000201
0.000013
0.000000
0.000000
0.000000
0.000000
0.000000
0.000000
0.000000
0.000000
0.000000
0.000000
0.000000
0.000000
0.000000
0.000025
0.000000
0.000010
0.000000
0.000000
0.000000
0.000000
0.000000
0.000000
0.000000
0.000698
0.000169
0.000000
0.000055
0.000153
0.000000
0.000000
0.000000
0.000000
0.001913
0.000233
0.000000
0.000083
0.000053
0.001418
0.000117
0.000047
0.000000
0.000000
0.000000
0.000000
0.000000
0.000000
0.000000
0.000000
0.000000
0.000000
0.000000
0.000000
0.000000
0.000050
0.000006
0.000000
0.000000
0.000000
0.000000
0.000000
0.000000
0.000005
0.000005
0.000655
0.000000
0.000005
0.000133
0.000000
0.000000
0.000000
0.000162
0.000116
0.000370
0.000000
0.000000
0.000096
0.000395
0.000055
0.000012
0.000000
0.000000
0.000000
0.000000
0.000000
0.000000
0.000000
0.000000
0.000000
0.000000
0.000000
0.000000
0.000000
0.000006
0.000000
0.000000
0.000000
0.000000
0.000000
0.000000
0.000017
0.000000
0.000000
0.000046
0.000076
0.000000
0.000038
0.000033
0.000000
0.000000
0.000016
0.000000
0.000000
0.000063
0.000000
0.000000
0.000018
0.000000
0.000012
0.000000
0.000000
0.000000
0.000000
0.000000
0.000000
0.000000
0.000000
0.000000
0.000000
0.000000
0.000000
0.000000
0.000000
0.000000
0.000000
0.000000
0.000000
0.000000
0.000005
0.000007
0.000000
0.000012
0.000000
0.000000
0.000079
0.000147
0.000000
0.000107
0.000000
0.000000
0.000123
0.000000
0.000000
0.000100
0.000053
0.000135
0.000000
0.000000
0.000000
0.000000
0.000000
0.000000
0.000000
0.000000
0.000000
0.000000
0.000000
0.000000
0.000000
0.000000
0.000000
0.000000
0.000042
0.000000
0.000000
0.000000
0.000005
0.000000
0.000013
0.000000
0.000000
0.000033
0.000009
0.000000
0.000389
0.000089
0.000047
0.000046
0.000000
0.000075
0.000137
0.000000
0.000084
0.000031
0.000031
0.000013
0.000019
0.000000
0.000000
0.000000
0.000000
0.000000
0.000000
0.000000
0.000000
0.000000
0.000000
0.000000
0.000000
0.000000
0.000000
0.000000
0.000000
0.000000
0.000000
0.000000
0.000000
0.000000
0.000000
0.000000
0.000000
0.000000
0.000000
0.000000
0.000359
0.001553
0.000359
0.000239
0.001386
0.000377
0.000100
0.000129
0.000014
0.417407
0.000000
0.000165
0.000000
0.000000
0.000000
0.000000
0.000000
0.000000
0.000000
0.000000
0.000000
0.001400
0.004776
0.001895
0.001496
0.005245
0.002016
0.000158
0.000190
0.000300
0.000014
0.000000
0.000089
0.000000
0.000075
0.000015
0.000000
0.000006
0.000000
0.000015
0.000126
0.000063
0.000000
0.000024
0.000205
0.000000
0.000010
0.000023
0.000000
0.000369
0.000000
0.000000
0.000000
0.000091
0.000010
0.000000
0.000076
0.000000
0.000000
0.000000
0.000000
0.000063
0.000038
0.000000
0.000102
0.000028
0.000000
0.000013
0.000045
0.000084
0.000156
0.000370
0.000023
0.000088
0.000302
0.000052
0.000046
0.000100
0.000000
0.000034
0.000025
0.000000
0.000059
0.000017
0.000000
0.000000
0.000014
0.000044
0.000000
0.028704
0.000212
0.000041
0.000395
0.000148
0.000079
0.000376
0.000146
0.000026
0.000425
0.000013
0.000017
0.000025
0.000000
0.000026
0.000007
0.000008
0.000000
0.000000
0.000000
0.000000
0.000000
0.000000
0.000000
0.000000
0.000000
0.000000
0.000000
0.000000
0.000000
0.000000
0.000000
0.000000
0.000000
0.000000
0.000000
0.000000
0.000000
0.000000
0.000085
0.015391
0.000000
0.009816
0.000000
0.000000
0.000000
0.002015
0.000000
0.001282
0.000494
0.000000
0.000376
0.000000
0.000000
0.000000
0.000062
0.000000
0.000036
0.000000
0.000000
0.000000
0.000000
0.000000
0.000000
0.000000
0.000000
0.000000
0.000000
0.000000
0.000000
0.000000
0.000000
0.000000
0.000000
0.000000
0.000000
0.000000
0.000020
0.000154
0.000000
0.006958
0.003532
0.000000
0.000000
0.000000
0.000000
0.001598
0.000641
0.000000
0.002145
0.000102
0.000000
0.000000
0.000000
0.000000
0.000090
0.000000
0.000000
0.000000
0.000000
0.000000
0.000000
0.000000
0.000000
0.000000
0.000000
0.000000
0.000000
0.000000
0.000000
0.000000
0.000000
0.000000
0.000000
0.000000
0.000000
0.000065
0.000293
0.009638
0.005943
0.073743
0.000000
0.000000
0.000000
0.001278
0.001083
0.010842
0.000340
0.002252
0.004125
0.000000
0.000000
0.000000
0.000019
0.000053
0.000540
0.000000
0.000000
0.000000
0.000000
0.000000
0.000000
0.000000
0.000000
0.000000
0.000000
0.000000
0.000000
0.000000
0.000000
0.000000
0.000000
0.000000
0.000000
0.000000
0.000000
0.000068
0.000000
0.000000
0.000000
0.012777
0.000000
0.005967
0.001588
0.000000
0.001194
0.000000
0.000000
0.000000
0.000194
0.000000
0.000177
0.000020
0.000000
0.000100
0.000000
0.000000
0.000000
0.000000
0.000000
0.000000
0.000000
0.000000
0.000000
0.000000
0.000000
0.000000
0.000000
0.000000
0.000000
0.000000
0.000000
0.000000
0.000000
0.000025
0.000167
0.000000
0.000000
0.000000
0.000000
0.014400
0.007173
0.000000
0.000833
0.002091
0.000000
0.000000
0.000000
0.000000
0.001993
0.000004
0.000000
0.000006
0.000000
0.000000
0.000000
0.000000
0.000000
0.000000
0.000000
0.000000
0.000000
0.000000
0.000000
0.000000
0.000000
0.000000
0.000000
0.000000
0.000000
0.000000
0.000000
0.000000
0.000000
0.000200
0.000000
0.000000
0.000000
0.006146
0.005907
0.045486
0.001553
0.000454
0.011296
0.000000
0.000000
0.000000
0.000033
0.001417
0.001881
0.000011
0.000000
0.000119
0.000000
0.000000
0.000000
0.000000
0.000000
0.000000
0.000000
0.000000
0.000000
0.000000
0.000000
0.000000
0.000000
0.000000
0.000000
0.000000
0.000000
0.000000
0.000000
0.000000
0.000051
0.001316
0.000000
0.001905
0.001040
0.000000
0.001122
0.006180
0.000000
0.004380
0.000195
0.000000
0.000087
0.000088
0.000000
0.000104
0.000373
0.000000
0.000304
0.000000
0.000000
0.000000
0.000000
0.000000
0.000000
0.000000
0.000000
0.000000
0.000000
0.000000
0.000000
0.000000
0.000000
0.000000
0.000000
0.000000
0.000000
0.000000
0.000005
0.000091
0.000000
0.000834
0.000506
0.000000
0.002160
0.000932
0.000000
0.003194
0.001660
0.000000
0.000117
0.000000
0.000000
0.000263
0.000007
0.000000
0.000389
0.000000
0.000000
0.000000
0.000000
0.000000
0.000000
0.000000
0.000000
0.000000
0.000000
0.000000
0.000000
0.000000
0.000000
0.000000
0.000000
0.000000
0.000000
0.000000
0.000000
0.000083
0.000201
0.001757
0.000938
0.014486
0.000876
0.001497
0.006775
0.003945
0.002722
0.035806
0.000087
0.000335
0.000560
0.000023
0.000350
0.001083
0.000065
0.000428
0.001379
0.000000
0.000000
0.000000
0.000000
0.000000
0.000000
0.000000
0.000000
0.000000
0.000012
0.000071
0.000000
0.000000
0.000000
0.000000
0.000000
0.000000
0.000000
0.001539
0.000000
0.000010
0.000509
0.000000
0.000344
0.000000
0.000000
0.000000
0.000070
0.000000
0.000016
0.001793
0.000062
0.000431
0.000000
0.000000
0.000016
0.000106
0.000000
0.000000
0.000000
0.000000
0.000000
0.000000
0.000000
0.000000
0.000000
0.000000
0.000000
0.000009
0.000120
0.000053
0.000000
0.000000
0.000000
0.000000
0.000000
0.000000
0.007539
0.000078
0.000017
0.000000
0.000497
0.001225
0.000000
0.000000
0.000000
0.000000
0.000007
0.000107
0.000000
0.005605
0.002795
0.000000
0.000072
0.000000
0.000000
0.000135
0.000415
0.000000
0.000000
0.000000
0.000000
0.000000
0.000000
0.000000
0.000000
0.000000
0.000000
0.000062
0.000000
0.000000
0.000040
0.000000
0.000000
0.000000
0.000007
0.001619
0.000055
0.000040
0.000579
0.000014
0.003919
0.000000
0.000000
0.000000
0.000047
0.000000
0.000526
0.000455
0.002972
0.002751
0.000000
0.000000
0.000000
0.000000
0.000000
0.000263
0.000000
0.000000
0.000000
0.000000
0.000000
0.000000
0.000000
0.000000
0.000000
0.000000
0.000000
0.000007
0.000000
0.000011
0.000000
0.000000
0.000000
0.000000
0.000842
0.000010
0.000000
0.000000
0.000000
0.000000
0.000603
0.000000
0.000244
0.000056
0.000000
0.000037
0.000000
0.000006
0.000000
0.001086
0.000000
0.000272
0.000248
0.000000
0.000099
0.000000
0.000000
0.000000
0.000000
0.000000
0.000000
0.000000
0.000000
0.000000
0.000075
0.000063
0.000000
0.000000
0.000025
0.000000
0.000000
0.000012
0.000007
0.006330
0.000096
0.000026
0.000000
0.000000
0.000000
0.000000
0.001058
0.001507
0.000000
0.000060
0.000279
0.000000
0.000000
0.000000
0.000011
0.005694
0.002051
0.000000
0.000151
0.000505
0.000000
0.000000
0.000000
0.000000
0.000000
0.000000
0.000000
0.000000
0.000000
0.000000
0.000000
0.000000
0.000087
0.000012
0.000013
0.000000
0.000000
0.000000
0.001532
0.000097
0.000006
0.000000
0.000000
0.000000
0.000423
0.000107
0.003350
0.000000
0.000000
0.000442
0.000000
0.000000
0.000000
0.000264
0.001603
0.002067
0.000000
0.000000
0.000157
0.000000
0.000000
0.000000
0.000000
0.000000
0.000000
0.000000
0.000000
0.000000
0.000000
0.000000
0.000000
0.000000
0.000000
0.000000
0.000000
0.000000
0.000000
0.000336
0.000000
0.000000
0.000078
0.000000
0.000013
0.000037
0.000000
0.000043
0.000153
0.000000
0.000108
0.000130
0.000000
0.000000
0.000261
0.000007
0.000000
0.000185
0.000000
0.000094
0.000000
0.000000
0.000000
0.000000
0.000000
0.000000
0.000000
0.000000
0.000000
0.000000
0.000000
0.000000
0.000000
0.000000
0.000000
0.000000
0.000000
0.000000
0.000472
0.000051
0.000000
0.000000
0.000014
0.000010
0.000000
0.000000
0.000006
0.000000
0.000083
0.000273
0.000000
0.000173
0.000000
0.000000
0.000536
0.000000
0.000000
0.000165
0.000162
0.000000
0.000000
0.000000
0.000000
0.000000
0.000000
0.000000
0.000000
0.000000
0.000000
0.000000
0.000000
0.000000
0.000000
0.000000
0.000000
0.000000
0.000000
0.000332
0.000078
0.000000
0.000069
0.000000
0.000268
0.000000
0.000000
0.000120
0.000102
0.000000
0.001445
0.000066
0.000225
0.000162
0.000013
0.000687
0.000466
0.000187
0.000313
0.000614
