0.007772
0.011661
0.010803
0.003163
0.011167
0.007919
0.001990
0.002138
0.002950
0.000844
0.002946
0.000720
0.000706
0.003383
0.000629
0.000095
0.000179
0.000050
0.466706
0.000369
0.028698
0.061394
0.038193
0.090996
0.042993
0.049573
0.059172
0.017191
0.010922
0.027107
0.002956
0.012062
0.003410
0.002306
0.012421
0.002675
0.000471
0.000673
0.000597
0.005471
0.000000
0.001431
0.000000
0.000000
0.000000
0.000467
0.000000
0.000201
0.000088
0.000000
0.000033
0.000000
0.000000
0.000000
0.000005
0.000000
0.000000
0.000000
0.000000
0.000099
0.000000
0.000000
0.000000
0.000000
0.000000
0.000000
0.000000
0.000000
0.000000
0.000000
0.000000
0.000000
0.000000
0.000000
0.000000
0.000000
0.000000
0.000000
0.000000
0.008738
0.001598
0.000000
0.000000
0.000000
0.000000
0.000521
0.000037
0.000000
0.000447
0.000003
0.000000
0.000000
0.000000
0.000000
0.000008
0.000000
0.000000
0.000044
0.000279
0.000000
0.000000
0.000000
0.000000
0.000000
0.000000
0.000000
0.000000
0.000000
0.000000
0.000000
0.000000
0.000000
0.000000
0.000000
0.000000
0.000000
0.000000
0.001574
0.001640
0.006409
0.000000
0.000000
0.000000
0.000062
0.000056
0.000544
0.000016
0.000119
0.000240
0.000000
0.000000
0.000000
0.000000
0.000000
0.000000
0.000000
0.000012
0.000140
0.000000
0.000000
0.000000
0.000000
0.000000
0.000000
0.000000
0.000000
0.000000
0.000000
0.000000
0.000000
0.000000
0.000000
0.000000
0.000000
0.000000
0.000000
0.000000
0.000000
0.000000
0.001960
0.000000
0.000813
0.000213
0.000000
0.000025
0.000000
0.000000
0.000000
0.000093
0.000000
0.000003
0.000003
0.000000
0.000000
0.000000
0.000000
0.000061
0.000000
0.000000
0.000000
0.000000
0.000000
0.000000
0.000000
0.000000
0.000000
0.000000
0.000000
0.000000
0.000000
0.000000
0.000000
0.000000
0.000000
0.000000
0.000000
0.000000
0.000000
0.000000
0.008332
0.001268
0.000000
0.000444
0.000117
0.000000
0.000000
0.000000
0.000000
0.000703
0.000026
0.000000
0.000020
0.000003
0.000000
0.000000
0.000131
0.000000
0.000000
0.000000
0.000000
0.000000
0.000000
0.000000
0.000000
0.000000
0.000000
0.000000
0.000000
0.000000
0.000000
0.000000
0.000000
0.000000
0.000000
0.000000
0.000000
0.000000
0.000715
0.001516
0.004647
0.000108
0.000076
0.000495
0.000000
0.000000
0.000000
0.000052
0.000060
0.000145
0.000000
0.000000
0.000000
0.000000
0.000000
0.000057
0.000000
0.000000
0.000000
0.000000
0.000000
0.000000
0.000000
0.000000
0.000000
0.000000
0.000000
0.000000
0.000000
0.000000
0.000000
0.000000
0.000000
0.000000
0.000300
0.000000
0.000088
0.000261
0.000000
0.000222
0.000839
0.000000
0.000245
0.000006
0.000000
0.000000
0.000005
0.000000
0.000003
0.000013
0.000000
0.000006
0.000000
0.000000
0.000011
0.000000
0.000000
0.000000
0.000000
0.000000
0.000000
0.000000
0.000000
0.000000
0.000000
0.000000
0.000000
0.000000
0.000000
0.000000
0.000000
0.000000
0.000000
0.000000
0.000345
0.000073
0.000000
0.000422
0.000094
0.000000
0.000667
0.000241
0.000000
0.000051
0.000000
0.000000
0.000084
0.000000
0.000000
0.000056
0.000000
0.000000
0.000000
0.000021
0.000000
0.000000
0.000000
0.000000
0.000000
0.000000
0.000000
0.000000
0.000000
0.000000
0.000000
0.000000
0.000000
0.000000
0.000000
0.000000
0.000000
0.000000
0.000146
0.000067
0.000552
0.000058
0.000144
0.000364
0.000190
0.000259
0.000939
0.000007
0.000000
0.000005
0.000006
0.000041
0.000081
0.000032
0.000022
0.000000
0.000000
0.000000
0.000028
0.000000
0.000000
0.000000
0.000000
0.000000
0.000000
0.000000
0.000000
0.000000
0.000000
0.000000
0.000000
0.000000
0.000000
0.000000
0.000000
0.000000
0.000000
0.000186
0.000000
0.000024
0.000000
0.000000
0.000000
0.000032
0.000000
0.000000
0.000295
0.000000
0.000042
0.000000
0.000000
0.000000
0.000024
0.000000
0.000004
0.000242
0.000000
0.000000
0.000000
0.000000
0.000000
0.000000
0.000000
0.000000
0.000000
0.000000
0.000000
0.000000
0.000000
0.000000
0.000000
0.000000
0.000000
0.000000
0.000000
0.000000
0.000000
0.000642
0.000262
0.000000
0.000000
0.000000
0.000000
0.000026
0.000012
0.000000
0.001104
0.000119
0.000000
0.000000
0.000000
0.000000
0.000016
0.000000
0.000709
0.000030
0.000017
0.000000
0.000000
0.000000
0.000000
0.000000
0.000000
0.000000
0.000000
0.000000
0.000000
0.000025
0.000000
0.000000
0.000000
0.000000
0.000000
0.000000
0.000000
0.000032
0.000012
0.000249
0.000000
0.000000
0.000000
0.000005
0.000000
0.000007
0.000080
0.000105
0.000120
0.000000
0.000000
0.000000
0.000000
0.000000
0.000000
0.000106
0.000000
0.000005
0.000000
0.000000
0.000000
0.000000
0.000000
0.000000
0.000000
0.000000
0.000000
0.000000
0.000000
0.000000
0.000000
0.000000
0.000000
0.000000
0.000000
0.000000
0.000000
0.000000
0.000000
0.000073
0.000000
0.000077
0.000026
0.000000
0.000000
0.000000
0.000000
0.000000
0.000264
0.000000
0.000089
0.000003
0.000000
0.000000
0.000163
0.000000
0.000007
0.000000
0.000000
0.000000
0.000000
0.000000
0.000000
0.000000
0.000000
0.000000
0.000000
0.000000
0.000000
0.000000
0.000006
0.000000
0.000000
0.000000
0.000000
0.000000
0.000000
0.000000
0.000000
0.000663
0.000125
0.000000
0.000058
0.000009
0.000000
0.000000
0.000000
0.000000
0.001313
0.000096
0.000000
0.000016
0.000023
0.000964
0.000026
0.000017
0.000000
0.000000
0.000000
0.000000
0.000000
0.000000
0.000000
0.000000
0.000000
0.000000
0.000000
0.000000
0.000000
0.000008
0.000004
0.000000
0.000000
0.000000
0.000000
0.000000
0.000000
0.000015
0.000007
0.000212
0.000000
0.000000
0.000055
0.000000
0.000000
0.000000
0.000033
0.000133
0.000082
0.000000
0.000000
0.000003
0.000088
0.000003
0.000000
0.000000
0.000000
0.000000
0.000000
0.000000
0.000000
0.000000
0.000000
0.000000
0.000000
0.000000
0.000000
0.000000
0.000000
0.000000
0.000000
0.000000
0.000000
0.000000
0.000000
0.000000
0.000000
0.000000
0.000000
0.000030
0.000000
0.000000
0.000039
0.000000
0.000000
0.000003
0.000000
0.000000
0.000009
0.000000
0.000003
0.000009
0.000004
0.000000
0.000000
0.000000
0.000000
0.000000
0.000000
0.000000
0.000000
0.000000
0.000000
0.000000
0.000000
0.000000
0.000000
0.000000
0.000000
0.000000
0.000000
0.000000
0.000000
0.000000
0.000006
0.000000
0.000000
0.000000
0.000000
0.000035
0.000002
0.000000
0.000032
0.000000
0.000000
0.000045
0.000000
0.000000
0.000026
0.000003
0.000028
0.000000
0.000000
0.000000
0.000000
0.000000
0.000000
0.000000
0.000000
0.000000
0.000000
0.000000
0.000000
0.000000
0.000000
0.000000
0.000000
0.000000
0.000000
0.000000
0.000000
0.000012
0.000000
0.000007
0.000000
0.000000
0.000000
0.000000
0.000000
0.000020
0.000003
0.000000
0.000000
0.000000
0.000000
0.000000
0.000000
0.000000
0.000003
0.000000
0.000006
0.000000
0.000000
0.000000
0.000000
0.000000
0.000000
0.000000
0.000000
0.000000
0.000000
0.000000
0.000000
0.000000
0.000000
0.000000
0.000000
0.000000
0.000000
0.000000
0.000000
0.000000
0.000000
0.000000
0.000000
0.000000
0.000000
0.000000
0.000000
0.000297
0.001034
0.000141
0.000221
0.000889
0.000098
0.000006
0.000015
0.000000
0.453243
0.000000
0.000022
0.000000
0.000000
0.000000
0.000000
0.000000
0.000000
0.000000
0.000000
0.000000
0.000874
0.002861
0.000542
0.000919
0.003491
0.000352
0.000053
0.000044
0.000033
0.000000
0.000034
0.000000
0.000000
0.000005
0.000000
0.000000
0.000005
0.000000
0.000007
0.000033
0.000004
0.000000
0.000068
0.000005
0.000000
0.000000
0.000000
0.000000
0.000086
0.000000
0.000000
0.000020
0.000020
0.000000
0.000004
0.000000
0.000000
0.000000
0.000000
0.000000
0.000033
0.000000
0.000000
0.000006
0.000000
0.000000
0.000012
0.000030
0.000059
0.000144
0.000128
0.000079
0.000093
0.000105
0.000025
0.000000
0.000015
0.000000
0.000004
0.000012
0.000000
0.000006
0.000000
0.000000
0.000000
0.000000
0.000017
0.000000
0.027121
0.000146
0.000051
0.000200
0.000107
0.000086
0.000177
0.000100
0.000003
0.000099
0.000006
0.000008
0.000000
0.000000
0.000013
0.000000
0.000000
0.000000
0.000000
0.000000
0.000000
0.000000
0.000000
0.000000
0.000000
0.000000
0.000000
0.000000
0.000000
0.000000
0.000000
0.000000
0.000000
0.000000
0.000000
0.000000
0.000000
0.000000
0.000000
0.000059
0.042431
0.000000
0.014317
0.000000
0.000000
0.000000
0.003132
0.000000
0.000956
0.000589
0.000000
0.000152
0.000000
0.000000
0.000000
0.000033
0.000000
0.000014
0.000000
0.000000
0.000000
0.000000
0.000000
0.000000
0.000000
0.000000
0.000000
0.000000
0.000000
0.000000
0.000000
0.000000
0.000000
0.000000
0.000000
0.000000
0.000000
0.000034
0.000098
0.000000
0.022774
0.009429
0.000000
0.000000
0.000000
0.000000
0.002078
0.000877
0.000000
0.002914
0.000073
0.000000
0.000000
0.000000
0.000000
0.000095
0.000000
0.000000
0.000000
0.000000
0.000000
0.000000
0.000000
0.000000
0.000000
0.000000
0.000000
0.000000
0.000000
0.000000
0.000000
0.000000
0.000000
0.000000
0.000000
0.000000
0.000007
0.000160
0.013656
0.012076
0.057675
0.000000
0.000000
0.000000
0.000804
0.000909
0.004130
0.000124
0.000911
0.000929
0.000000
0.000000
0.000000
0.000006
0.000009
0.000046
0.000000
0.000000
0.000000
0.000000
0.000000
0.000000
0.000000
0.000000
0.000000
0.000000
0.000000
0.000000
0.000000
0.000000
0.000000
0.000000
0.000000
0.000000
0.000000
0.000000
0.000060
0.000000
0.000000
0.000000
0.030587
0.000000
0.008162
0.003007
0.000000
0.001025
0.000000
0.000000
0.000000
0.000195
0.000000
0.000082
0.000015
0.000000
0.000000
0.000000
0.000000
0.000000
0.000000
0.000000
0.000000
0.000000
0.000000
0.000000
0.000000
0.000000
0.000000
0.000000
0.000000
0.000000
0.000000
0.000000
0.000000
0.000000
0.000010
0.000169
0.000000
0.000000
0.000000
0.000000
0.034677
0.009109
0.000000
0.001643
0.001689
0.000000
0.000000
0.000000
0.000000
0.002404
0.000016
0.000000
0.000005
0.000000
0.000000
0.000000
0.000000
0.000000
0.000000
0.000000
0.000000
0.000000
0.000000
0.000000
0.000000
0.000000
0.000000
0.000000
0.000000
0.000000
0.000000
0.000000
0.000000
0.000005
0.000084
0.000000
0.000000
0.000000
0.008607
0.007863
0.035576
0.000936
0.000667
0.004210
0.000000
0.000000
0.000000
0.000067
0.000572
0.000770
0.000009
0.000000
0.000012
0.000000
0.000000
0.000000
0.000000
0.000000
0.000000
0.000000
0.000000
0.000000
0.000000
0.000000
0.000000
0.000000
0.000000
0.000000
0.000000
0.000000
0.000000
0.000000
0.000000
0.000012
0.002961
0.000000
0.001692
0.002270
0.000000
0.000982
0.006837
0.000000
0.002230
0.000017
0.000000
0.000006
0.000074
0.000000
0.000031
0.000117
0.000000
0.000054
0.000000
0.000000
0.000000
0.000000
0.000000
0.000000
0.000000
0.000000
0.000000
0.000000
0.000000
0.000000
0.000000
0.000000
0.000000
0.000000
0.000000
0.000000
0.000000
0.000000
0.000025
0.000000
0.001464
0.000784
0.000000
0.002502
0.000491
0.000000
0.003635
0.001581
0.000000
0.000047
0.000008
0.000000
0.000194
0.000023
0.000000
0.000186
0.000029
0.000000
0.000000
0.000000
0.000000
0.000000
0.000000
0.000000
0.000000
0.000000
0.000000
0.000000
0.000000
0.000000
0.000000
0.000000
0.000000
0.000000
0.000000
0.000000
0.000000
0.000029
0.001613
0.000670
0.005316
0.000852
0.001161
0.002999
0.002262
0.001796
0.009920
0.000004
0.000044
0.000049
0.000006
0.000130
0.000145
0.000039
0.000055
0.000144
0.000000
0.000000
0.000000
0.000000
0.000000
0.000000
0.000000
0.000000
0.000000
0.000000
0.000000
0.000000
0.000000
0.000000
0.000000
0.000000
0.000000
0.000000
0.000958
0.000000
0.000000
0.000508
0.000000
0.000169
0.000000
0.000000
0.000000
0.000028
0.000000
0.000000
0.001052
0.000000
0.000205
0.000000
0.000000
0.000000
0.000040
0.000000
0.000009
0.000000
0.000000
0.000000
0.000000
0.000000
0.000000
0.000000
0.000000
0.000000
0.000007
0.000026
0.000000
0.000000
0.000000
0.000000
0.000000
0.000000
0.000000
0.004493
0.000004
0.000000
0.000000
0.001260
0.000665
0.000000
0.000000
0.000000
0.000000
0.000045
0.000011
0.000026
0.004616
0.000777
0.000000
0.000000
0.000000
0.000000
0.000112
0.000035
0.000000
0.000000
0.000000
0.000000
0.000000
0.000000
0.000000
0.000000
0.000000
0.000000
0.000000
0.000000
0.000000
0.000000
0.000000
0.000000
0.000000
0.000000
0.000391
0.000026
0.000019
0.000358
0.000044
0.001092
0.000000
0.000000
0.000000
0.000000
0.000000
0.000035
0.000175
0.000583
0.000685
0.000000
0.000000
0.000000
0.000000
0.000000
0.000011
0.000000
0.000000
0.000000
0.000000
0.000000
0.000000
0.000000
0.000000
0.000000
0.000000
0.000000
0.000000
0.000000
0.000000
0.000000
0.000000
0.000000
0.000000
0.000527
0.000000
0.000000
0.000000
0.000000
0.000000
0.000496
0.000000
0.000124
0.000120
0.000000
0.000017
0.000000
0.000000
0.000000
0.000857
0.000000
0.000116
0.000027
0.000000
0.000019
0.000000
0.000000
0.000000
0.000000
0.000000
0.000000
0.000000
0.000000
0.000000
0.000000
0.000000
0.000005
0.000032
0.000051
0.000005
0.000000
0.000000
0.000003
0.004043
0.000068
0.000048
0.000000
0.000000
0.000000
0.000000
0.001722
0.000740
0.000000
0.000081
0.000109
0.000000
0.000000
0.000000
0.000000
0.004665
0.000716
0.000000
0.000054
0.000075
0.000000
0.000000
0.000000
0.000000
0.000000
0.000000
0.000000
0.000000
0.000000
0.000000
0.000000
0.000000
0.000000
0.000000
0.000000
0.000000
0.000000
0.000000
0.000352
0.000006
0.000000
0.000000
0.000000
0.000000
0.000187
0.000051
0.000913
0.000010
0.000004
0.000042
0.000000
0.000000
0.000000
0.000123
0.000573
0.000382
0.000000
0.000000
0.000019
0.000000
0.000000
0.000000
0.000000
0.000000
0.000000
0.000000
0.000000
0.000000
0.000000
0.000000
0.000000
0.000000
0.000000
0.000000
0.000000
0.000000
0.000000
0.000095
0.000000
0.000000
0.000006
0.000000
0.000022
0.000023
0.000000
0.000000
0.000029
0.000000
0.000021
0.000094
0.000000
0.000000
0.000071
0.000000
0.000018
0.000087
0.000000
0.000006
0.000000
0.000000
0.000000
0.000000
0.000000
0.000000
0.000000
0.000000
0.000000
0.000000
0.000000
0.000000
0.000000
0.000000
0.000000
0.000000
0.000000
0.000000
0.000081
0.000000
0.000000
0.000000
0.000012
0.000012
0.000000
0.000009
0.000012
0.000000
0.000081
0.000096
0.000000
0.000011
0.000000
0.000000
0.000263
0.000002
0.000000
0.000084
0.000012
0.000000
0.000000
0.000000
0.000000
0.000000
0.000000
0.000000
0.000000
0.000000
0.000000
0.000000
0.000000
0.000000
0.000000
0.000000
0.000000
0.000000
0.000000
0.000031
0.000000
0.000000
0.000000
0.000000
0.000055
0.000000
0.000000
0.000060
0.000012
0.000000
0.000124
0.000000
0.000066
0.000000
0.000003
0.000126
0.000018
0.000048
0.000007
0.000050
