0.001275
0.006812
0.008625
0.001899
0.005281
0.005155
0.002018
0.001921
0.003574
0.000989
0.003135
0.001282
0.000756
0.003061
0.001288
0.000400
0.000212
0.000317
0.561799
0.000562
0.031559
0.027665
0.019272
0.072030
0.023968
0.016972
0.055140
0.022228
0.008636
0.051499
0.003954
0.016731
0.007950
0.008149
0.010778
0.007530
0.001097
0.001458
0.003023
0.000568
0.000000
0.000359
0.000000
0.000000
0.000000
0.000180
0.000000
0.000000
0.000041
0.000000
0.000000
0.000000
0.000000
0.000000
0.000000
0.000000
0.000000
0.000000
0.000000
0.000065
0.000000
0.000000
0.000000
0.000000
0.000000
0.000000
0.000000
0.000000
0.000000
0.000000
0.000000
0.000000
0.000000
0.000000
0.000000
0.000000
0.000000
0.000000
0.000000
0.004577
0.000976
0.000000
0.000000
0.000000
0.000000
0.000000
0.000554
0.000000
0.000521
0.000109
0.000000
0.000000
0.000000
0.000000
0.000000
0.000000
0.000000
0.000000
0.000133
0.000000
0.000000
0.000000
0.000000
0.000000
0.000000
0.000000
0.000000
0.000000
0.000000
0.000000
0.000000
0.000000
0.000000
0.000000
0.000000
0.000000
0.000000
0.000170
0.001094
0.005126
0.000000
0.000000
0.000000
0.000041
0.000069
0.000878
0.000078
0.000367
0.000233
0.000000
0.000000
0.000000
0.000000
0.000000
0.000037
0.000000
0.000000
0.000069
0.000000
0.000000
0.000000
0.000000
0.000000
0.000000
0.000000
0.000000
0.000000
0.000000
0.000000
0.000000
0.000000
0.000000
0.000000
0.000000
0.000000
0.000000
0.000000
0.000000
0.000000
0.000949
0.000000
0.000362
0.000317
0.000000
0.000106
0.000000
0.000000
0.000000
0.000168
0.000000
0.000000
0.000000
0.000000
0.000000
0.000000
0.000000
0.000000
0.000000
0.000000
0.000000
0.000000
0.000000
0.000000
0.000000
0.000000
0.000000
0.000000
0.000000
0.000000
0.000000
0.000000
0.000000
0.000000
0.000000
0.000000
0.000000
0.000000
0.000000
0.000000
0.003183
0.001029
0.000000
0.000082
0.000000
0.000000
0.000000
0.000000
0.000000
0.001019
0.000000
0.000000
0.000000
0.000000
0.000000
0.000000
0.000000
0.000000
0.000000
0.000000
0.000000
0.000000
0.000000
0.000000
0.000000
0.000000
0.000000
0.000000
0.000000
0.000000
0.000000
0.000000
0.000000
0.000000
0.000000
0.000000
0.000000
0.000000
0.000291
0.001138
0.002587
0.000078
0.000513
0.000157
0.000000
0.000000
0.000000
0.000037
0.000079
0.000263
0.000000
0.000000
0.000037
0.000000
0.000000
0.000000
0.000000
0.000000
0.000000
0.000000
0.000000
0.000000
0.000000
0.000000
0.000000
0.000000
0.000000
0.000000
0.000000
0.000000
0.000000
0.000000
0.000000
0.000000
0.000313
0.000000
0.000226
0.000372
0.000000
0.000048
0.000800
0.000000
0.000109
0.000075
0.000000
0.000000
0.000000
0.000000
0.000000
0.000078
0.000000
0.000000
0.000000
0.000000
0.000000
0.000000
0.000000
0.000000
0.000000
0.000000
0.000000
0.000000
0.000000
0.000000
0.000000
0.000000
0.000000
0.000000
0.000000
0.000000
0.000000
0.000000
0.000000
0.000000
0.000041
0.000554
0.000000
0.000581
0.000037
0.000000
0.000554
0.000069
0.000000
0.000037
0.000000
0.000000
0.000000
0.000000
0.000000
0.000000
0.000000
0.000000
0.000000
0.000069
0.000000
0.000000
0.000000
0.000000
0.000000
0.000000
0.000000
0.000000
0.000000
0.000000
0.000000
0.000000
0.000000
0.000000
0.000000
0.000000
0.000000
0.000000
0.000079
0.000065
0.000377
0.000041
0.000000
0.000619
0.000246
0.000687
0.001290
0.000000
0.000000
0.000000
0.000041
0.000000
0.000000
0.000037
0.000000
0.000116
0.000000
0.000000
0.000000
0.000000
0.000000
0.000000
0.000000
0.000000
0.000000
0.000000
0.000000
0.000000
0.000000
0.000000
0.000000
0.000000
0.000000
0.000000
0.000000
0.000000
0.000000
0.000147
0.000000
0.000114
0.000000
0.000000
0.000000
0.000000
0.000000
0.000000
0.000416
0.000000
0.000000
0.000000
0.000000
0.000000
0.000000
0.000000
0.000000
0.000313
0.000000
0.000000
0.000000
0.000000
0.000000
0.000000
0.000000
0.000000
0.000000
0.000000
0.000000
0.000000
0.000000
0.000000
0.000000
0.000000
0.000000
0.000000
0.000000
0.000000
0.000000
0.000380
0.000037
0.000000
0.000000
0.000000
0.000000
0.000000
0.000037
0.000000
0.001038
0.000413
0.000000
0.000000
0.000000
0.000000
0.000075
0.000037
0.000984
0.000099
0.000000
0.000000
0.000000
0.000000
0.000000
0.000000
0.000000
0.000000
0.000000
0.000000
0.000000
0.000000
0.000038
0.000000
0.000000
0.000000
0.000000
0.000000
0.000000
0.000000
0.000000
0.000307
0.000000
0.000000
0.000000
0.000000
0.000000
0.000215
0.000079
0.000154
0.000341
0.000000
0.000000
0.000000
0.000000
0.000000
0.000000
0.000150
0.000000
0.000000
0.000000
0.000000
0.000000
0.000000
0.000000
0.000000
0.000000
0.000000
0.000000
0.000000
0.000000
0.000000
0.000000
0.000037
0.000000
0.000000
0.000000
0.000000
0.000000
0.000000
0.000000
0.000078
0.000000
0.000000
0.000000
0.000000
0.000000
0.000000
0.000000
0.000000
0.000235
0.000000
0.000041
0.000041
0.000000
0.000000
0.000324
0.000000
0.000000
0.000000
0.000000
0.000000
0.000000
0.000000
0.000000
0.000000
0.000000
0.000000
0.000000
0.000000
0.000000
0.000000
0.000037
0.000000
0.000000
0.000000
0.000000
0.000000
0.000000
0.000000
0.000000
0.000168
0.000085
0.000000
0.000000
0.000000
0.000000
0.000000
0.000000
0.000000
0.001241
0.000438
0.000000
0.000000
0.000000
0.000633
0.000000
0.000000
0.000000
0.000000
0.000000
0.000000
0.000000
0.000000
0.000000
0.000000
0.000000
0.000000
0.000000
0.000000
0.000000
0.000513
0.000000
0.000000
0.000000
0.000000
0.000000
0.000000
0.000000
0.000037
0.000069
0.000413
0.000000
0.000000
0.000106
0.000000
0.000000
0.000000
0.000041
0.000048
0.000281
0.000000
0.000000
0.000052
0.000175
0.000000
0.000069
0.000000
0.000000
0.000000
0.000000
0.000000
0.000000
0.000000
0.000000
0.000000
0.000000
0.000000
0.000000
0.000000
0.000000
0.000000
0.000000
0.000000
0.000000
0.000000
0.000000
0.000000
0.000000
0.000000
0.000000
0.000179
0.000000
0.000000
0.000041
0.000000
0.000000
0.000075
0.000000
0.000000
0.000069
0.000000
0.000000
0.000037
0.000000
0.000000
0.000000
0.000000
0.000000
0.000000
0.000000
0.000000
0.000000
0.000000
0.000000
0.000000
0.000000
0.000000
0.000000
0.000000
0.000000
0.000000
0.000000
0.000000
0.000000
0.000069
0.000000
0.000000
0.000000
0.000000
0.000000
0.000037
0.000037
0.000000
0.000000
0.000000
0.000000
0.000000
0.000000
0.000000
0.000069
0.000000
0.000000
0.000000
0.000000
0.000000
0.000000
0.000000
0.000000
0.000000
0.000000
0.000000
0.000000
0.000000
0.000000
0.000000
0.000000
0.000000
0.000000
0.000000
0.000000
0.000000
0.000000
0.000000
0.000000
0.000000
0.000000
0.000000
0.000000
0.000052
0.000000
0.000037
0.000000
0.000000
0.000037
0.000000
0.000000
0.000000
0.000037
0.000000
0.000037
0.000079
0.000037
0.000000
0.000000
0.000000
0.000000
0.000000
0.000000
0.000000
0.000000
0.000000
0.000000
0.000000
0.000000
0.000000
0.000000
0.000000
0.000000
0.000000
0.000000
0.000000
0.000000
0.000000
0.000000
0.000000
0.000000
0.000000
0.000000
0.000000
0.000000
0.000223
0.000902
0.000150
0.000160
0.000650
0.000227
0.000137
0.000069
0.000000
0.543077
0.000000
0.000064
0.000000
0.000000
0.000000
0.000000
0.000000
0.000000
0.000000
0.000000
0.000000
0.000815
0.003532
0.001176
0.003137
0.003608
0.001095
0.000098
0.000276
0.000139
0.000000
0.000000
0.000000
0.000069
0.000000
0.000000
0.000065
0.000000
0.000000
0.000038
0.000041
0.000000
0.000000
0.000041
0.000041
0.000000
0.000000
0.000000
0.000000
0.000133
0.000000
0.000000
0.000000
0.000000
0.000000
0.000000
0.000000
0.000000
0.000000
0.000000
0.000000
0.000000
0.000099
0.000000
0.000000
0.000000
0.000000
0.000037
0.000000
0.000000
0.000645
0.000560
0.000065
0.000173
0.000000
0.000065
0.000000
0.000000
0.000000
0.000000
0.000000
0.000000
0.000000
0.000000
0.000000
0.000000
0.000000
0.000000
0.000000
0.029449
0.000000
0.000133
0.000197
0.000065
0.000000
0.000000
0.000206
0.000000
0.000133
0.000000
0.000000
0.000000
0.000000
0.000000
0.000000
0.000000
0.000000
0.000000
0.000000
0.000000
0.000000
0.000000
0.000000
0.000000
0.000000
0.000000
0.000000
0.000000
0.000000
0.000000
0.000000
0.000000
0.000000
0.000000
0.000000
0.000000
0.000000
0.000000
0.000141
0.018538
0.000000
0.005234
0.000000
0.000000
0.000000
0.001794
0.000000
0.001069
0.000970
0.000000
0.000150
0.000000
0.000000
0.000000
0.000000
0.000000
0.000000
0.000000
0.000000
0.000000
0.000000
0.000000
0.000000
0.000000
0.000000
0.000000
0.000000
0.000000
0.000000
0.000000
0.000000
0.000000
0.000000
0.000000
0.000000
0.000000
0.000000
0.000000
0.000000
0.010644
0.003972
0.000000
0.000000
0.000000
0.000000
0.001116
0.000635
0.000000
0.002922
0.000000
0.000000
0.000000
0.000000
0.000000
0.000099
0.000000
0.000000
0.000000
0.000000
0.000000
0.000000
0.000000
0.000000
0.000000
0.000000
0.000000
0.000000
0.000000
0.000000
0.000000
0.000000
0.000000
0.000000
0.000000
0.000000
0.000065
0.000710
0.004812
0.006368
0.047125
0.000000
0.000000
0.000000
0.000276
0.000827
0.006367
0.000253
0.002459
0.002646
0.000000
0.000000
0.000000
0.000000
0.000000
0.000562
0.000000
0.000000
0.000000
0.000000
0.000000
0.000000
0.000000
0.000000
0.000000
0.000000
0.000000
0.000000
0.000000
0.000000
0.000000
0.000000
0.000000
0.000000
0.000000
0.000000
0.000000
0.000000
0.000000
0.000000
0.013261
0.000000
0.006989
0.001690
0.000000
0.001858
0.000000
0.000000
0.000000
0.000171
0.000000
0.000151
0.000000
0.000000
0.000000
0.000000
0.000000
0.000000
0.000000
0.000000
0.000000
0.000000
0.000000
0.000000
0.000000
0.000000
0.000000
0.000000
0.000000
0.000000
0.000000
0.000000
0.000000
0.000000
0.000000
0.000000
0.000000
0.000000
0.000000
0.000000
0.010247
0.004061
0.000000
0.001116
0.000624
0.000000
0.000000
0.000000
0.000000
0.000824
0.000086
0.000000
0.000110
0.000000
0.000000
0.000000
0.000000
0.000000
0.000000
0.000000
0.000000
0.000000
0.000000
0.000000
0.000000
0.000000
0.000000
0.000000
0.000000
0.000000
0.000000
0.000000
0.000000
0.000069
0.000554
0.000000
0.000000
0.000000
0.004501
0.002916
0.032890
0.001787
0.000621
0.009085
0.000000
0.000000
0.000000
0.000817
0.000607
0.001724
0.000000
0.000000
0.000000
0.000000
0.000000
0.000000
0.000000
0.000000
0.000000
0.000000
0.000000
0.000000
0.000000
0.000000
0.000000
0.000000
0.000000
0.000000
0.000000
0.000000
0.000000
0.000000
0.000000
0.000133
0.003397
0.000000
0.003239
0.001753
0.000000
0.001573
0.009372
0.000000
0.002473
0.000000
0.000000
0.000136
0.000170
0.000000
0.000000
0.000041
0.000000
0.000131
0.000000
0.000000
0.000000
0.000000
0.000000
0.000000
0.000000
0.000000
0.000000
0.000000
0.000000
0.000000
0.000000
0.000000
0.000000
0.000000
0.000000
0.000000
0.000000
0.000000
0.000048
0.000000
0.000951
0.001205
0.000000
0.001238
0.000605
0.000000
0.003278
0.001244
0.000000
0.000000
0.000000
0.000000
0.000000
0.000000
0.000000
0.000108
0.000000
0.000000
0.000000
0.000000
0.000000
0.000000
0.000000
0.000000
0.000000
0.000000
0.000000
0.000000
0.000000
0.000000
0.000000
0.000000
0.000000
0.000000
0.000000
0.000000
0.000000
0.000065
0.000583
0.000475
0.009396
0.001258
0.000750
0.004595
0.006704
0.001423
0.024456
0.000000
0.000086
0.000205
0.000000
0.000199
0.000628
0.000253
0.000110
0.000674
0.000000
0.000000
0.000000
0.000000
0.000000
0.000000
0.000000
0.000000
0.000000
0.000000
0.000000
0.000000
0.000000
0.000000
0.000000
0.000000
0.000000
0.000000
0.001782
0.000000
0.000000
0.000223
0.000000
0.000000
0.000000
0.000000
0.000000
0.000099
0.000000
0.000000
0.001387
0.000000
0.000271
0.000000
0.000000
0.000000
0.000099
0.000000
0.000124
0.000000
0.000000
0.000000
0.000000
0.000000
0.000000
0.000000
0.000000
0.000000
0.000000
0.000037
0.000000
0.000000
0.000000
0.000000
0.000000
0.000000
0.000000
0.007404
0.000000
0.000000
0.000000
0.000817
0.000534
0.000000
0.000000
0.000000
0.000000
0.000000
0.000000
0.000000
0.005637
0.002102
0.000000
0.000000
0.000124
0.000000
0.000000
0.000218
0.000000
0.000000
0.000000
0.000000
0.000000
0.000000
0.000000
0.000000
0.000000
0.000000
0.000041
0.000000
0.000000
0.000000
0.000000
0.000000
0.000000
0.000000
0.000495
0.000041
0.000000
0.000284
0.000000
0.001515
0.000000
0.000000
0.000000
0.000000
0.000000
0.001834
0.000559
0.001962
0.001177
0.000000
0.000000
0.000000
0.000000
0.000000
0.000090
0.000000
0.000000
0.000000
0.000000
0.000000
0.000000
0.000000
0.000000
0.000000
0.000000
0.000000
0.000000
0.000000
0.000000
0.000000
0.000000
0.000000
0.000000
0.001558
0.000041
0.000000
0.000000
0.000000
0.000000
0.002296
0.000000
0.000110
0.000174
0.000000
0.000038
0.000000
0.000000
0.000000
0.003504
0.000000
0.000260
0.000175
0.000000
0.000085
0.000000
0.000000
0.000000
0.000000
0.000000
0.000000
0.000000
0.000000
0.000000
0.000000
0.000000
0.000000
0.000000
0.000000
0.000000
0.000000
0.000000
0.000000
0.003940
0.000038
0.000000
0.000000
0.000000
0.000000
0.000000
0.000368
0.000632
0.000000
0.000297
0.000165
0.000000
0.000000
0.000000
0.000000
0.002647
0.002234
0.000000
0.000224
0.000276
0.000000
0.000000
0.000000
0.000000
0.000000
0.000000
0.000000
0.000000
0.000000
0.000000
0.000000
0.000000
0.000000
0.000000
0.000000
0.000000
0.000000
0.000000
0.000336
0.000041
0.000133
0.000000
0.000000
0.000000
0.000670
0.000113
0.002215
0.000000
0.000000
0.000342
0.000000
0.000000
0.000000
0.000359
0.001852
0.001268
0.000000
0.000000
0.000241
0.000000
0.000000
0.000000
0.000000
0.000000
0.000000
0.000000
0.000000
0.000000
0.000000
0.000000
0.000000
0.000000
0.000000
0.000000
0.000000
0.000000
0.000000
0.000377
0.000000
0.000000
0.000060
0.000000
0.000000
0.000000
0.000000
0.000000
0.000201
0.000000
0.000110
0.000000
0.000000
0.000000
0.000041
0.000000
0.000000
0.000313
0.000000
0.000000
0.000000
0.000000
0.000000
0.000000
0.000000
0.000000
0.000000
0.000000
0.000000
0.000000
0.000000
0.000000
0.000000
0.000000
0.000000
0.000000
0.000000
0.000000
0.000457
0.000000
0.000000
0.000000
0.000000
0.000000
0.000000
0.000000
0.000041
0.000000
0.000000
0.000302
0.000000
0.000000
0.000000
0.000000
0.000218
0.000000
0.000000
0.000250
0.000194
0.000000
0.000000
0.000000
0.000000
0.000000
0.000000
0.000000
0.000000
0.000000
0.000000
0.000000
0.000000
0.000000
0.000000
0.000000
0.000000
0.000000
0.000000
0.000363
0.000000
0.000000
0.000000
0.000000
0.000052
0.000176
0.000000
0.000000
0.000049
0.000000
0.001127
0.000000
0.000274
0.000000
0.000041
0.000278
0.000000
0.000124
0.000249
0.000297
