0.003775
0.006837
0.013267
0.001324
0.006364
0.009077
0.001723
0.002260
0.007494
0.001431
0.004540
0.002571
0.000927
0.005140
0.002036
0.000306
0.000846
0.001148
0.441520
0.001478
0.032357
0.029459
0.015382
0.109918
0.022007
0.025279
0.073357
0.017296
0.010387
0.073146
0.004956
0.018783
0.013675
0.003487
0.017708
0.009917
0.001399
0.002124
0.005299
0.002329
0.000000
0.000867
0.000000
0.000000
0.000000
0.000281
0.000000
0.000135
0.000019
0.000000
0.000012
0.000000
0.000000
0.000000
0.000000
0.000000
0.000000
0.000000
0.000000
0.000146
0.000000
0.000000
0.000000
0.000000
0.000000
0.000000
0.000000
0.000000
0.000000
0.000000
0.000000
0.000000
0.000000
0.000000
0.000000
0.000000
0.000000
0.000000
0.000000
0.004436
0.001240
0.000000
0.000000
0.000000
0.000000
0.000337
0.000125
0.000000
0.000413
0.000045
0.000000
0.000000
0.000000
0.000000
0.000012
0.000000
0.000000
0.000008
0.000222
0.000000
0.000000
0.000000
0.000000
0.000000
0.000000
0.000000
0.000000
0.000000
0.000000
0.000000
0.000000
0.000000
0.000000
0.000000
0.000000
0.000000
0.000000
0.000857
0.001205
0.007882
0.000000
0.000000
0.000000
0.000253
0.000185
0.001106
0.000136
0.000314
0.000683
0.000000
0.000000
0.000000
0.000006
0.000016
0.000083
0.000000
0.000156
0.000334
0.000000
0.000000
0.000000
0.000000
0.000000
0.000000
0.000000
0.000000
0.000000
0.000000
0.000000
0.000000
0.000000
0.000000
0.000000
0.000000
0.000000
0.000000
0.000000
0.000000
0.000000
0.000557
0.000000
0.000499
0.000142
0.000000
0.000031
0.000000
0.000000
0.000000
0.000058
0.000000
0.000010
0.000000
0.000000
0.000010
0.000000
0.000000
0.000025
0.000000
0.000000
0.000000
0.000000
0.000000
0.000000
0.000000
0.000000
0.000000
0.000000
0.000000
0.000000
0.000000
0.000000
0.000000
0.000000
0.000000
0.000000
0.000000
0.000000
0.000000
0.000000
0.003587
0.001042
0.000000
0.000298
0.000232
0.000000
0.000000
0.000000
0.000000
0.000745
0.000041
0.000000
0.000058
0.000000
0.000000
0.000010
0.000172
0.000000
0.000000
0.000000
0.000000
0.000000
0.000000
0.000000
0.000000
0.000000
0.000000
0.000000
0.000000
0.000000
0.000000
0.000000
0.000000
0.000000
0.000000
0.000000
0.000000
0.000000
0.000400
0.001222
0.005459
0.000028
0.000095
0.000798
0.000000
0.000000
0.000000
0.000089
0.000253
0.000354
0.000007
0.000000
0.000026
0.000000
0.000006
0.000221
0.000000
0.000000
0.000000
0.000000
0.000000
0.000000
0.000000
0.000000
0.000000
0.000000
0.000000
0.000000
0.000000
0.000000
0.000000
0.000000
0.000000
0.000000
0.000148
0.000000
0.000127
0.000180
0.000000
0.000080
0.000534
0.000000
0.000475
0.000010
0.000000
0.000000
0.000015
0.000000
0.000007
0.000048
0.000000
0.000041
0.000000
0.000000
0.000065
0.000000
0.000000
0.000000
0.000000
0.000000
0.000000
0.000000
0.000000
0.000000
0.000000
0.000000
0.000000
0.000000
0.000000
0.000000
0.000000
0.000000
0.000000
0.000000
0.000283
0.000061
0.000000
0.000353
0.000052
0.000000
0.000746
0.000383
0.000000
0.000006
0.000000
0.000000
0.000115
0.000000
0.000000
0.000166
0.000000
0.000000
0.000000
0.000042
0.000000
0.000000
0.000000
0.000000
0.000000
0.000000
0.000000
0.000000
0.000000
0.000000
0.000000
0.000000
0.000000
0.000000
0.000000
0.000000
0.000000
0.000000
0.000116
0.000112
0.001044
0.000084
0.000313
0.000827
0.000345
0.000358
0.003215
0.000011
0.000008
0.000033
0.000013
0.000119
0.000121
0.000005
0.000136
0.000436
0.000000
0.000008
0.000217
0.000000
0.000000
0.000000
0.000000
0.000000
0.000000
0.000000
0.000000
0.000000
0.000000
0.000000
0.000000
0.000000
0.000000
0.000000
0.000000
0.000000
0.000000
0.000067
0.000000
0.000261
0.000000
0.000000
0.000000
0.000009
0.000000
0.000008
0.000531
0.000000
0.000067
0.000000
0.000000
0.000000
0.000063
0.000000
0.000010
0.000354
0.000000
0.000000
0.000000
0.000000
0.000000
0.000000
0.000000
0.000000
0.000000
0.000000
0.000000
0.000000
0.000000
0.000000
0.000000
0.000000
0.000000
0.000000
0.000000
0.000000
0.000000
0.000505
0.000411
0.000000
0.000000
0.000000
0.000000
0.000063
0.000011
0.000000
0.001473
0.000613
0.000000
0.000000
0.000000
0.000000
0.000068
0.000118
0.001114
0.000015
0.000133
0.000000
0.000000
0.000000
0.000000
0.000000
0.000000
0.000000
0.000000
0.000000
0.000007
0.000043
0.000013
0.000000
0.000000
0.000000
0.000000
0.000000
0.000000
0.000165
0.000014
0.000898
0.000000
0.000000
0.000000
0.000000
0.000000
0.000055
0.000132
0.000187
0.000584
0.000000
0.000000
0.000000
0.000000
0.000000
0.000015
0.000419
0.000051
0.000014
0.000000
0.000000
0.000000
0.000000
0.000000
0.000000
0.000000
0.000000
0.000000
0.000000
0.000055
0.000000
0.000000
0.000000
0.000000
0.000000
0.000000
0.000000
0.000000
0.000000
0.000000
0.000056
0.000000
0.000023
0.000028
0.000000
0.000000
0.000000
0.000000
0.000000
0.000264
0.000000
0.000129
0.000017
0.000000
0.000072
0.000193
0.000013
0.000000
0.000000
0.000000
0.000000
0.000000
0.000000
0.000000
0.000000
0.000000
0.000000
0.000000
0.000000
0.000000
0.000025
0.000000
0.000010
0.000000
0.000000
0.000000
0.000000
0.000000
0.000000
0.000000
0.000701
0.000177
0.000000
0.000055
0.000160
0.000000
0.000000
0.000000
0.000000
0.001933
0.000218
0.000000
0.000083
0.000103
0.001534
0.000116
0.000047
0.000000
0.000000
0.000000
0.000000
0.000000
0.000000
0.000000
0.000000
0.000000
0.000000
0.000000
0.000000
0.000000
0.000050
0.000006
0.000000
0.000000
0.000000
0.000000
0.000000
0.000000
0.000005
0.000023
0.000639
0.000000
0.000005
0.000110
0.000000
0.000000
0.000000
0.000154
0.000124
0.000374
0.000000
0.000000
0.000101
0.000386
0.000055
0.000012
0.000000
0.000000
0.000000
0.000000
0.000000
0.000000
0.000000
0.000000
0.000000
0.000000
0.000000
0.000000
0.000000
0.000006
0.000000
0.000000
0.000000
0.000000
0.000000
0.000000
0.000017
0.000000
0.000000
0.000046
0.000067
0.000000
0.000037
0.000033
0.000000
0.000000
0.000015
0.000000
0.000000
0.000063
0.000000
0.000000
0.000018
0.000000
0.000012
0.000000
0.000000
0.000000
0.000000
0.000000
0.000000
0.000000
0.000000
0.000000
0.000000
0.000000
0.000000
0.000000
0.000000
0.000000
0.000000
0.000000
0.000000
0.000000
0.000005
0.000007
0.000000
0.000012
0.000000
0.000000
0.000079
0.000147
0.000000
0.000107
0.000000
0.000000
0.000196
0.000000
0.000000
0.000093
0.000040
0.000127
0.000000
0.000000
0.000000
0.000000
0.000000
0.000000
0.000000
0.000000
0.000000
0.000000
0.000000
0.000000
0.000000
0.000000
0.000000
0.000000
0.000042
0.000000
0.000000
0.000000
0.000020
0.000000
0.000013
0.000000
0.000000
0.000033
0.000008
0.000000
0.000434
0.000075
0.000047
0.000045
0.000000
0.000089
0.000145
0.000000
0.000084
0.000038
0.000031
0.000013
0.000019
0.000000
0.000000
0.000000
0.000000
0.000000
0.000000
0.000000
0.000000
0.000000
0.000000
0.000000
0.000000
0.000000
0.000000
0.000000
0.000000
0.000000
0.000000
0.000000
0.000000
0.000000
0.000000
0.000000
0.000000
0.000000
0.000000
0.000000
0.000381
0.001469
0.000367
0.000238
0.001429
0.000376
0.000099
0.000128
0.000021
0.416212
0.000000
0.000164
0.000000
0.000000
0.000000
0.000000
0.000000
0.000000
0.000000
0.000000
0.000000
0.001434
0.004658
0.002089
0.001535
0.005081
0.002024
0.000168
0.000189
0.000301
0.000014
0.000000
0.000088
0.000000
0.000074
0.000015
0.000000
0.000006
0.000000
0.000015
0.000125
0.000063
0.000000
0.000032
0.000204
0.000000
0.000010
0.000033
0.000000
0.000367
0.000000
0.000000
0.000000
0.000090
0.000010
0.000000
0.000076
0.000000
0.000000
0.000000
0.000000
0.000063
0.000038
0.000000
0.000102
0.000028
0.000000
0.000013
0.000031
0.000084
0.000155
0.000379
0.000023
0.000088
0.000230
0.000040
0.000046
0.000100
0.000000
0.000034
0.000025
0.000000
0.000059
0.000017
0.000000
0.000000
0.000000
0.000044
0.000000
0.029275
0.000225
0.000041
0.000490
0.000148
0.000097
0.000374
0.000100
0.000026
0.000389
0.000013
0.000017
0.000025
0.000000
0.000026
0.000007
0.000008
0.000000
0.000000
0.000000
0.000000
0.000000
0.000000
0.000000
0.000000
0.000000
0.000000
0.000000
0.000000
0.000000
0.000000
0.000000
0.000000
0.000000
0.000000
0.000000
0.000000
0.000000
0.000000
0.000084
0.015469
0.000000
0.009761
0.000000
0.000000
0.000000
0.002115
0.000000
0.001317
0.000477
0.000000
0.000389
0.000000
0.000000
0.000000
0.000061
0.000000
0.000036
0.000000
0.000000
0.000000
0.000000
0.000000
0.000000
0.000000
0.000000
0.000000
0.000000
0.000000
0.000000
0.000000
0.000000
0.000000
0.000000
0.000000
0.000000
0.000000
0.000019
0.000140
0.000000
0.007041
0.003549
0.000000
0.000000
0.000000
0.000000
0.001649
0.000639
0.000000
0.002248
0.000143
0.000000
0.000000
0.000000
0.000000
0.000089
0.000000
0.000000
0.000000
0.000000
0.000000
0.000000
0.000000
0.000000
0.000000
0.000000
0.000000
0.000000
0.000000
0.000000
0.000000
0.000000
0.000000
0.000000
0.000000
0.000000
0.000065
0.000292
0.009634
0.006023
0.074324
0.000000
0.000000
0.000000
0.001303
0.001094
0.010801
0.000339
0.002253
0.004173
0.000000
0.000000
0.000000
0.000019
0.000062
0.000626
0.000000
0.000000
0.000000
0.000000
0.000000
0.000000
0.000000
0.000000
0.000000
0.000000
0.000000
0.000000
0.000000
0.000000
0.000000
0.000000
0.000000
0.000000
0.000000
0.000000
0.000078
0.000000
0.000000
0.000000
0.012925
0.000000
0.005936
0.001552
0.000000
0.001160
0.000000
0.000000
0.000000
0.000194
0.000000
0.000176
0.000020
0.000000
0.000100
0.000000
0.000000
0.000000
0.000000
0.000000
0.000000
0.000000
0.000000
0.000000
0.000000
0.000000
0.000000
0.000000
0.000000
0.000000
0.000000
0.000000
0.000000
0.000000
0.000025
0.000110
0.000000
0.000000
0.000000
0.000000
0.013441
0.007031
0.000000
0.000818
0.002050
0.000000
0.000000
0.000000
0.000000
0.001923
0.000013
0.000000
0.000006
0.000000
0.000000
0.000000
0.000000
0.000000
0.000000
0.000000
0.000000
0.000000
0.000000
0.000000
0.000000
0.000000
0.000000
0.000000
0.000000
0.000000
0.000000
0.000000
0.000000
0.000000
0.000200
0.000000
0.000000
0.000000
0.006012
0.005863
0.044845
0.001519
0.000537
0.011450
0.000000
0.000000
0.000000
0.000033
0.001443
0.001780
0.000011
0.000000
0.000118
0.000000
0.000000
0.000000
0.000000
0.000000
0.000000
0.000000
0.000000
0.000000
0.000000
0.000000
0.000000
0.000000
0.000000
0.000000
0.000000
0.000000
0.000000
0.000000
0.000000
0.000051
0.001320
0.000000
0.001997
0.001056
0.000000
0.001135
0.006309
0.000000
0.004452
0.000194
0.000000
0.000087
0.000088
0.000000
0.000104
0.000326
0.000000
0.000344
0.000000
0.000000
0.000000
0.000000
0.000000
0.000000
0.000000
0.000000
0.000000
0.000000
0.000000
0.000000
0.000000
0.000000
0.000000
0.000000
0.000000
0.000000
0.000000
0.000005
0.000091
0.000000
0.000879
0.000506
0.000000
0.002105
0.000933
0.000000
0.003408
0.001790
0.000000
0.000103
0.000000
0.000000
0.000254
0.000007
0.000000
0.000387
0.000000
0.000000
0.000000
0.000000
0.000000
0.000000
0.000000
0.000000
0.000000
0.000000
0.000000
0.000000
0.000000
0.000000
0.000000
0.000000
0.000000
0.000000
0.000000
0.000000
0.000082
0.000188
0.001774
0.001017
0.014494
0.000893
0.001460
0.006906
0.004117
0.002692
0.035903
0.000087
0.000357
0.000544
0.000023
0.000341
0.001001
0.000065
0.000517
0.001414
0.000000
0.000000
0.000000
0.000000
0.000000
0.000000
0.000000
0.000000
0.000000
0.000012
0.000070
0.000000
0.000000
0.000000
0.000000
0.000000
0.000000
0.000000
0.001503
0.000000
0.000010
0.000512
0.000000
0.000343
0.000000
0.000000
0.000000
0.000079
0.000000
0.000016
0.001797
0.000062
0.000449
0.000000
0.000000
0.000016
0.000114
0.000000
0.000014
0.000000
0.000000
0.000000
0.000000
0.000000
0.000000
0.000000
0.000000
0.000000
0.000009
0.000120
0.000052
0.000000
0.000000
0.000000
0.000000
0.000000
0.000000
0.007729
0.000077
0.000017
0.000000
0.000480
0.001198
0.000000
0.000000
0.000000
0.000000
0.000007
0.000106
0.000014
0.005651
0.002722
0.000000
0.000072
0.000000
0.000000
0.000134
0.000413
0.000000
0.000000
0.000000
0.000000
0.000000
0.000000
0.000000
0.000000
0.000000
0.000000
0.000062
0.000000
0.000000
0.000040
0.000000
0.000000
0.000000
0.000007
0.001643
0.000055
0.000040
0.000621
0.000023
0.004004
0.000000
0.000000
0.000000
0.000047
0.000000
0.000529
0.000426
0.003063
0.002973
0.000000
0.000000
0.000000
0.000000
0.000000
0.000262
0.000000
0.000000
0.000000
0.000000
0.000000
0.000000
0.000000
0.000000
0.000000
0.000000
0.000000
0.000007
0.000000
0.000011
0.000000
0.000000
0.000000
0.000000
0.000774
0.000010
0.000010
0.000000
0.000000
0.000000
0.000614
0.000000
0.000244
0.000056
0.000000
0.000028
0.000000
0.000006
0.000000
0.001105
0.000000
0.000281
0.000248
0.000000
0.000118
0.000000
0.000000
0.000000
0.000000
0.000000
0.000000
0.000000
0.000000
0.000000
0.000075
0.000063
0.000000
0.000000
0.000025
0.000000
0.000000
0.000000
0.000007
0.006320
0.000105
0.000026
0.000000
0.000000
0.000000
0.000000
0.000961
0.001515
0.000000
0.000060
0.000278
0.000000
0.000000
0.000000
0.000011
0.005580
0.001968
0.000000
0.000159
0.000506
0.000000
0.000000
0.000000
0.000000
0.000000
0.000000
0.000000
0.000000
0.000000
0.000000
0.000000
0.000000
0.000087
0.000012
0.000013
0.000000
0.000000
0.000000
0.001476
0.000105
0.000006
0.000000
0.000000
0.000000
0.000421
0.000107
0.003257
0.000000
0.000000
0.000453
0.000000
0.000000
0.000000
0.000244
0.001493
0.002042
0.000000
0.000000
0.000174
0.000000
0.000000
0.000000
0.000000
0.000000
0.000000
0.000000
0.000000
0.000000
0.000000
0.000000
0.000000
0.000000
0.000000
0.000000
0.000000
0.000000
0.000000
0.000335
0.000000
0.000000
0.000078
0.000000
0.000013
0.000037
0.000000
0.000043
0.000152
0.000000
0.000116
0.000129
0.000000
0.000000
0.000214
0.000007
0.000000
0.000184
0.000000
0.000104
0.000000
0.000000
0.000000
0.000000
0.000000
0.000000
0.000000
0.000000
0.000000
0.000000
0.000073
0.000000
0.000000
0.000000
0.000000
0.000000
0.000000
0.000000
0.000493
0.000051
0.000000
0.000000
0.000014
0.000010
0.000000
0.000000
0.000006
0.000000
0.000083
0.000281
0.000000
0.000173
0.000000
0.000000
0.000625
0.000000
0.000000
0.000173
0.000162
0.000000
0.000000
0.000000
0.000000
0.000000
0.000000
0.000000
0.000000
0.000000
0.000000
0.000000
0.000000
0.000000
0.000000
0.000000
0.000000
0.000000
0.000000
0.000331
0.000078
0.000014
0.000069
0.000000
0.000265
0.000000
0.000000
0.000105
0.000102
0.000000
0.001493
0.000066
0.000224
0.000162
0.000013
0.000765
0.000464
0.000186
0.000399
0.000614
