0.003312
0.008772
0.010783
0.003093
0.010193
0.010841
0.002073
0.003612
0.009435
0.001062
0.004583
0.001679
0.000675
0.006013
0.001674
0.000134
0.000888
0.000761
0.489088
0.000578
0.035263
0.020501
0.011705
0.081615
0.020838
0.023671
0.069355
0.017019
0.012881
0.071985
0.004446
0.016500
0.007573
0.004808
0.017656
0.009479
0.001044
0.001028
0.003383
0.001518
0.000000
0.000926
0.000000
0.000000
0.000000
0.000292
0.000000
0.000296
0.000132
0.000000
0.000117
0.000000
0.000000
0.000000
0.000000
0.000000
0.000000
0.000000
0.000000
0.000040
0.000000
0.000000
0.000000
0.000000
0.000000
0.000000
0.000000
0.000000
0.000000
0.000000
0.000000
0.000000
0.000000
0.000000
0.000000
0.000000
0.000000
0.000000
0.000000
0.006353
0.000517
0.000000
0.000000
0.000000
0.000000
0.000290
0.000514
0.000000
0.001121
0.000000
0.000000
0.000000
0.000000
0.000000
0.000000
0.000000
0.000000
0.000000
0.000000
0.000000
0.000000
0.000000
0.000000
0.000000
0.000000
0.000000
0.000000
0.000000
0.000000
0.000000
0.000000
0.000000
0.000000
0.000000
0.000000
0.000000
0.000000
0.001162
0.001330
0.006022
0.000000
0.000000
0.000000
0.000100
0.000427
0.000899
0.000057
0.000207
0.000454
0.000000
0.000000
0.000000
0.000000
0.000000
0.000000
0.000000
0.000000
0.000187
0.000000
0.000000
0.000000
0.000000
0.000000
0.000000
0.000000
0.000000
0.000000
0.000000
0.000000
0.000000
0.000000
0.000000
0.000000
0.000000
0.000000
0.000000
0.000000
0.000000
0.000000
0.001345
0.000000
0.001316
0.000258
0.000000
0.000098
0.000000
0.000000
0.000000
0.000053
0.000000
0.000038
0.000000
0.000000
0.000000
0.000000
0.000000
0.000000
0.000000
0.000000
0.000000
0.000000
0.000000
0.000000
0.000000
0.000000
0.000000
0.000000
0.000000
0.000000
0.000000
0.000000
0.000000
0.000000
0.000000
0.000000
0.000000
0.000000
0.000000
0.000000
0.006977
0.001029
0.000000
0.000243
0.000301
0.000000
0.000000
0.000000
0.000000
0.001182
0.000019
0.000000
0.000000
0.000000
0.000000
0.000033
0.000450
0.000000
0.000000
0.000000
0.000000
0.000000
0.000000
0.000000
0.000000
0.000000
0.000000
0.000000
0.000000
0.000000
0.000000
0.000000
0.000000
0.000000
0.000000
0.000000
0.000000
0.000000
0.000580
0.001554
0.006361
0.000120
0.000351
0.001276
0.000000
0.000000
0.000000
0.000123
0.000126
0.000160
0.000000
0.000000
0.000038
0.000000
0.000000
0.000144
0.000000
0.000000
0.000000
0.000000
0.000000
0.000000
0.000000
0.000000
0.000000
0.000000
0.000000
0.000000
0.000000
0.000000
0.000000
0.000000
0.000000
0.000000
0.000182
0.000000
0.000240
0.000273
0.000000
0.000069
0.000699
0.000000
0.000536
0.000000
0.000000
0.000000
0.000040
0.000000
0.000000
0.000038
0.000000
0.000000
0.000000
0.000000
0.000000
0.000000
0.000000
0.000000
0.000000
0.000000
0.000000
0.000000
0.000000
0.000000
0.000000
0.000000
0.000000
0.000000
0.000000
0.000000
0.000000
0.000000
0.000000
0.000000
0.000247
0.000498
0.000000
0.000568
0.000156
0.000000
0.000840
0.000731
0.000000
0.000000
0.000000
0.000000
0.000096
0.000000
0.000000
0.000128
0.000000
0.000000
0.000000
0.000029
0.000000
0.000000
0.000000
0.000000
0.000000
0.000000
0.000000
0.000000
0.000000
0.000000
0.000000
0.000000
0.000000
0.000000
0.000000
0.000000
0.000000
0.000000
0.000288
0.000097
0.001348
0.000522
0.000158
0.001263
0.000406
0.000635
0.004039
0.000000
0.000000
0.000142
0.000000
0.000087
0.000040
0.000000
0.000195
0.000185
0.000000
0.000000
0.000068
0.000000
0.000000
0.000000
0.000000
0.000000
0.000000
0.000000
0.000000
0.000000
0.000000
0.000000
0.000000
0.000000
0.000000
0.000000
0.000000
0.000000
0.000000
0.000172
0.000000
0.000074
0.000000
0.000000
0.000000
0.000000
0.000000
0.000000
0.000368
0.000000
0.000124
0.000000
0.000000
0.000000
0.000019
0.000000
0.000000
0.000306
0.000000
0.000000
0.000000
0.000000
0.000000
0.000000
0.000000
0.000000
0.000000
0.000000
0.000000
0.000000
0.000000
0.000000
0.000000
0.000000
0.000000
0.000000
0.000000
0.000000
0.000000
0.000371
0.000196
0.000000
0.000000
0.000000
0.000000
0.000071
0.000038
0.000000
0.001876
0.000164
0.000000
0.000000
0.000000
0.000000
0.000119
0.000000
0.001695
0.000056
0.000000
0.000000
0.000000
0.000000
0.000000
0.000000
0.000000
0.000000
0.000000
0.000000
0.000000
0.000029
0.000000
0.000000
0.000000
0.000000
0.000000
0.000000
0.000000
0.000000
0.000000
0.000366
0.000000
0.000000
0.000000
0.000000
0.000033
0.000078
0.000117
0.000338
0.000378
0.000000
0.000000
0.000000
0.000000
0.000000
0.000114
0.000218
0.000040
0.000000
0.000000
0.000000
0.000000
0.000000
0.000000
0.000000
0.000000
0.000000
0.000000
0.000000
0.000000
0.000000
0.000000
0.000000
0.000000
0.000000
0.000000
0.000000
0.000000
0.000000
0.000000
0.000000
0.000000
0.000000
0.000053
0.000000
0.000000
0.000000
0.000000
0.000000
0.000186
0.000000
0.000146
0.000077
0.000000
0.000000
0.000216
0.000000
0.000000
0.000000
0.000000
0.000000
0.000000
0.000000
0.000000
0.000000
0.000000
0.000000
0.000000
0.000000
0.000000
0.000000
0.000000
0.000000
0.000000
0.000000
0.000000
0.000000
0.000000
0.000000
0.000000
0.000820
0.000183
0.000000
0.000157
0.000065
0.000000
0.000000
0.000000
0.000000
0.002520
0.000127
0.000000
0.000146
0.000029
0.001837
0.000000
0.000000
0.000000
0.000000
0.000000
0.000000
0.000000
0.000000
0.000000
0.000000
0.000000
0.000000
0.000000
0.000000
0.000000
0.000065
0.000000
0.000000
0.000000
0.000000
0.000000
0.000000
0.000000
0.000389
0.000000
0.000299
0.000000
0.000000
0.000029
0.000000
0.000000
0.000000
0.000000
0.000136
0.000594
0.000000
0.000000
0.000061
0.000179
0.000000
0.000000
0.000000
0.000000
0.000000
0.000000
0.000000
0.000000
0.000000
0.000000
0.000000
0.000000
0.000000
0.000000
0.000000
0.000000
0.000000
0.000000
0.000000
0.000000
0.000000
0.000000
0.000000
0.000000
0.000000
0.000000
0.000040
0.000000
0.000056
0.000000
0.000000
0.000000
0.000000
0.000000
0.000000
0.000000
0.000000
0.000000
0.000038
0.000000
0.000000
0.000000
0.000000
0.000000
0.000000
0.000000
0.000000
0.000000
0.000000
0.000000
0.000000
0.000000
0.000000
0.000000
0.000000
0.000000
0.000000
0.000000
0.000000
0.000000
0.000038
0.000000
0.000000
0.000061
0.000000
0.000000
0.000143
0.000159
0.000000
0.000088
0.000000
0.000000
0.000176
0.000000
0.000000
0.000126
0.000000
0.000098
0.000000
0.000000
0.000000
0.000000
0.000000
0.000000
0.000000
0.000000
0.000000
0.000000
0.000000
0.000000
0.000000
0.000000
0.000000
0.000000
0.000000
0.000000
0.000000
0.000000
0.000000
0.000000
0.000000
0.000000
0.000000
0.000053
0.000109
0.000038
0.000130
0.000000
0.000000
0.000000
0.000000
0.000029
0.000000
0.000000
0.000038
0.000181
0.000185
0.000000
0.000000
0.000000
0.000000
0.000000
0.000000
0.000000
0.000000
0.000000
0.000000
0.000000
0.000000
0.000000
0.000000
0.000000
0.000000
0.000000
0.000000
0.000000
0.000000
0.000000
0.000000
0.000000
0.000000
0.000000
0.000000
0.000000
0.000000
0.000000
0.000390
0.000892
0.000303
0.000222
0.001436
0.000155
0.000000
0.000138
0.000081
0.467776
0.000000
0.000065
0.000000
0.000000
0.000000
0.000000
0.000000
0.000000
0.000000
0.000000
0.000000
0.001286
0.002640
0.000707
0.001985
0.005680
0.001893
0.000087
0.000318
0.000431
0.000000
0.000000
0.000000
0.000000
0.000000
0.000000
0.000000
0.000059
0.000079
0.000000
0.000000
0.000000
0.000053
0.000128
0.000000
0.000000
0.000000
0.000040
0.000000
0.000092
0.000000
0.000000
0.000000
0.000000
0.000000
0.000000
0.000033
0.000000
0.000000
0.000000
0.000000
0.000000
0.000056
0.000000
0.000040
0.000000
0.000000
0.000000
0.000000
0.000000
0.000409
0.000658
0.000000
0.000096
0.000164
0.000000
0.000356
0.000148
0.000000
0.000026
0.000000
0.000000
0.000119
0.000057
0.000000
0.000000
0.000000
0.000068
0.000000
0.031653
0.000000
0.000265
0.000119
0.000158
0.000137
0.000234
0.000000
0.000033
0.000572
0.000000
0.000038
0.000000
0.000000
0.000040
0.000000
0.000000
0.000000
0.000000
0.000000
0.000000
0.000000
0.000000
0.000000
0.000000
0.000000
0.000000
0.000000
0.000000
0.000000
0.000000
0.000000
0.000000
0.000000
0.000000
0.000000
0.000000
0.000000
0.000000
0.000097
0.011439
0.000000
0.004720
0.000000
0.000000
0.000000
0.002191
0.000000
0.001531
0.000418
0.000000
0.000203
0.000000
0.000000
0.000000
0.000000
0.000000
0.000074
0.000000
0.000000
0.000000
0.000000
0.000000
0.000000
0.000000
0.000000
0.000000
0.000000
0.000000
0.000000
0.000000
0.000000
0.000000
0.000000
0.000000
0.000000
0.000000
0.000000
0.000044
0.000000
0.004968
0.002435
0.000000
0.000000
0.000000
0.000000
0.001709
0.000222
0.000000
0.002269
0.000090
0.000000
0.000000
0.000000
0.000000
0.000029
0.000000
0.000000
0.000000
0.000000
0.000000
0.000000
0.000000
0.000000
0.000000
0.000000
0.000000
0.000000
0.000000
0.000000
0.000000
0.000000
0.000000
0.000000
0.000000
0.000000
0.000000
0.000735
0.005539
0.004385
0.054403
0.000000
0.000000
0.000000
0.000544
0.001296
0.008794
0.000215
0.002930
0.003204
0.000000
0.000000
0.000000
0.000000
0.000000
0.000148
0.000000
0.000000
0.000000
0.000000
0.000000
0.000000
0.000000
0.000000
0.000000
0.000000
0.000000
0.000000
0.000000
0.000000
0.000000
0.000000
0.000000
0.000000
0.000000
0.000000
0.000094
0.000000
0.000000
0.000000
0.011190
0.000000
0.005483
0.002874
0.000000
0.001029
0.000000
0.000000
0.000000
0.000122
0.000000
0.000207
0.000000
0.000000
0.000000
0.000000
0.000000
0.000000
0.000000
0.000000
0.000000
0.000000
0.000000
0.000000
0.000000
0.000000
0.000000
0.000000
0.000000
0.000000
0.000000
0.000000
0.000000
0.000000
0.000059
0.000097
0.000000
0.000000
0.000000
0.000000
0.013363
0.005524
0.000000
0.000974
0.001488
0.000000
0.000000
0.000000
0.000000
0.002230
0.000000
0.000000
0.000025
0.000040
0.000000
0.000000
0.000000
0.000000
0.000000
0.000000
0.000000
0.000000
0.000000
0.000000
0.000000
0.000000
0.000000
0.000000
0.000000
0.000000
0.000000
0.000000
0.000000
0.000000
0.000720
0.000000
0.000000
0.000000
0.006649
0.004818
0.040950
0.000964
0.000769
0.012188
0.000000
0.000000
0.000000
0.000112
0.000612
0.001778
0.000000
0.000000
0.000000
0.000000
0.000000
0.000000
0.000000
0.000000
0.000000
0.000000
0.000000
0.000000
0.000000
0.000000
0.000000
0.000000
0.000000
0.000000
0.000000
0.000000
0.000000
0.000000
0.000000
0.000000
0.001144
0.000000
0.002818
0.000979
0.000000
0.000622
0.006253
0.000000
0.004565
0.000116
0.000000
0.000000
0.000059
0.000000
0.000029
0.000428
0.000000
0.000181
0.000000
0.000000
0.000000
0.000000
0.000000
0.000000
0.000000
0.000000
0.000000
0.000000
0.000000
0.000000
0.000000
0.000000
0.000000
0.000000
0.000000
0.000000
0.000000
0.000000
0.000059
0.000000
0.001023
0.000622
0.000000
0.002079
0.000888
0.000000
0.004455
0.003248
0.000000
0.000344
0.000000
0.000000
0.000123
0.000040
0.000000
0.000065
0.000018
0.000000
0.000000
0.000000
0.000000
0.000000
0.000000
0.000000
0.000000
0.000000
0.000000
0.000000
0.000000
0.000000
0.000000
0.000000
0.000000
0.000000
0.000000
0.000000
0.000059
0.000583
0.001834
0.000557
0.014381
0.000447
0.001943
0.007704
0.004158
0.003244
0.035086
0.000000
0.000000
0.000402
0.000029
0.000835
0.000393
0.000078
0.000091
0.000804
0.000000
0.000000
0.000000
0.000000
0.000000
0.000000
0.000000
0.000000
0.000000
0.000000
0.000000
0.000000
0.000000
0.000000
0.000000
0.000000
0.000000
0.000000
0.001726
0.000000
0.000000
0.000594
0.000000
0.000299
0.000000
0.000000
0.000000
0.000000
0.000000
0.000076
0.001299
0.000158
0.000267
0.000000
0.000000
0.000000
0.000050
0.000000
0.000000
0.000000
0.000000
0.000000
0.000000
0.000000
0.000000
0.000000
0.000000
0.000000
0.000000
0.000038
0.000000
0.000000
0.000000
0.000000
0.000000
0.000000
0.000000
0.007053
0.000068
0.000000
0.000000
0.000549
0.000418
0.000000
0.000000
0.000000
0.000000
0.000038
0.000079
0.000000
0.006136
0.001472
0.000530
0.000000
0.000000
0.000000
0.000059
0.000212
0.000000
0.000000
0.000000
0.000000
0.000000
0.000000
0.000000
0.000000
0.000000
0.000000
0.000029
0.000000
0.000000
0.000000
0.000351
0.000000
0.000000
0.000033
0.000814
0.000040
0.000000
0.000036
0.000018
0.001685
0.000000
0.000000
0.000000
0.000000
0.000000
0.000762
0.000813
0.002035
0.001002
0.000000
0.000000
0.000000
0.000000
0.000000
0.000000
0.000000
0.000000
0.000000
0.000000
0.000000
0.000000
0.000000
0.000000
0.000000
0.000000
0.000000
0.000000
0.000000
0.000000
0.000000
0.000000
0.000000
0.000000
0.000795
0.000000
0.000033
0.000000
0.000000
0.000000
0.001464
0.000000
0.000326
0.000000
0.000000
0.000000
0.000000
0.000000
0.000000
0.001376
0.000000
0.000346
0.000265
0.000000
0.000241
0.000000
0.000000
0.000000
0.000000
0.000000
0.000000
0.000000
0.000000
0.000000
0.000000
0.000000
0.000000
0.000000
0.000000
0.000000
0.000000
0.000000
0.000000
0.005972
0.000053
0.000059
0.000000
0.000000
0.000000
0.000000
0.001237
0.001116
0.000000
0.000018
0.000206
0.000000
0.000000
0.000000
0.000000
0.005764
0.002885
0.000000
0.000026
0.000434
0.000000
0.000000
0.000000
0.000000
0.000000
0.000000
0.000000
0.000000
0.000000
0.000000
0.000000
0.000000
0.000000
0.000000
0.000000
0.000000
0.000000
0.000000
0.000661
0.000079
0.000087
0.000000
0.000000
0.000000
0.000112
0.000000
0.004141
0.000085
0.000000
0.000425
0.000000
0.000000
0.000000
0.000077
0.001852
0.001609
0.000000
0.000000
0.000410
0.000000
0.000000
0.000000
0.000000
0.000000
0.000000
0.000000
0.000000
0.000000
0.000000
0.000000
0.000000
0.000000
0.000000
0.000000
0.000000
0.000000
0.000000
0.000057
0.000000
0.000265
0.000087
0.000000
0.000000
0.000000
0.000000
0.000000
0.000000
0.000000
0.000050
0.000175
0.000000
0.000000
0.000330
0.000000
0.000000
0.000087
0.000000
0.000000
0.000000
0.000000
0.000000
0.000000
0.000000
0.000000
0.000000
0.000000
0.000000
0.000000
0.000000
0.000000
0.000000
0.000000
0.000000
0.000000
0.000000
0.000000
0.000215
0.000000
0.000000
0.000000
0.000000
0.000088
0.000000
0.000000
0.000059
0.000000
0.000026
0.000115
0.000000
0.000018
0.000000
0.000000
0.000138
0.000000
0.000000
0.000258
0.000114
0.000000
0.000000
0.000000
0.000000
0.000000
0.000000
0.000000
0.000000
0.000000
0.000000
0.000000
0.000000
0.000000
0.000000
0.000000
0.000000
0.000000
0.000000
0.000110
0.000000
0.000000
0.000000
0.000000
0.000262
0.000000
0.000000
0.000056
0.000125
0.000000
0.001399
0.000147
0.000057
0.000213
0.000065
0.000234
0.000222
0.000057
0.000161
0.000284
