0.003252
0.006487
0.012934
0.001331
0.006136
0.009605
0.001707
0.002135
0.007426
0.001420
0.004476
0.002408
0.000921
0.005054
0.002140
0.000310
0.000849
0.001202
0.443905
0.001364
0.030514
0.029977
0.015119
0.110315
0.021730
0.026209
0.073444
0.016946
0.010445
0.072928
0.004842
0.018615
0.013423
0.003399
0.018116
0.010209
0.001412
0.002083
0.005211
0.001878
0.000000
0.000855
0.000000
0.000000
0.000000
0.000277
0.000000
0.000086
0.000018
0.000000
0.000012
0.000000
0.000000
0.000000
0.000000
0.000000
0.000000
0.000000
0.000000
0.000133
0.000000
0.000000
0.000000
0.000000
0.000000
0.000000
0.000000
0.000000
0.000000
0.000000
0.000000
0.000000
0.000000
0.000000
0.000000
0.000000
0.000000
0.000000
0.000000
0.004117
0.001205
0.000000
0.000000
0.000000
0.000000
0.000328
0.000123
0.000000
0.000414
0.000051
0.000000
0.000000
0.000000
0.000000
0.000019
0.000000
0.000000
0.000008
0.000219
0.000000
0.000000
0.000000
0.000000
0.000000
0.000000
0.000000
0.000000
0.000000
0.000000
0.000000
0.000000
0.000000
0.000000
0.000000
0.000000
0.000000
0.000000
0.000820
0.001204
0.007660
0.000000
0.000000
0.000000
0.000249
0.000172
0.001125
0.000123
0.000327
0.000565
0.000000
0.000000
0.000000
0.000006
0.000015
0.000081
0.000000
0.000168
0.000330
0.000000
0.000000
0.000000
0.000000
0.000000
0.000000
0.000000
0.000000
0.000000
0.000000
0.000000
0.000000
0.000000
0.000000
0.000000
0.000000
0.000000
0.000000
0.000000
0.000000
0.000000
0.000566
0.000000
0.000500
0.000140
0.000000
0.000030
0.000000
0.000000
0.000000
0.000058
0.000000
0.000009
0.000000
0.000000
0.000009
0.000000
0.000000
0.000025
0.000000
0.000000
0.000000
0.000000
0.000000
0.000000
0.000000
0.000000
0.000000
0.000000
0.000000
0.000000
0.000000
0.000000
0.000000
0.000000
0.000000
0.000000
0.000000
0.000000
0.000000
0.000000
0.003466
0.000970
0.000000
0.000302
0.000236
0.000000
0.000000
0.000000
0.000000
0.000705
0.000040
0.000000
0.000057
0.000000
0.000000
0.000009
0.000170
0.000000
0.000000
0.000000
0.000000
0.000000
0.000000
0.000000
0.000000
0.000000
0.000000
0.000000
0.000000
0.000000
0.000000
0.000000
0.000000
0.000000
0.000000
0.000000
0.000000
0.000000
0.000395
0.001255
0.005930
0.000028
0.000108
0.000753
0.000000
0.000000
0.000000
0.000088
0.000319
0.000376
0.000006
0.000000
0.000025
0.000000
0.000006
0.000208
0.000000
0.000000
0.000000
0.000000
0.000000
0.000000
0.000000
0.000000
0.000000
0.000000
0.000000
0.000000
0.000000
0.000000
0.000000
0.000000
0.000000
0.000000
0.000103
0.000000
0.000114
0.000186
0.000000
0.000100
0.000559
0.000000
0.000469
0.000010
0.000000
0.000000
0.000014
0.000000
0.000007
0.000048
0.000000
0.000040
0.000000
0.000000
0.000064
0.000000
0.000000
0.000000
0.000000
0.000000
0.000000
0.000000
0.000000
0.000000
0.000000
0.000000
0.000000
0.000000
0.000000
0.000000
0.000000
0.000000
0.000000
0.000000
0.000317
0.000056
0.000000
0.000326
0.000051
0.000000
0.000648
0.000313
0.000000
0.000012
0.000000
0.000000
0.000102
0.000007
0.000000
0.000164
0.000000
0.000000
0.000000
0.000076
0.000000
0.000000
0.000000
0.000000
0.000000
0.000000
0.000000
0.000000
0.000000
0.000000
0.000000
0.000000
0.000000
0.000000
0.000000
0.000000
0.000000
0.000000
0.000121
0.000056
0.001027
0.000083
0.000265
0.000876
0.000298
0.000416
0.003238
0.000011
0.000008
0.000033
0.000013
0.000117
0.000119
0.000005
0.000134
0.000419
0.000000
0.000008
0.000203
0.000000
0.000000
0.000000
0.000000
0.000000
0.000000
0.000000
0.000000
0.000000
0.000000
0.000000
0.000000
0.000000
0.000000
0.000000
0.000000
0.000000
0.000000
0.000066
0.000000
0.000258
0.000000
0.000000
0.000000
0.000009
0.000000
0.000008
0.000513
0.000000
0.000075
0.000000
0.000000
0.000000
0.000071
0.000000
0.000009
0.000352
0.000000
0.000000
0.000000
0.000000
0.000000
0.000000
0.000000
0.000000
0.000000
0.000000
0.000000
0.000000
0.000000
0.000000
0.000000
0.000000
0.000000
0.000000
0.000000
0.000000
0.000000
0.000498
0.000394
0.000000
0.000000
0.000000
0.000000
0.000008
0.000011
0.000000
0.001465
0.000657
0.000000
0.000000
0.000000
0.000000
0.000068
0.000116
0.001084
0.000015
0.000154
0.000000
0.000000
0.000000
0.000000
0.000000
0.000000
0.000000
0.000000
0.000000
0.000007
0.000032
0.000013
0.000000
0.000000
0.000000
0.000000
0.000000
0.000000
0.000175
0.000014
0.000892
0.000000
0.000000
0.000000
0.000000
0.000000
0.000054
0.000130
0.000130
0.000540
0.000000
0.000000
0.000000
0.000000
0.000000
0.000015
0.000409
0.000050
0.000014
0.000000
0.000000
0.000000
0.000000
0.000000
0.000000
0.000000
0.000000
0.000000
0.000000
0.000000
0.000000
0.000000
0.000000
0.000000
0.000000
0.000000
0.000000
0.000000
0.000000
0.000000
0.000055
0.000000
0.000023
0.000027
0.000000
0.000000
0.000000
0.000000
0.000000
0.000260
0.000000
0.000127
0.000017
0.000000
0.000071
0.000198
0.000013
0.000000
0.000000
0.000000
0.000000
0.000000
0.000000
0.000000
0.000000
0.000000
0.000000
0.000000
0.000000
0.000000
0.000025
0.000000
0.000010
0.000000
0.000000
0.000000
0.000000
0.000000
0.000000
0.000000
0.000679
0.000174
0.000000
0.000054
0.000165
0.000000
0.000000
0.000000
0.000000
0.001868
0.000229
0.000000
0.000071
0.000101
0.001469
0.000115
0.000046
0.000000
0.000000
0.000000
0.000000
0.000000
0.000000
0.000000
0.000000
0.000000
0.000000
0.000000
0.000000
0.000000
0.000050
0.000006
0.000000
0.000000
0.000000
0.000000
0.000000
0.000000
0.000005
0.000023
0.000644
0.000000
0.000005
0.000131
0.000000
0.000000
0.000000
0.000159
0.000122
0.000390
0.000000
0.000000
0.000142
0.000406
0.000054
0.000012
0.000000
0.000000
0.000000
0.000000
0.000000
0.000000
0.000000
0.000000
0.000000
0.000000
0.000000
0.000000
0.000000
0.000006
0.000000
0.000000
0.000000
0.000000
0.000000
0.000000
0.000017
0.000000
0.000000
0.000045
0.000075
0.000000
0.000037
0.000032
0.000000
0.000000
0.000015
0.000000
0.000000
0.000062
0.000000
0.000000
0.000018
0.000000
0.000012
0.000000
0.000000
0.000000
0.000000
0.000000
0.000000
0.000000
0.000000
0.000000
0.000000
0.000000
0.000000
0.000000
0.000000
0.000000
0.000000
0.000000
0.000000
0.000000
0.000005
0.000007
0.000000
0.000011
0.000000
0.000000
0.000067
0.000145
0.000000
0.000105
0.000000
0.000000
0.000193
0.000000
0.000000
0.000099
0.000052
0.000132
0.000000
0.000000
0.000000
0.000000
0.000000
0.000000
0.000000
0.000000
0.000000
0.000000
0.000000
0.000000
0.000000
0.000000
0.000000
0.000000
0.000041
0.000000
0.000000
0.000000
0.000019
0.000000
0.000012
0.000000
0.000000
0.000032
0.000017
0.000000
0.000481
0.000087
0.000046
0.000045
0.000000
0.000088
0.000143
0.000000
0.000083
0.000044
0.000019
0.000013
0.000019
0.000000
0.000000
0.000000
0.000000
0.000000
0.000000
0.000000
0.000000
0.000000
0.000000
0.000000
0.000000
0.000000
0.000000
0.000000
0.000000
0.000000
0.000000
0.000000
0.000000
0.000000
0.000000
0.000000
0.000000
0.000000
0.000000
0.000000
0.000393
0.001512
0.000374
0.000235
0.001418
0.000435
0.000098
0.000126
0.000028
0.418575
0.000000
0.000162
0.000000
0.000000
0.000000
0.000000
0.000000
0.000000
0.000000
0.000000
0.000000
0.001383
0.004718
0.002029
0.001488
0.005214
0.002017
0.000166
0.000187
0.000309
0.000014
0.000000
0.000087
0.000000
0.000073
0.000015
0.000000
0.000006
0.000000
0.000015
0.000069
0.000008
0.000000
0.000031
0.000201
0.000000
0.000010
0.000033
0.000000
0.000362
0.000000
0.000000
0.000000
0.000089
0.000009
0.000000
0.000075
0.000000
0.000000
0.000000
0.000000
0.000062
0.000038
0.000000
0.000100
0.000027
0.000000
0.000013
0.000045
0.000072
0.000153
0.000373
0.000022
0.000044
0.000296
0.000040
0.000034
0.000087
0.000000
0.000034
0.000014
0.000000
0.000047
0.000017
0.000000
0.000000
0.000014
0.000043
0.000000
0.027521
0.000222
0.000040
0.000462
0.000114
0.000096
0.000369
0.000144
0.000015
0.000368
0.000013
0.000017
0.000024
0.000000
0.000025
0.000007
0.000008
0.000000
0.000000
0.000000
0.000000
0.000000
0.000000
0.000000
0.000000
0.000000
0.000000
0.000000
0.000000
0.000000
0.000000
0.000000
0.000000
0.000000
0.000000
0.000000
0.000000
0.000000
0.000000
0.000083
0.015839
0.000000
0.009925
0.000000
0.000000
0.000000
0.002143
0.000000
0.001288
0.000486
0.000000
0.000373
0.000000
0.000000
0.000000
0.000061
0.000000
0.000036
0.000000
0.000000
0.000000
0.000000
0.000000
0.000000
0.000000
0.000000
0.000000
0.000000
0.000000
0.000000
0.000000
0.000000
0.000000
0.000000
0.000000
0.000000
0.000000
0.000019
0.000141
0.000000
0.006921
0.003538
0.000000
0.000000
0.000000
0.000000
0.001634
0.000565
0.000000
0.002205
0.000141
0.000000
0.000000
0.000000
0.000000
0.000088
0.000000
0.000000
0.000000
0.000000
0.000000
0.000000
0.000000
0.000000
0.000000
0.000000
0.000000
0.000000
0.000000
0.000000
0.000000
0.000000
0.000000
0.000000
0.000000
0.000000
0.000064
0.000245
0.009853
0.005995
0.074612
0.000000
0.000000
0.000000
0.001286
0.001093
0.010953
0.000323
0.002244
0.004041
0.000000
0.000000
0.000000
0.000019
0.000061
0.000617
0.000000
0.000000
0.000000
0.000000
0.000000
0.000000
0.000000
0.000000
0.000000
0.000000
0.000000
0.000000
0.000000
0.000000
0.000000
0.000000
0.000000
0.000000
0.000000
0.000000
0.000077
0.000000
0.000000
0.000000
0.012652
0.000000
0.005897
0.001560
0.000000
0.001194
0.000000
0.000000
0.000000
0.000191
0.000000
0.000174
0.000019
0.000000
0.000098
0.000000
0.000000
0.000000
0.000000
0.000000
0.000000
0.000000
0.000000
0.000000
0.000000
0.000000
0.000000
0.000000
0.000000
0.000000
0.000000
0.000000
0.000000
0.000000
0.000025
0.000167
0.000000
0.000000
0.000000
0.000000
0.014094
0.007084
0.000000
0.000866
0.002100
0.000000
0.000000
0.000000
0.000000
0.001998
0.000012
0.000000
0.000005
0.000000
0.000000
0.000000
0.000000
0.000000
0.000000
0.000000
0.000000
0.000000
0.000000
0.000000
0.000000
0.000000
0.000000
0.000000
0.000000
0.000000
0.000000
0.000000
0.000000
0.000000
0.000165
0.000000
0.000000
0.000000
0.006129
0.005916
0.044904
0.001517
0.000476
0.011277
0.000000
0.000000
0.000000
0.000033
0.001453
0.001897
0.000011
0.000000
0.000117
0.000000
0.000000
0.000000
0.000000
0.000000
0.000000
0.000000
0.000000
0.000000
0.000000
0.000000
0.000000
0.000000
0.000000
0.000000
0.000000
0.000000
0.000000
0.000000
0.000000
0.000039
0.001248
0.000000
0.001990
0.001042
0.000000
0.001128
0.006057
0.000000
0.004466
0.000192
0.000000
0.000086
0.000065
0.000000
0.000103
0.000356
0.000000
0.000339
0.000000
0.000000
0.000000
0.000000
0.000000
0.000000
0.000000
0.000000
0.000000
0.000000
0.000000
0.000000
0.000000
0.000000
0.000000
0.000000
0.000000
0.000000
0.000000
0.000005
0.000090
0.000000
0.000823
0.000525
0.000000
0.002201
0.000914
0.000000
0.003377
0.001832
0.000000
0.000115
0.000000
0.000000
0.000258
0.000007
0.000000
0.000382
0.000000
0.000000
0.000000
0.000000
0.000000
0.000000
0.000000
0.000000
0.000000
0.000000
0.000000
0.000000
0.000000
0.000000
0.000000
0.000000
0.000000
0.000000
0.000000
0.000000
0.000081
0.000198
0.001770
0.000948
0.014485
0.000826
0.001528
0.006921
0.004002
0.002826
0.035723
0.000086
0.000352
0.000496
0.000023
0.000360
0.001073
0.000064
0.000498
0.001395
0.000000
0.000000
0.000000
0.000000
0.000000
0.000000
0.000000
0.000000
0.000000
0.000012
0.000069
0.000000
0.000000
0.000000
0.000000
0.000000
0.000000
0.000000
0.001441
0.000000
0.000009
0.000526
0.000000
0.000299
0.000000
0.000000
0.000000
0.000077
0.000000
0.000016
0.001785
0.000061
0.000442
0.000000
0.000000
0.000015
0.000113
0.000000
0.000014
0.000000
0.000000
0.000000
0.000000
0.000000
0.000000
0.000000
0.000000
0.000000
0.000009
0.000118
0.000052
0.000000
0.000000
0.000000
0.000000
0.000000
0.000000
0.007647
0.000022
0.000005
0.000000
0.000488
0.001212
0.000000
0.000000
0.000000
0.000000
0.000007
0.000105
0.000014
0.005644
0.002754
0.000000
0.000071
0.000000
0.000000
0.000132
0.000353
0.000000
0.000000
0.000000
0.000000
0.000000
0.000000
0.000000
0.000000
0.000000
0.000000
0.000061
0.000000
0.000000
0.000039
0.000000
0.000000
0.000000
0.000007
0.001646
0.000000
0.000000
0.000621
0.000023
0.004011
0.000000
0.000000
0.000000
0.000046
0.000000
0.000529
0.000397
0.002957
0.002954
0.000000
0.000000
0.000000
0.000000
0.000000
0.000259
0.000000
0.000000
0.000000
0.000000
0.000000
0.000000
0.000000
0.000000
0.000000
0.000000
0.000000
0.000007
0.000000
0.000000
0.000000
0.000000
0.000000
0.000000
0.000817
0.000010
0.000010
0.000000
0.000000
0.000000
0.000614
0.000000
0.000240
0.000012
0.000000
0.000036
0.000000
0.000006
0.000000
0.001034
0.000000
0.000277
0.000244
0.000000
0.000116
0.000000
0.000000
0.000000
0.000000
0.000000
0.000000
0.000000
0.000000
0.000000
0.000074
0.000062
0.000000
0.000000
0.000025
0.000000
0.000000
0.000012
0.000007
0.006516
0.000104
0.000015
0.000000
0.000000
0.000000
0.000000
0.001007
0.001498
0.000000
0.000059
0.000274
0.000000
0.000000
0.000000
0.000011
0.005673
0.002078
0.000000
0.000157
0.000500
0.000000
0.000000
0.000000
0.000000
0.000000
0.000000
0.000000
0.000000
0.000000
0.000000
0.000000
0.000000
0.000086
0.000011
0.000013
0.000000
0.000000
0.000000
0.001522
0.000104
0.000006
0.000000
0.000000
0.000000
0.000416
0.000105
0.003313
0.000000
0.000000
0.000506
0.000000
0.000000
0.000000
0.000259
0.001616
0.002059
0.000000
0.000000
0.000172
0.000000
0.000000
0.000000
0.000000
0.000000
0.000000
0.000000
0.000000
0.000000
0.000000
0.000000
0.000000
0.000000
0.000000
0.000000
0.000000
0.000000
0.000000
0.000330
0.000000
0.000000
0.000077
0.000000
0.000013
0.000036
0.000000
0.000042
0.000150
0.000000
0.000114
0.000116
0.000000
0.000000
0.000256
0.000007
0.000000
0.000182
0.000000
0.000102
0.000000
0.000000
0.000000
0.000000
0.000000
0.000000
0.000000
0.000000
0.000000
0.000000
0.000072
0.000000
0.000000
0.000000
0.000000
0.000000
0.000000
0.000000
0.000486
0.000050
0.000000
0.000000
0.000014
0.000010
0.000000
0.000000
0.000005
0.000000
0.000081
0.000277
0.000000
0.000170
0.000000
0.000000
0.000605
0.000000
0.000000
0.000171
0.000159
0.000000
0.000000
0.000000
0.000000
0.000000
0.000000
0.000000
0.000000
0.000000
0.000000
0.000000
0.000000
0.000000
0.000000
0.000000
0.000000
0.000000
0.000000
0.000326
0.000077
0.000014
0.000068
0.000000
0.000273
0.000000
0.000000
0.000118
0.000100
0.000000
0.001420
0.000065
0.000221
0.000160
0.000013
0.000755
0.000458
0.000183
0.000394
0.000617
