0.007876
0.011715
0.010950
0.003210
0.011448
0.008125
0.001990
0.002155
0.002995
0.000865
0.002850
0.000730
0.000705
0.003408
0.000644
0.000096
0.000175
0.000056
0.465773
0.000383
0.029340
0.061386
0.038227
0.091116
0.042557
0.049670
0.059004
0.017074
0.010955
0.027019
0.002924
0.012098
0.003441
0.002219
0.012433
0.002693
0.000420
0.000670
0.000605
0.005544
0.000000
0.001445
0.000000
0.000000
0.000000
0.000474
0.000000
0.000209
0.000089
0.000000
0.000033
0.000000
0.000000
0.000000
0.000005
0.000000
0.000000
0.000000
0.000000
0.000101
0.000000
0.000000
0.000000
0.000000
0.000000
0.000000
0.000000
0.000000
0.000000
0.000000
0.000000
0.000000
0.000000
0.000000
0.000000
0.000000
0.000000
0.000000
0.000000
0.008787
0.001620
0.000000
0.000000
0.000000
0.000000
0.000528
0.000035
0.000000
0.000418
0.000003
0.000000
0.000000
0.000000
0.000000
0.000009
0.000000
0.000000
0.000045
0.000283
0.000000
0.000000
0.000000
0.000000
0.000000
0.000000
0.000000
0.000000
0.000000
0.000000
0.000000
0.000000
0.000000
0.000000
0.000000
0.000000
0.000000
0.000000
0.001601
0.001658
0.006495
0.000000
0.000000
0.000000
0.000060
0.000057
0.000556
0.000017
0.000120
0.000243
0.000000
0.000000
0.000000
0.000000
0.000000
0.000000
0.000000
0.000013
0.000142
0.000000
0.000000
0.000000
0.000000
0.000000
0.000000
0.000000
0.000000
0.000000
0.000000
0.000000
0.000000
0.000000
0.000000
0.000000
0.000000
0.000000
0.000000
0.000000
0.000000
0.000000
0.001982
0.000000
0.000836
0.000211
0.000000
0.000030
0.000000
0.000000
0.000000
0.000092
0.000000
0.000003
0.000003
0.000000
0.000000
0.000000
0.000000
0.000062
0.000000
0.000000
0.000000
0.000000
0.000000
0.000000
0.000000
0.000000
0.000000
0.000000
0.000000
0.000000
0.000000
0.000000
0.000000
0.000000
0.000000
0.000000
0.000000
0.000000
0.000000
0.000000
0.008565
0.001305
0.000000
0.000444
0.000119
0.000000
0.000000
0.000000
0.000000
0.000707
0.000026
0.000000
0.000020
0.000003
0.000000
0.000000
0.000133
0.000000
0.000000
0.000000
0.000000
0.000000
0.000000
0.000000
0.000000
0.000000
0.000000
0.000000
0.000000
0.000000
0.000000
0.000000
0.000000
0.000000
0.000000
0.000000
0.000000
0.000000
0.000738
0.001552
0.004773
0.000109
0.000074
0.000503
0.000000
0.000000
0.000000
0.000050
0.000061
0.000152
0.000000
0.000000
0.000000
0.000000
0.000005
0.000057
0.000000
0.000000
0.000000
0.000000
0.000000
0.000000
0.000000
0.000000
0.000000
0.000000
0.000000
0.000000
0.000000
0.000000
0.000000
0.000000
0.000000
0.000000
0.000298
0.000000
0.000089
0.000262
0.000000
0.000225
0.000834
0.000000
0.000246
0.000006
0.000000
0.000000
0.000005
0.000000
0.000003
0.000013
0.000000
0.000006
0.000000
0.000000
0.000011
0.000000
0.000000
0.000000
0.000000
0.000000
0.000000
0.000000
0.000000
0.000000
0.000000
0.000000
0.000000
0.000000
0.000000
0.000000
0.000000
0.000000
0.000000
0.000000
0.000350
0.000074
0.000000
0.000427
0.000095
0.000000
0.000674
0.000241
0.000000
0.000052
0.000000
0.000000
0.000085
0.000000
0.000000
0.000051
0.000000
0.000000
0.000000
0.000021
0.000000
0.000000
0.000000
0.000000
0.000000
0.000000
0.000000
0.000000
0.000000
0.000000
0.000000
0.000000
0.000000
0.000000
0.000000
0.000000
0.000000
0.000000
0.000148
0.000068
0.000557
0.000056
0.000146
0.000375
0.000190
0.000267
0.000948
0.000007
0.000000
0.000005
0.000006
0.000042
0.000082
0.000033
0.000022
0.000005
0.000000
0.000000
0.000028
0.000000
0.000000
0.000000
0.000000
0.000000
0.000000
0.000000
0.000000
0.000000
0.000000
0.000000
0.000000
0.000000
0.000000
0.000000
0.000000
0.000000
0.000000
0.000188
0.000000
0.000029
0.000000
0.000000
0.000000
0.000032
0.000000
0.000000
0.000299
0.000000
0.000042
0.000000
0.000000
0.000000
0.000024
0.000000
0.000004
0.000250
0.000000
0.000000
0.000000
0.000000
0.000000
0.000000
0.000000
0.000000
0.000000
0.000000
0.000000
0.000000
0.000000
0.000000
0.000000
0.000000
0.000000
0.000000
0.000000
0.000000
0.000000
0.000619
0.000270
0.000000
0.000000
0.000000
0.000000
0.000021
0.000012
0.000000
0.001055
0.000121
0.000000
0.000000
0.000000
0.000000
0.000016
0.000000
0.000679
0.000030
0.000017
0.000000
0.000000
0.000000
0.000000
0.000000
0.000000
0.000000
0.000000
0.000000
0.000000
0.000025
0.000000
0.000000
0.000000
0.000000
0.000000
0.000000
0.000000
0.000032
0.000013
0.000253
0.000000
0.000000
0.000000
0.000005
0.000000
0.000007
0.000081
0.000107
0.000122
0.000000
0.000000
0.000000
0.000000
0.000000
0.000000
0.000108
0.000000
0.000005
0.000000
0.000000
0.000000
0.000000
0.000000
0.000000
0.000000
0.000000
0.000000
0.000000
0.000000
0.000000
0.000000
0.000000
0.000000
0.000000
0.000000
0.000000
0.000000
0.000000
0.000000
0.000074
0.000000
0.000075
0.000027
0.000000
0.000000
0.000000
0.000000
0.000000
0.000265
0.000000
0.000090
0.000003
0.000000
0.000000
0.000160
0.000000
0.000007
0.000000
0.000000
0.000000
0.000000
0.000000
0.000000
0.000000
0.000000
0.000000
0.000000
0.000000
0.000000
0.000000
0.000006
0.000000
0.000000
0.000000
0.000000
0.000000
0.000000
0.000000
0.000000
0.000667
0.000124
0.000000
0.000059
0.000009
0.000000
0.000000
0.000000
0.000000
0.001317
0.000099
0.000000
0.000017
0.000023
0.000976
0.000026
0.000017
0.000000
0.000000
0.000000
0.000000
0.000000
0.000000
0.000000
0.000000
0.000000
0.000000
0.000000
0.000000
0.000000
0.000008
0.000004
0.000000
0.000000
0.000000
0.000000
0.000000
0.000000
0.000015
0.000008
0.000217
0.000000
0.000000
0.000056
0.000000
0.000000
0.000000
0.000033
0.000139
0.000083
0.000000
0.000000
0.000003
0.000090
0.000003
0.000000
0.000000
0.000000
0.000000
0.000000
0.000000
0.000000
0.000000
0.000000
0.000000
0.000000
0.000000
0.000000
0.000000
0.000000
0.000000
0.000000
0.000000
0.000000
0.000000
0.000000
0.000000
0.000000
0.000000
0.000000
0.000030
0.000000
0.000000
0.000039
0.000000
0.000000
0.000003
0.000000
0.000000
0.000009
0.000000
0.000003
0.000009
0.000004
0.000000
0.000000
0.000000
0.000000
0.000000
0.000000
0.000000
0.000000
0.000000
0.000000
0.000000
0.000000
0.000000
0.000000
0.000000
0.000000
0.000000
0.000000
0.000000
0.000000
0.000000
0.000006
0.000000
0.000000
0.000000
0.000000
0.000036
0.000002
0.000000
0.000027
0.000000
0.000000
0.000046
0.000000
0.000000
0.000026
0.000004
0.000029
0.000000
0.000000
0.000000
0.000000
0.000000
0.000000
0.000000
0.000000
0.000000
0.000000
0.000000
0.000000
0.000000
0.000000
0.000000
0.000000
0.000000
0.000000
0.000000
0.000000
0.000013
0.000000
0.000007
0.000000
0.000000
0.000000
0.000000
0.000000
0.000020
0.000007
0.000000
0.000000
0.000000
0.000000
0.000000
0.000000
0.000000
0.000003
0.000000
0.000006
0.000000
0.000000
0.000000
0.000000
0.000000
0.000000
0.000000
0.000000
0.000000
0.000000
0.000000
0.000000
0.000000
0.000000
0.000000
0.000000
0.000000
0.000000
0.000000
0.000000
0.000000
0.000000
0.000000
0.000000
0.000000
0.000000
0.000000
0.000000
0.000306
0.001016
0.000143
0.000222
0.000895
0.000099
0.000006
0.000015
0.000000
0.452316
0.000000
0.000022
0.000000
0.000000
0.000000
0.000000
0.000000
0.000000
0.000000
0.000000
0.000000
0.000900
0.002844
0.000549
0.000936
0.003442
0.000359
0.000054
0.000046
0.000034
0.000000
0.000035
0.000000
0.000000
0.000005
0.000000
0.000000
0.000005
0.000000
0.000007
0.000033
0.000004
0.000000
0.000069
0.000005
0.000000
0.000000
0.000000
0.000000
0.000091
0.000000
0.000000
0.000021
0.000020
0.000005
0.000004
0.000000
0.000000
0.000000
0.000000
0.000000
0.000034
0.000000
0.000000
0.000006
0.000000
0.000000
0.000013
0.000030
0.000060
0.000146
0.000130
0.000080
0.000094
0.000107
0.000026
0.000000
0.000015
0.000000
0.000004
0.000012
0.000000
0.000006
0.000000
0.000000
0.000000
0.000000
0.000022
0.000000
0.027727
0.000148
0.000052
0.000202
0.000113
0.000088
0.000179
0.000101
0.000003
0.000105
0.000006
0.000009
0.000000
0.000000
0.000013
0.000000
0.000000
0.000000
0.000000
0.000000
0.000000
0.000000
0.000000
0.000000
0.000000
0.000000
0.000000
0.000000
0.000000
0.000000
0.000000
0.000000
0.000000
0.000000
0.000000
0.000000
0.000000
0.000000
0.000000
0.000065
0.042396
0.000000
0.014388
0.000000
0.000000
0.000000
0.003099
0.000000
0.000968
0.000557
0.000000
0.000154
0.000000
0.000000
0.000000
0.000033
0.000000
0.000015
0.000000
0.000000
0.000000
0.000000
0.000000
0.000000
0.000000
0.000000
0.000000
0.000000
0.000000
0.000000
0.000000
0.000000
0.000000
0.000000
0.000000
0.000000
0.000000
0.000035
0.000100
0.000000
0.022814
0.009411
0.000000
0.000000
0.000000
0.000000
0.002093
0.000837
0.000000
0.002953
0.000068
0.000000
0.000000
0.000000
0.000000
0.000096
0.000000
0.000000
0.000000
0.000000
0.000000
0.000000
0.000000
0.000000
0.000000
0.000000
0.000000
0.000000
0.000000
0.000000
0.000000
0.000000
0.000000
0.000000
0.000000
0.000000
0.000007
0.000162
0.013598
0.012068
0.057838
0.000000
0.000000
0.000000
0.000812
0.000922
0.004125
0.000120
0.000918
0.000936
0.000000
0.000000
0.000000
0.000000
0.000009
0.000046
0.000000
0.000000
0.000000
0.000000
0.000000
0.000000
0.000000
0.000000
0.000000
0.000000
0.000000
0.000000
0.000000
0.000000
0.000000
0.000000
0.000000
0.000000
0.000000
0.000000
0.000061
0.000000
0.000000
0.000000
0.030214
0.000000
0.008097
0.003000
0.000000
0.001044
0.000000
0.000000
0.000000
0.000186
0.000000
0.000083
0.000010
0.000000
0.000000
0.000000
0.000000
0.000000
0.000000
0.000000
0.000000
0.000000
0.000000
0.000000
0.000000
0.000000
0.000000
0.000000
0.000000
0.000000
0.000000
0.000000
0.000000
0.000000
0.000010
0.000171
0.000000
0.000000
0.000000
0.000000
0.034747
0.009061
0.000000
0.001648
0.001713
0.000000
0.000000
0.000000
0.000000
0.002447
0.000016
0.000000
0.000005
0.000000
0.000000
0.000000
0.000000
0.000000
0.000000
0.000000
0.000000
0.000000
0.000000
0.000000
0.000000
0.000000
0.000000
0.000000
0.000000
0.000000
0.000000
0.000000
0.000000
0.000005
0.000085
0.000000
0.000000
0.000000
0.008574
0.007942
0.035435
0.000921
0.000667
0.004151
0.000000
0.000000
0.000000
0.000062
0.000577
0.000767
0.000009
0.000000
0.000012
0.000000
0.000000
0.000000
0.000000
0.000000
0.000000
0.000000
0.000000
0.000000
0.000000
0.000000
0.000000
0.000000
0.000000
0.000000
0.000000
0.000000
0.000000
0.000000
0.000000
0.000017
0.002996
0.000000
0.001614
0.002264
0.000000
0.001000
0.006770
0.000000
0.002265
0.000017
0.000000
0.000006
0.000057
0.000000
0.000031
0.000072
0.000000
0.000055
0.000000
0.000000
0.000000
0.000000
0.000000
0.000000
0.000000
0.000000
0.000000
0.000000
0.000000
0.000000
0.000000
0.000000
0.000000
0.000000
0.000000
0.000000
0.000000
0.000000
0.000030
0.000000
0.001485
0.000794
0.000000
0.002514
0.000501
0.000000
0.003631
0.001557
0.000000
0.000048
0.000008
0.000000
0.000196
0.000024
0.000000
0.000185
0.000029
0.000000
0.000000
0.000000
0.000000
0.000000
0.000000
0.000000
0.000000
0.000000
0.000000
0.000000
0.000000
0.000000
0.000000
0.000000
0.000000
0.000000
0.000000
0.000000
0.000000
0.000029
0.001635
0.000679
0.005261
0.000805
0.001177
0.003019
0.002252
0.001804
0.009860
0.000004
0.000050
0.000050
0.000006
0.000132
0.000142
0.000039
0.000056
0.000146
0.000000
0.000000
0.000000
0.000000
0.000000
0.000000
0.000000
0.000000
0.000000
0.000000
0.000000
0.000000
0.000000
0.000000
0.000000
0.000000
0.000000
0.000000
0.000920
0.000000
0.000000
0.000529
0.000000
0.000171
0.000000
0.000000
0.000000
0.000028
0.000000
0.000000
0.001030
0.000000
0.000208
0.000000
0.000000
0.000000
0.000040
0.000000
0.000009
0.000000
0.000000
0.000000
0.000000
0.000000
0.000000
0.000000
0.000000
0.000000
0.000007
0.000027
0.000000
0.000000
0.000000
0.000000
0.000000
0.000000
0.000000
0.004544
0.000004
0.000000
0.000000
0.001231
0.000671
0.000000
0.000000
0.000000
0.000000
0.000040
0.000011
0.000027
0.004622
0.000788
0.000000
0.000000
0.000000
0.000000
0.000105
0.000036
0.000000
0.000000
0.000000
0.000000
0.000000
0.000000
0.000000
0.000000
0.000000
0.000000
0.000000
0.000000
0.000000
0.000000
0.000000
0.000000
0.000000
0.000000
0.000391
0.000027
0.000019
0.000363
0.000044
0.001107
0.000000
0.000000
0.000000
0.000000
0.000000
0.000036
0.000178
0.000585
0.000689
0.000000
0.000000
0.000000
0.000000
0.000000
0.000012
0.000000
0.000000
0.000000
0.000000
0.000000
0.000000
0.000000
0.000000
0.000000
0.000000
0.000000
0.000000
0.000000
0.000000
0.000000
0.000000
0.000000
0.000000
0.000450
0.000000
0.000000
0.000000
0.000000
0.000000
0.000503
0.000000
0.000126
0.000121
0.000000
0.000017
0.000000
0.000000
0.000000
0.000835
0.000000
0.000122
0.000027
0.000000
0.000019
0.000000
0.000000
0.000000
0.000000
0.000000
0.000000
0.000000
0.000000
0.000000
0.000000
0.000000
0.000005
0.000033
0.000051
0.000005
0.000000
0.000000
0.000003
0.004101
0.000069
0.000049
0.000000
0.000000
0.000000
0.000000
0.001649
0.000754
0.000000
0.000082
0.000111
0.000000
0.000000
0.000000
0.000000
0.004665
0.000720
0.000000
0.000054
0.000077
0.000000
0.000000
0.000000
0.000000
0.000000
0.000000
0.000000
0.000000
0.000000
0.000000
0.000000
0.000000
0.000000
0.000000
0.000000
0.000000
0.000000
0.000000
0.000346
0.000007
0.000000
0.000000
0.000000
0.000000
0.000190
0.000052
0.000929
0.000010
0.000004
0.000040
0.000000
0.000000
0.000000
0.000122
0.000575
0.000386
0.000000
0.000000
0.000019
0.000000
0.000000
0.000000
0.000000
0.000000
0.000000
0.000000
0.000000
0.000000
0.000000
0.000000
0.000000
0.000000
0.000000
0.000000
0.000000
0.000000
0.000000
0.000096
0.000000
0.000000
0.000006
0.000000
0.000023
0.000023
0.000000
0.000000
0.000029
0.000000
0.000022
0.000089
0.000000
0.000000
0.000020
0.000000
0.000018
0.000088
0.000000
0.000007
0.000000
0.000000
0.000000
0.000000
0.000000
0.000000
0.000000
0.000000
0.000000
0.000000
0.000000
0.000000
0.000000
0.000000
0.000000
0.000000
0.000000
0.000000
0.000082
0.000000
0.000000
0.000000
0.000012
0.000012
0.000000
0.000006
0.000012
0.000000
0.000082
0.000095
0.000000
0.000009
0.000000
0.000000
0.000266
0.000002
0.000000
0.000083
0.000012
0.000000
0.000000
0.000000
0.000000
0.000000
0.000000
0.000000
0.000000
0.000000
0.000000
0.000000
0.000000
0.000000
0.000000
0.000000
0.000000
0.000000
0.000000
0.000031
0.000000
0.000000
0.000000
0.000000
0.000056
0.000000
0.000000
0.000060
0.000012
0.000000
0.000126
0.000000
0.000067
0.000000
0.000003
0.000128
0.000019
0.000048
0.000007
0.000051
