0.004757
0.009603
0.016087
0.003042
0.011029
0.011078
0.003354
0.004118
0.012100
0.001766
0.004820
0.001792
0.000833
0.006935
0.002040
0.000289
0.000877
0.001421
0.485298
0.000694
0.044513
0.019160
0.011968
0.073640
0.018156
0.023940
0.067710
0.013704
0.013858
0.067875
0.005063
0.014938
0.007539
0.003630
0.017152
0.009390
0.001054
0.001270
0.003507
0.001885
0.000000
0.001325
0.000000
0.000000
0.000000
0.000614
0.000000
0.000338
0.000435
0.000000
0.000138
0.000000
0.000000
0.000000
0.000000
0.000000
0.000000
0.000000
0.000000
0.000038
0.000000
0.000000
0.000000
0.000000
0.000000
0.000000
0.000000
0.000000
0.000000
0.000000
0.000000
0.000000
0.000000
0.000000
0.000000
0.000000
0.000000
0.000000
0.000000
0.006633
0.000802
0.000000
0.000000
0.000000
0.000000
0.000492
0.000518
0.000000
0.001187
0.000000
0.000000
0.000000
0.000000
0.000000
0.000000
0.000000
0.000000
0.000000
0.000000
0.000000
0.000000
0.000000
0.000000
0.000000
0.000000
0.000000
0.000000
0.000000
0.000000
0.000000
0.000000
0.000000
0.000000
0.000000
0.000000
0.000000
0.000000
0.001721
0.001743
0.009772
0.000000
0.000000
0.000000
0.000350
0.000435
0.001087
0.000055
0.000199
0.000539
0.000000
0.000000
0.000000
0.000000
0.000000
0.000026
0.000000
0.000000
0.000265
0.000000
0.000000
0.000000
0.000000
0.000000
0.000000
0.000000
0.000000
0.000000
0.000000
0.000000
0.000000
0.000000
0.000000
0.000000
0.000000
0.000000
0.000000
0.000000
0.000000
0.000000
0.001289
0.000000
0.001339
0.000247
0.000000
0.000094
0.000000
0.000000
0.000000
0.000050
0.000000
0.000037
0.000000
0.000000
0.000000
0.000000
0.000000
0.000000
0.000000
0.000000
0.000000
0.000000
0.000000
0.000000
0.000000
0.000000
0.000000
0.000000
0.000000
0.000000
0.000000
0.000000
0.000000
0.000000
0.000000
0.000000
0.000000
0.000000
0.000000
0.000000
0.007292
0.001065
0.000000
0.000319
0.000707
0.000000
0.000000
0.000000
0.000000
0.001159
0.000019
0.000000
0.000000
0.000000
0.000000
0.000031
0.000486
0.000000
0.000000
0.000000
0.000000
0.000000
0.000000
0.000000
0.000000
0.000000
0.000000
0.000000
0.000000
0.000000
0.000000
0.000000
0.000000
0.000000
0.000000
0.000000
0.000000
0.000000
0.000608
0.001542
0.006375
0.000249
0.000336
0.001275
0.000000
0.000000
0.000000
0.000118
0.000147
0.000233
0.000000
0.000000
0.000037
0.000000
0.000000
0.000152
0.000000
0.000000
0.000000
0.000000
0.000000
0.000000
0.000000
0.000000
0.000000
0.000000
0.000000
0.000000
0.000000
0.000000
0.000000
0.000000
0.000000
0.000000
0.000535
0.000000
0.000230
0.000261
0.000000
0.000066
0.001138
0.000000
0.000674
0.000000
0.000000
0.000000
0.000092
0.000000
0.000000
0.000117
0.000000
0.000254
0.000000
0.000000
0.000000
0.000000
0.000000
0.000000
0.000000
0.000000
0.000000
0.000000
0.000000
0.000000
0.000000
0.000000
0.000000
0.000000
0.000000
0.000000
0.000000
0.000000
0.000000
0.000000
0.000236
0.000477
0.000000
0.000737
0.000262
0.000000
0.000911
0.000948
0.000000
0.000000
0.000000
0.000000
0.000092
0.000000
0.000000
0.000123
0.000000
0.000000
0.000000
0.000027
0.000000
0.000000
0.000000
0.000000
0.000000
0.000000
0.000000
0.000000
0.000000
0.000000
0.000000
0.000000
0.000000
0.000000
0.000000
0.000000
0.000000
0.000000
0.000328
0.000205
0.002153
0.000500
0.000263
0.001399
0.000575
0.000721
0.005180
0.000000
0.000000
0.000136
0.000000
0.000084
0.000039
0.000000
0.000187
0.000316
0.000000
0.000000
0.000066
0.000000
0.000000
0.000000
0.000000
0.000000
0.000000
0.000000
0.000000
0.000000
0.000000
0.000000
0.000000
0.000000
0.000000
0.000000
0.000000
0.000000
0.000000
0.000165
0.000000
0.000071
0.000000
0.000000
0.000000
0.000000
0.000000
0.000000
0.000661
0.000000
0.000145
0.000000
0.000000
0.000000
0.000019
0.000000
0.000000
0.000627
0.000000
0.000000
0.000000
0.000000
0.000000
0.000000
0.000000
0.000000
0.000000
0.000000
0.000000
0.000000
0.000086
0.000000
0.000000
0.000000
0.000000
0.000000
0.000000
0.000000
0.000000
0.000433
0.000242
0.000000
0.000000
0.000000
0.000000
0.000068
0.000037
0.000000
0.001957
0.000157
0.000000
0.000000
0.000000
0.000000
0.000114
0.000000
0.001676
0.000140
0.000000
0.000000
0.000000
0.000000
0.000000
0.000000
0.000000
0.000000
0.000000
0.000000
0.000000
0.000027
0.000000
0.000000
0.000000
0.000000
0.000000
0.000000
0.000000
0.000000
0.000000
0.000376
0.000000
0.000000
0.000000
0.000000
0.000031
0.000075
0.000138
0.000350
0.000389
0.000000
0.000000
0.000000
0.000000
0.000000
0.000110
0.000288
0.000039
0.000000
0.000000
0.000000
0.000000
0.000000
0.000000
0.000000
0.000000
0.000000
0.000000
0.000000
0.000000
0.000000
0.000000
0.000000
0.000000
0.000000
0.000000
0.000000
0.000000
0.000000
0.000000
0.000026
0.000000
0.000000
0.000050
0.000000
0.000000
0.000000
0.000000
0.000000
0.000259
0.000000
0.000140
0.000073
0.000000
0.000000
0.000287
0.000000
0.000000
0.000000
0.000000
0.000000
0.000000
0.000000
0.000000
0.000000
0.000000
0.000000
0.000000
0.000000
0.000000
0.000000
0.000000
0.000000
0.000000
0.000000
0.000000
0.000000
0.000000
0.000000
0.000000
0.001066
0.000176
0.000000
0.000177
0.000142
0.000000
0.000000
0.000000
0.000000
0.002774
0.000148
0.000000
0.000166
0.000282
0.001893
0.000000
0.000000
0.000000
0.000000
0.000000
0.000000
0.000000
0.000000
0.000000
0.000000
0.000000
0.000000
0.000000
0.000000
0.000000
0.000062
0.000000
0.000000
0.000000
0.000000
0.000000
0.000000
0.000000
0.000373
0.000000
0.000313
0.000000
0.000000
0.000054
0.000000
0.000000
0.000000
0.000026
0.000184
0.000596
0.000000
0.000000
0.000059
0.000198
0.000000
0.000000
0.000000
0.000000
0.000000
0.000000
0.000000
0.000000
0.000000
0.000000
0.000000
0.000000
0.000000
0.000000
0.000000
0.000254
0.000000
0.000000
0.000000
0.000000
0.000000
0.000000
0.000000
0.000000
0.000000
0.000000
0.000039
0.000000
0.000053
0.000000
0.000000
0.000000
0.000000
0.000000
0.000000
0.000080
0.000000
0.000000
0.000117
0.000000
0.000000
0.000000
0.000000
0.000000
0.000000
0.000000
0.000000
0.000000
0.000000
0.000000
0.000000
0.000000
0.000000
0.000000
0.000000
0.000000
0.000000
0.000000
0.000000
0.000000
0.000037
0.000000
0.000000
0.000059
0.000000
0.000000
0.000137
0.000179
0.000000
0.000084
0.000000
0.000000
0.000169
0.000000
0.000000
0.000121
0.000000
0.000094
0.000000
0.000000
0.000000
0.000000
0.000000
0.000000
0.000000
0.000000
0.000000
0.000000
0.000000
0.000000
0.000000
0.000000
0.000000
0.000000
0.000000
0.000000
0.000000
0.000000
0.000000
0.000000
0.000000
0.000000
0.000000
0.000050
0.000104
0.000037
0.000379
0.000086
0.000000
0.000000
0.000000
0.000054
0.000280
0.000000
0.000037
0.000199
0.000203
0.000000
0.000000
0.000000
0.000000
0.000000
0.000000
0.000000
0.000000
0.000000
0.000000
0.000000
0.000000
0.000000
0.000000
0.000000
0.000000
0.000000
0.000000
0.000000
0.000000
0.000000
0.000000
0.000000
0.000000
0.000000
0.000000
0.000000
0.000000
0.000000
0.000400
0.000987
0.000290
0.000239
0.001760
0.000174
0.000000
0.000132
0.000078
0.464098
0.000000
0.000149
0.000000
0.000000
0.000000
0.000000
0.000000
0.000000
0.000000
0.000000
0.000000
0.001287
0.002747
0.000630
0.001637
0.005742
0.001814
0.000083
0.000305
0.000413
0.000000
0.000000
0.000000
0.000000
0.000000
0.000000
0.000000
0.000057
0.000076
0.000000
0.000000
0.000000
0.000050
0.000176
0.000000
0.000000
0.000000
0.000038
0.000000
0.000088
0.000000
0.000000
0.000000
0.000000
0.000000
0.000000
0.000031
0.000000
0.000000
0.000000
0.000000
0.000000
0.000054
0.000000
0.000039
0.000000
0.000000
0.000000
0.000086
0.000141
0.000392
0.000743
0.000000
0.000092
0.000085
0.000000
0.000428
0.000336
0.000000
0.000025
0.000000
0.000000
0.000114
0.000055
0.000000
0.000000
0.000000
0.000066
0.000000
0.040348
0.000000
0.000254
0.000255
0.000152
0.000185
0.000224
0.000054
0.000085
0.000529
0.000000
0.000036
0.000000
0.000000
0.000038
0.000000
0.000000
0.000000
0.000000
0.000000
0.000000
0.000000
0.000000
0.000000
0.000000
0.000000
0.000000
0.000000
0.000000
0.000000
0.000000
0.000000
0.000000
0.000000
0.000000
0.000000
0.000000
0.000000
0.000000
0.000093
0.011649
0.000000
0.004029
0.000000
0.000000
0.000000
0.001072
0.000000
0.001776
0.000401
0.000000
0.000195
0.000000
0.000000
0.000000
0.000000
0.000000
0.000071
0.000000
0.000000
0.000000
0.000000
0.000000
0.000000
0.000000
0.000000
0.000000
0.000000
0.000000
0.000000
0.000000
0.000000
0.000000
0.000000
0.000000
0.000000
0.000000
0.000000
0.000205
0.000000
0.005371
0.002347
0.000000
0.000000
0.000000
0.000000
0.001638
0.000299
0.000000
0.002054
0.000087
0.000000
0.000000
0.000000
0.000000
0.000027
0.000000
0.000000
0.000000
0.000000
0.000000
0.000000
0.000000
0.000000
0.000000
0.000000
0.000000
0.000000
0.000000
0.000000
0.000000
0.000000
0.000000
0.000000
0.000000
0.000000
0.000000
0.000631
0.004381
0.004245
0.049208
0.000000
0.000000
0.000000
0.000402
0.001342
0.007940
0.000206
0.002300
0.003211
0.000000
0.000000
0.000000
0.000000
0.000000
0.000142
0.000000
0.000000
0.000000
0.000000
0.000000
0.000000
0.000000
0.000000
0.000000
0.000000
0.000000
0.000000
0.000000
0.000000
0.000000
0.000000
0.000000
0.000000
0.000000
0.000000
0.000090
0.000000
0.000000
0.000000
0.009639
0.000000
0.004693
0.002409
0.000000
0.001072
0.000000
0.000000
0.000000
0.000117
0.000000
0.000253
0.000000
0.000000
0.000000
0.000000
0.000000
0.000000
0.000000
0.000000
0.000000
0.000000
0.000000
0.000000
0.000000
0.000000
0.000000
0.000000
0.000000
0.000000
0.000000
0.000000
0.000000
0.000000
0.000057
0.000147
0.000000
0.000000
0.000000
0.000000
0.012968
0.006357
0.000000
0.001187
0.001607
0.000000
0.000000
0.000000
0.000000
0.001636
0.000026
0.000000
0.000024
0.000038
0.000000
0.000000
0.000000
0.000000
0.000000
0.000000
0.000000
0.000000
0.000000
0.000000
0.000000
0.000000
0.000000
0.000000
0.000000
0.000000
0.000000
0.000000
0.000000
0.000000
0.000776
0.000000
0.000000
0.000000
0.006325
0.005086
0.039654
0.000924
0.001017
0.011952
0.000000
0.000000
0.000000
0.000108
0.000513
0.001657
0.000000
0.000000
0.000000
0.000000
0.000000
0.000000
0.000000
0.000000
0.000000
0.000000
0.000000
0.000000
0.000000
0.000000
0.000000
0.000000
0.000000
0.000000
0.000000
0.000000
0.000000
0.000000
0.000000
0.000108
0.001097
0.000000
0.001847
0.000891
0.000000
0.000650
0.005128
0.000000
0.003220
0.000191
0.000000
0.000000
0.000057
0.000000
0.000027
0.000410
0.000000
0.000174
0.000000
0.000000
0.000000
0.000000
0.000000
0.000000
0.000000
0.000000
0.000000
0.000000
0.000000
0.000000
0.000000
0.000000
0.000000
0.000000
0.000000
0.000000
0.000000
0.000000
0.000057
0.000000
0.001081
0.000596
0.000000
0.002413
0.000778
0.000000
0.005102
0.003245
0.000000
0.000329
0.000000
0.000000
0.000118
0.000039
0.000000
0.000175
0.000018
0.000000
0.000000
0.000000
0.000000
0.000000
0.000000
0.000000
0.000000
0.000000
0.000000
0.000000
0.000000
0.000000
0.000000
0.000000
0.000000
0.000000
0.000000
0.000000
0.000057
0.000699
0.001471
0.000533
0.013116
0.000410
0.001349
0.007693
0.003611
0.003088
0.033324
0.000254
0.000000
0.000386
0.000027
0.000800
0.000376
0.000128
0.000087
0.001025
0.000000
0.000000
0.000000
0.000000
0.000000
0.000000
0.000000
0.000000
0.000000
0.000000
0.000000
0.000000
0.000000
0.000000
0.000000
0.000000
0.000000
0.000000
0.002075
0.000000
0.000000
0.000570
0.000000
0.000287
0.000000
0.000000
0.000000
0.000000
0.000000
0.000126
0.001579
0.000152
0.000256
0.000000
0.000000
0.000000
0.000048
0.000000
0.000000
0.000000
0.000000
0.000000
0.000000
0.000000
0.000000
0.000000
0.000000
0.000000
0.000000
0.000037
0.000000
0.000000
0.000000
0.000000
0.000000
0.000000
0.000000
0.006720
0.000066
0.000000
0.000000
0.000526
0.000454
0.000000
0.000000
0.000000
0.000000
0.000037
0.000076
0.000000
0.005227
0.001573
0.000000
0.000000
0.000000
0.000000
0.000143
0.000203
0.000000
0.000000
0.000000
0.000000
0.000000
0.000000
0.000000
0.000000
0.000000
0.000000
0.000027
0.000000
0.000000
0.000000
0.000336
0.000000
0.000000
0.000031
0.000780
0.000038
0.000000
0.000035
0.000018
0.001676
0.000000
0.000000
0.000000
0.000000
0.000000
0.000784
0.000865
0.002004
0.000986
0.000000
0.000000
0.000000
0.000000
0.000000
0.000000
0.000000
0.000000
0.000000
0.000000
0.000000
0.000000
0.000000
0.000000
0.000000
0.000000
0.000000
0.000000
0.000000
0.000000
0.000000
0.000000
0.000000
0.000000
0.000762
0.000000
0.000031
0.000000
0.000000
0.000000
0.000750
0.000000
0.000239
0.000000
0.000000
0.000000
0.000000
0.000000
0.000000
0.001100
0.000000
0.000358
0.000254
0.000000
0.000159
0.000000
0.000000
0.000000
0.000000
0.000000
0.000000
0.000000
0.000000
0.000000
0.000000
0.000000
0.000000
0.000000
0.000254
0.000000
0.000000
0.000000
0.000000
0.005103
0.000050
0.000083
0.000000
0.000000
0.000000
0.000000
0.001578
0.001124
0.000000
0.000044
0.000198
0.000000
0.000000
0.000000
0.000000
0.005442
0.002932
0.000000
0.000025
0.000416
0.000000
0.000000
0.000000
0.000000
0.000000
0.000000
0.000000
0.000000
0.000000
0.000000
0.000000
0.000000
0.000000
0.000000
0.000000
0.000000
0.000000
0.000000
0.000688
0.000076
0.000083
0.000000
0.000000
0.000000
0.000107
0.000000
0.004135
0.000081
0.000000
0.000433
0.000000
0.000000
0.000000
0.000074
0.001754
0.001622
0.000000
0.000000
0.000393
0.000000
0.000000
0.000000
0.000000
0.000000
0.000000
0.000000
0.000000
0.000000
0.000000
0.000000
0.000000
0.000000
0.000000
0.000000
0.000000
0.000000
0.000000
0.000055
0.000054
0.000254
0.000083
0.000000
0.000000
0.000000
0.000000
0.000000
0.000000
0.000000
0.000048
0.000168
0.000000
0.000000
0.000317
0.000000
0.000000
0.000083
0.000000
0.000000
0.000000
0.000000
0.000000
0.000000
0.000000
0.000000
0.000000
0.000000
0.000000
0.000000
0.000000
0.000000
0.000000
0.000000
0.000000
0.000000
0.000000
0.000000
0.000292
0.000000
0.000000
0.000000
0.000000
0.000085
0.000000
0.000000
0.000057
0.000000
0.000025
0.000197
0.000000
0.000044
0.000000
0.000000
0.000132
0.000000
0.000000
0.000333
0.000110
0.000000
0.000000
0.000000
0.000000
0.000000
0.000000
0.000000
0.000000
0.000000
0.000000
0.000000
0.000000
0.000000
0.000000
0.000000
0.000000
0.000000
0.000000
0.000106
0.000000
0.000000
0.000000
0.000000
0.000251
0.000000
0.000000
0.000054
0.000120
0.000000
0.001355
0.000141
0.000055
0.000204
0.000062
0.000478
0.000213
0.000055
0.000154
0.000272
