0.003860
0.006839
0.013518
0.001278
0.006284
0.009558
0.001749
0.002407
0.007729
0.001432
0.004573
0.002593
0.000915
0.005191
0.002125
0.000308
0.000854
0.001205
0.440035
0.001461
0.032190
0.029630
0.014899
0.109605
0.021716
0.026365
0.073879
0.016842
0.010552
0.073333
0.004891
0.018432
0.013522
0.003470
0.017976
0.010139
0.001364
0.002063
0.005219
0.002374
0.000000
0.000913
0.000000
0.000000
0.000000
0.000275
0.000000
0.000139
0.000018
0.000000
0.000012
0.000000
0.000000
0.000000
0.000000
0.000000
0.000000
0.000000
0.000000
0.000143
0.000000
0.000000
0.000000
0.000000
0.000000
0.000000
0.000000
0.000000
0.000000
0.000000
0.000000
0.000000
0.000000
0.000000
0.000000
0.000000
0.000000
0.000000
0.000000
0.004404
0.001261
0.000000
0.000000
0.000000
0.000000
0.000337
0.000122
0.000000
0.000421
0.000051
0.000000
0.000000
0.000000
0.000000
0.000019
0.000000
0.000000
0.000008
0.000217
0.000000
0.000000
0.000000
0.000000
0.000000
0.000000
0.000000
0.000000
0.000000
0.000000
0.000000
0.000000
0.000000
0.000000
0.000000
0.000000
0.000000
0.000000
0.000902
0.001226
0.008028
0.000000
0.000000
0.000000
0.000248
0.000182
0.001129
0.000133
0.000325
0.000669
0.000000
0.000000
0.000000
0.000005
0.000015
0.000081
0.000000
0.000167
0.000328
0.000000
0.000000
0.000000
0.000000
0.000000
0.000000
0.000000
0.000000
0.000000
0.000000
0.000000
0.000000
0.000000
0.000000
0.000000
0.000000
0.000000
0.000000
0.000000
0.000000
0.000000
0.000529
0.000000
0.000486
0.000139
0.000000
0.000030
0.000000
0.000000
0.000000
0.000057
0.000000
0.000009
0.000000
0.000000
0.000009
0.000000
0.000000
0.000025
0.000000
0.000000
0.000000
0.000000
0.000000
0.000000
0.000000
0.000000
0.000000
0.000000
0.000000
0.000000
0.000000
0.000000
0.000000
0.000000
0.000000
0.000000
0.000000
0.000000
0.000000
0.000000
0.003516
0.001027
0.000000
0.000334
0.000234
0.000000
0.000000
0.000000
0.000000
0.000732
0.000040
0.000000
0.000057
0.000000
0.000000
0.000009
0.000157
0.000000
0.000000
0.000000
0.000000
0.000000
0.000000
0.000000
0.000000
0.000000
0.000000
0.000000
0.000000
0.000000
0.000000
0.000000
0.000000
0.000000
0.000000
0.000000
0.000000
0.000000
0.000392
0.001224
0.005867
0.000027
0.000107
0.000802
0.000000
0.000000
0.000000
0.000087
0.000316
0.000373
0.000006
0.000000
0.000025
0.000000
0.000006
0.000217
0.000000
0.000000
0.000000
0.000000
0.000000
0.000000
0.000000
0.000000
0.000000
0.000000
0.000000
0.000000
0.000000
0.000000
0.000000
0.000000
0.000000
0.000000
0.000145
0.000000
0.000125
0.000173
0.000000
0.000099
0.000555
0.000000
0.000477
0.000010
0.000000
0.000000
0.000014
0.000000
0.000007
0.000047
0.000000
0.000040
0.000000
0.000000
0.000063
0.000000
0.000000
0.000000
0.000000
0.000000
0.000000
0.000000
0.000000
0.000000
0.000000
0.000000
0.000000
0.000000
0.000000
0.000000
0.000000
0.000000
0.000000
0.000000
0.000326
0.000067
0.000000
0.000346
0.000051
0.000000
0.000800
0.000375
0.000000
0.000012
0.000000
0.000000
0.000113
0.000007
0.000000
0.000163
0.000000
0.000000
0.000000
0.000086
0.000000
0.000000
0.000000
0.000000
0.000000
0.000000
0.000000
0.000000
0.000000
0.000000
0.000000
0.000000
0.000000
0.000000
0.000000
0.000000
0.000000
0.000000
0.000120
0.000110
0.001065
0.000082
0.000306
0.000870
0.000339
0.000413
0.003368
0.000011
0.000008
0.000033
0.000013
0.000116
0.000118
0.000005
0.000133
0.000427
0.000000
0.000007
0.000213
0.000000
0.000000
0.000000
0.000000
0.000000
0.000000
0.000000
0.000000
0.000000
0.000000
0.000000
0.000000
0.000000
0.000000
0.000000
0.000000
0.000000
0.000000
0.000066
0.000000
0.000256
0.000000
0.000000
0.000000
0.000009
0.000000
0.000008
0.000520
0.000000
0.000074
0.000000
0.000000
0.000000
0.000070
0.000000
0.000009
0.000360
0.000000
0.000000
0.000000
0.000000
0.000000
0.000000
0.000000
0.000000
0.000000
0.000000
0.000000
0.000000
0.000000
0.000000
0.000000
0.000000
0.000000
0.000000
0.000000
0.000000
0.000000
0.000483
0.000403
0.000000
0.000000
0.000000
0.000000
0.000061
0.000011
0.000000
0.001455
0.000652
0.000000
0.000000
0.000000
0.000000
0.000067
0.000116
0.001131
0.000015
0.000164
0.000000
0.000000
0.000000
0.000000
0.000000
0.000000
0.000000
0.000000
0.000000
0.000007
0.000043
0.000013
0.000000
0.000000
0.000000
0.000000
0.000000
0.000000
0.000163
0.000014
0.000939
0.000000
0.000000
0.000000
0.000000
0.000000
0.000054
0.000130
0.000183
0.000579
0.000000
0.000000
0.000000
0.000000
0.000000
0.000015
0.000417
0.000050
0.000013
0.000000
0.000000
0.000000
0.000000
0.000000
0.000000
0.000000
0.000000
0.000000
0.000000
0.000054
0.000000
0.000000
0.000000
0.000000
0.000000
0.000000
0.000000
0.000000
0.000000
0.000000
0.000054
0.000000
0.000023
0.000027
0.000000
0.000000
0.000000
0.000000
0.000000
0.000258
0.000000
0.000127
0.000017
0.000000
0.000070
0.000196
0.000013
0.000000
0.000000
0.000000
0.000000
0.000000
0.000000
0.000000
0.000000
0.000000
0.000000
0.000000
0.000000
0.000000
0.000025
0.000000
0.000010
0.000000
0.000000
0.000000
0.000000
0.000000
0.000000
0.000000
0.000707
0.000173
0.000000
0.000054
0.000163
0.000000
0.000000
0.000000
0.000000
0.001931
0.000227
0.000000
0.000081
0.000100
0.001513
0.000114
0.000046
0.000000
0.000000
0.000000
0.000000
0.000000
0.000000
0.000000
0.000000
0.000000
0.000000
0.000000
0.000000
0.000000
0.000049
0.000006
0.000000
0.000000
0.000000
0.000000
0.000000
0.000000
0.000005
0.000022
0.000639
0.000000
0.000005
0.000130
0.000000
0.000000
0.000000
0.000158
0.000122
0.000387
0.000000
0.000000
0.000141
0.000404
0.000054
0.000012
0.000000
0.000000
0.000000
0.000000
0.000000
0.000000
0.000000
0.000000
0.000000
0.000000
0.000000
0.000000
0.000000
0.000006
0.000000
0.000000
0.000000
0.000000
0.000000
0.000000
0.000017
0.000000
0.000000
0.000045
0.000074
0.000000
0.000037
0.000032
0.000000
0.000000
0.000015
0.000000
0.000000
0.000061
0.000000
0.000000
0.000017
0.000000
0.000012
0.000000
0.000000
0.000000
0.000000
0.000000
0.000000
0.000000
0.000000
0.000000
0.000000
0.000000
0.000000
0.000000
0.000000
0.000000
0.000000
0.000000
0.000000
0.000000
0.000005
0.000007
0.000000
0.000011
0.000000
0.000000
0.000077
0.000144
0.000000
0.000105
0.000000
0.000000
0.000192
0.000000
0.000000
0.000098
0.000051
0.000132
0.000000
0.000000
0.000000
0.000000
0.000000
0.000000
0.000000
0.000000
0.000000
0.000000
0.000000
0.000000
0.000000
0.000000
0.000000
0.000000
0.000041
0.000000
0.000000
0.000000
0.000019
0.000000
0.000012
0.000000
0.000000
0.000032
0.000017
0.000000
0.000478
0.000087
0.000046
0.000045
0.000000
0.000087
0.000142
0.000000
0.000082
0.000044
0.000030
0.000013
0.000019
0.000000
0.000000
0.000000
0.000000
0.000000
0.000000
0.000000
0.000000
0.000000
0.000000
0.000000
0.000000
0.000000
0.000000
0.000000
0.000000
0.000000
0.000000
0.000000
0.000000
0.000000
0.000000
0.000000
0.000000
0.000000
0.000000
0.000000
0.000390
0.001513
0.000360
0.000233
0.001441
0.000432
0.000097
0.000125
0.000028
0.414730
0.000000
0.000161
0.000000
0.000000
0.000000
0.000000
0.000000
0.000000
0.000000
0.000000
0.000000
0.001376
0.004640
0.002045
0.001509
0.005252
0.001995
0.000125
0.000186
0.000307
0.000013
0.000000
0.000086
0.000000
0.000073
0.000015
0.000000
0.000006
0.000000
0.000014
0.000123
0.000061
0.000000
0.000031
0.000200
0.000000
0.000010
0.000032
0.000000
0.000360
0.000000
0.000000
0.000000
0.000089
0.000009
0.000000
0.000074
0.000000
0.000000
0.000000
0.000000
0.000062
0.000037
0.000000
0.000099
0.000027
0.000000
0.000013
0.000044
0.000082
0.000152
0.000371
0.000022
0.000086
0.000283
0.000051
0.000045
0.000098
0.000000
0.000034
0.000025
0.000000
0.000058
0.000016
0.000000
0.000000
0.000014
0.000043
0.000000
0.029027
0.000221
0.000040
0.000469
0.000134
0.000095
0.000378
0.000143
0.000026
0.000415
0.000013
0.000017
0.000024
0.000000
0.000025
0.000007
0.000008
0.000000
0.000000
0.000000
0.000000
0.000000
0.000000
0.000000
0.000000
0.000000
0.000000
0.000000
0.000000
0.000000
0.000000
0.000000
0.000000
0.000000
0.000000
0.000000
0.000000
0.000000
0.000000
0.000072
0.015596
0.000000
0.009815
0.000000
0.000000
0.000000
0.002109
0.000000
0.001333
0.000482
0.000000
0.000381
0.000000
0.000000
0.000000
0.000060
0.000000
0.000036
0.000000
0.000000
0.000000
0.000000
0.000000
0.000000
0.000000
0.000000
0.000000
0.000000
0.000000
0.000000
0.000000
0.000000
0.000000
0.000000
0.000000
0.000000
0.000000
0.000019
0.000150
0.000000
0.006854
0.003405
0.000000
0.000000
0.000000
0.000000
0.001600
0.000626
0.000000
0.002157
0.000140
0.000000
0.000000
0.000000
0.000000
0.000079
0.000000
0.000000
0.000000
0.000000
0.000000
0.000000
0.000000
0.000000
0.000000
0.000000
0.000000
0.000000
0.000000
0.000000
0.000000
0.000000
0.000000
0.000000
0.000000
0.000000
0.000064
0.000286
0.009809
0.005750
0.074174
0.000000
0.000000
0.000000
0.001265
0.001107
0.010850
0.000332
0.002217
0.004142
0.000000
0.000000
0.000000
0.000019
0.000061
0.000613
0.000000
0.000000
0.000000
0.000000
0.000000
0.000000
0.000000
0.000000
0.000000
0.000000
0.000000
0.000000
0.000000
0.000000
0.000000
0.000000
0.000000
0.000000
0.000000
0.000000
0.000076
0.000000
0.000000
0.000000
0.012653
0.000000
0.005940
0.001506
0.000000
0.001196
0.000000
0.000000
0.000000
0.000190
0.000000
0.000172
0.000019
0.000000
0.000098
0.000000
0.000000
0.000000
0.000000
0.000000
0.000000
0.000000
0.000000
0.000000
0.000000
0.000000
0.000000
0.000000
0.000000
0.000000
0.000000
0.000000
0.000000
0.000000
0.000025
0.000177
0.000000
0.000000
0.000000
0.000000
0.014210
0.007206
0.000000
0.000871
0.002085
0.000000
0.000000
0.000000
0.000000
0.001917
0.000012
0.000000
0.000005
0.000000
0.000000
0.000000
0.000000
0.000000
0.000000
0.000000
0.000000
0.000000
0.000000
0.000000
0.000000
0.000000
0.000000
0.000000
0.000000
0.000000
0.000000
0.000000
0.000000
0.000000
0.000196
0.000000
0.000000
0.000000
0.006095
0.005921
0.045201
0.001529
0.000526
0.011392
0.000000
0.000000
0.000000
0.000032
0.001445
0.001872
0.000011
0.000000
0.000116
0.000000
0.000000
0.000000
0.000000
0.000000
0.000000
0.000000
0.000000
0.000000
0.000000
0.000000
0.000000
0.000000
0.000000
0.000000
0.000000
0.000000
0.000000
0.000000
0.000000
0.000050
0.001220
0.000000
0.001937
0.001023
0.000000
0.001109
0.006083
0.000000
0.004419
0.000190
0.000000
0.000085
0.000086
0.000000
0.000102
0.000364
0.000000
0.000337
0.000000
0.000000
0.000000
0.000000
0.000000
0.000000
0.000000
0.000000
0.000000
0.000000
0.000000
0.000000
0.000000
0.000000
0.000000
0.000000
0.000000
0.000000
0.000000
0.000005
0.000089
0.000000
0.000881
0.000522
0.000000
0.002207
0.000929
0.000000
0.003449
0.001797
0.000000
0.000114
0.000000
0.000000
0.000256
0.000007
0.000000
0.000379
0.000000
0.000000
0.000000
0.000000
0.000000
0.000000
0.000000
0.000000
0.000000
0.000000
0.000000
0.000000
0.000000
0.000000
0.000000
0.000000
0.000000
0.000000
0.000000
0.000000
0.000081
0.000196
0.001758
0.000985
0.014569
0.000863
0.001489
0.006901
0.003981
0.002817
0.036056
0.000085
0.000349
0.000535
0.000022
0.000358
0.001066
0.000064
0.000506
0.001385
0.000000
0.000000
0.000000
0.000000
0.000000
0.000000
0.000000
0.000000
0.000000
0.000012
0.000069
0.000000
0.000000
0.000000
0.000000
0.000000
0.000000
0.000000
0.001502
0.000000
0.000009
0.000511
0.000000
0.000336
0.000000
0.000000
0.000000
0.000077
0.000000
0.000015
0.001783
0.000061
0.000414
0.000000
0.000000
0.000015
0.000112
0.000000
0.000014
0.000000
0.000000
0.000000
0.000000
0.000000
0.000000
0.000000
0.000000
0.000000
0.000008
0.000117
0.000051
0.000000
0.000000
0.000000
0.000000
0.000000
0.000000
0.007555
0.000076
0.000016
0.000000
0.000485
0.001164
0.000000
0.000000
0.000000
0.000000
0.000007
0.000104
0.000014
0.005507
0.002739
0.000000
0.000070
0.000000
0.000000
0.000131
0.000405
0.000000
0.000000
0.000000
0.000000
0.000000
0.000000
0.000000
0.000000
0.000000
0.000000
0.000060
0.000000
0.000000
0.000039
0.000000
0.000000
0.000000
0.000007
0.001635
0.000054
0.000039
0.000616
0.000023
0.003954
0.000000
0.000000
0.000000
0.000046
0.000000
0.000525
0.000444
0.003006
0.002935
0.000000
0.000000
0.000000
0.000000
0.000000
0.000257
0.000000
0.000000
0.000000
0.000000
0.000000
0.000000
0.000000
0.000000
0.000000
0.000000
0.000000
0.000007
0.000000
0.000011
0.000000
0.000000
0.000000
0.000000
0.000821
0.000010
0.000010
0.000000
0.000000
0.000000
0.000599
0.000000
0.000239
0.000055
0.000000
0.000036
0.000000
0.000006
0.000000
0.001080
0.000000
0.000275
0.000231
0.000000
0.000115
0.000000
0.000000
0.000000
0.000000
0.000000
0.000000
0.000000
0.000000
0.000000
0.000073
0.000062
0.000000
0.000000
0.000025
0.000000
0.000000
0.000012
0.000007
0.006417
0.000103
0.000025
0.000000
0.000000
0.000000
0.000000
0.001033
0.001498
0.000000
0.000059
0.000272
0.000000
0.000000
0.000000
0.000000
0.005611
0.002084
0.000000
0.000156
0.000496
0.000000
0.000000
0.000000
0.000000
0.000000
0.000000
0.000000
0.000000
0.000000
0.000000
0.000000
0.000000
0.000085
0.000011
0.000013
0.000000
0.000000
0.000000
0.001511
0.000103
0.000006
0.000000
0.000000
0.000000
0.000413
0.000105
0.003322
0.000000
0.000000
0.000492
0.000000
0.000000
0.000000
0.000258
0.001593
0.002045
0.000000
0.000000
0.000162
0.000000
0.000000
0.000000
0.000000
0.000000
0.000000
0.000000
0.000000
0.000000
0.000000
0.000000
0.000000
0.000000
0.000000
0.000000
0.000000
0.000000
0.000000
0.000328
0.000000
0.000000
0.000076
0.000000
0.000013
0.000036
0.000000
0.000042
0.000098
0.000000
0.000113
0.000126
0.000000
0.000000
0.000254
0.000007
0.000000
0.000180
0.000000
0.000102
0.000000
0.000000
0.000000
0.000000
0.000000
0.000000
0.000000
0.000000
0.000000
0.000000
0.000072
0.000000
0.000000
0.000000
0.000000
0.000000
0.000000
0.000000
0.000475
0.000050
0.000000
0.000000
0.000014
0.000010
0.000000
0.000000
0.000005
0.000000
0.000081
0.000275
0.000000
0.000169
0.000000
0.000000
0.000612
0.000000
0.000000
0.000161
0.000158
0.000000
0.000000
0.000000
0.000000
0.000000
0.000000
0.000000
0.000000
0.000000
0.000000
0.000000
0.000000
0.000000
0.000000
0.000000
0.000000
0.000000
0.000000
0.000324
0.000076
0.000014
0.000067
0.000000
0.000271
0.000000
0.000000
0.000117
0.000100
0.000000
0.001455
0.000064
0.000220
0.000159
0.000013
0.000749
0.000455
0.000182
0.000391
0.000613
