0.010759
0.016011
0.011577
0.006492
0.018084
0.009070
0.003243
0.003812
0.004429
0.000976
0.002799
0.000580
0.000582
0.004217
0.000700
0.000109
0.000225
0.000242
0.496104
0.000061
0.039866
0.040216
0.033615
0.065906
0.039699
0.046807
0.058090
0.017461
0.012935
0.024303
0.003273
0.009217
0.001590
0.002853
0.010908
0.002041
0.000128
0.000542
0.000477
0.007180
0.000000
0.002198
0.000000
0.000000
0.000000
0.000694
0.000000
0.000289
0.000292
0.000000
0.000071
0.000000
0.000000
0.000000
0.000041
0.000000
0.000000
0.000000
0.000000
0.000020
0.000000
0.000000
0.000000
0.000000
0.000000
0.000000
0.000000
0.000000
0.000000
0.000000
0.000000
0.000000
0.000000
0.000000
0.000000
0.000000
0.000000
0.000000
0.000000
0.012575
0.001905
0.000000
0.000000
0.000000
0.000000
0.000680
0.000142
0.000000
0.000717
0.000000
0.000000
0.000000
0.000000
0.000000
0.000029
0.000000
0.000000
0.000000
0.000000
0.000000
0.000000
0.000000
0.000000
0.000000
0.000000
0.000000
0.000000
0.000000
0.000000
0.000000
0.000000
0.000000
0.000000
0.000000
0.000000
0.000000
0.000000
0.002248
0.001993
0.006053
0.000000
0.000000
0.000000
0.000067
0.000150
0.000658
0.000018
0.000060
0.000213
0.000000
0.000000
0.000000
0.000000
0.000000
0.000000
0.000000
0.000000
0.000149
0.000000
0.000000
0.000000
0.000000
0.000000
0.000000
0.000000
0.000000
0.000000
0.000000
0.000000
0.000000
0.000000
0.000000
0.000000
0.000000
0.000000
0.000000
0.000000
0.000000
0.000000
0.004358
0.000000
0.001374
0.000459
0.000000
0.000068
0.000000
0.000000
0.000000
0.000146
0.000000
0.000026
0.000000
0.000000
0.000000
0.000000
0.000000
0.000037
0.000000
0.000000
0.000000
0.000000
0.000000
0.000000
0.000000
0.000000
0.000000
0.000000
0.000000
0.000000
0.000000
0.000000
0.000000
0.000000
0.000000
0.000000
0.000000
0.000000
0.000000
0.000000
0.014065
0.001406
0.000000
0.001125
0.000272
0.000000
0.000000
0.000000
0.000000
0.000810
0.000020
0.000000
0.000000
0.000000
0.000000
0.000016
0.000218
0.000000
0.000000
0.000000
0.000000
0.000000
0.000000
0.000000
0.000000
0.000000
0.000000
0.000000
0.000000
0.000000
0.000000
0.000000
0.000000
0.000000
0.000000
0.000000
0.000000
0.000000
0.001327
0.001801
0.004992
0.000155
0.000094
0.000484
0.000000
0.000000
0.000000
0.000000
0.000061
0.000048
0.000000
0.000000
0.000034
0.000000
0.000000
0.000094
0.000000
0.000000
0.000000
0.000000
0.000000
0.000000
0.000000
0.000000
0.000000
0.000000
0.000000
0.000000
0.000000
0.000000
0.000000
0.000000
0.000000
0.000000
0.000600
0.000000
0.000165
0.000530
0.000000
0.000148
0.001334
0.000000
0.000281
0.000000
0.000000
0.000000
0.000019
0.000000
0.000000
0.000000
0.000000
0.000128
0.000000
0.000000
0.000044
0.000000
0.000000
0.000000
0.000000
0.000000
0.000000
0.000000
0.000000
0.000000
0.000000
0.000000
0.000000
0.000000
0.000000
0.000000
0.000000
0.000000
0.000000
0.000000
0.000564
0.000146
0.000000
0.000893
0.000075
0.000000
0.001151
0.000854
0.000000
0.000025
0.000000
0.000000
0.000080
0.000000
0.000000
0.000037
0.000000
0.000000
0.000000
0.000000
0.000000
0.000000
0.000000
0.000000
0.000000
0.000000
0.000000
0.000000
0.000000
0.000000
0.000000
0.000000
0.000000
0.000000
0.000000
0.000000
0.000000
0.000000
0.000457
0.000143
0.000743
0.000151
0.000164
0.000659
0.000465
0.000306
0.001251
0.000000
0.000000
0.000000
0.000000
0.000014
0.000000
0.000000
0.000028
0.000056
0.000000
0.000000
0.000000
0.000000
0.000000
0.000000
0.000000
0.000000
0.000000
0.000000
0.000000
0.000000
0.000000
0.000000
0.000000
0.000000
0.000000
0.000000
0.000000
0.000000
0.000000
0.000108
0.000000
0.000032
0.000000
0.000000
0.000000
0.000000
0.000000
0.000000
0.000417
0.000000
0.000061
0.000000
0.000000
0.000000
0.000009
0.000000
0.000000
0.000351
0.000000
0.000000
0.000000
0.000000
0.000000
0.000000
0.000000
0.000000
0.000000
0.000000
0.000000
0.000000
0.000000
0.000000
0.000000
0.000000
0.000000
0.000000
0.000000
0.000000
0.000000
0.000425
0.000020
0.000000
0.000000
0.000000
0.000000
0.000044
0.000000
0.000000
0.001218
0.000091
0.000000
0.000000
0.000000
0.000000
0.000030
0.000000
0.000888
0.000000
0.000000
0.000000
0.000000
0.000000
0.000000
0.000000
0.000000
0.000000
0.000000
0.000000
0.000000
0.000071
0.000000
0.000000
0.000020
0.000000
0.000000
0.000000
0.000000
0.000000
0.000000
0.000173
0.000000
0.000000
0.000000
0.000000
0.000000
0.000038
0.000027
0.000140
0.000085
0.000000
0.000000
0.000000
0.000000
0.000000
0.000000
0.000116
0.000000
0.000000
0.000000
0.000000
0.000000
0.000000
0.000000
0.000000
0.000000
0.000000
0.000000
0.000000
0.000000
0.000000
0.000000
0.000000
0.000000
0.000000
0.000000
0.000000
0.000000
0.000000
0.000000
0.000053
0.000000
0.000020
0.000020
0.000000
0.000000
0.000000
0.000000
0.000000
0.000183
0.000000
0.000051
0.000018
0.000000
0.000026
0.000213
0.000000
0.000000
0.000000
0.000000
0.000000
0.000000
0.000000
0.000000
0.000000
0.000000
0.000000
0.000000
0.000000
0.000000
0.000000
0.000000
0.000000
0.000000
0.000000
0.000000
0.000000
0.000000
0.000000
0.000000
0.000868
0.000018
0.000000
0.000217
0.000000
0.000000
0.000000
0.000000
0.000000
0.001777
0.000264
0.000000
0.000000
0.000000
0.001040
0.000000
0.000044
0.000000
0.000000
0.000000
0.000000
0.000000
0.000000
0.000000
0.000000
0.000000
0.000000
0.000000
0.000000
0.000000
0.000000
0.000000
0.000000
0.000000
0.000000
0.000000
0.000000
0.000000
0.000050
0.000013
0.000323
0.000000
0.000000
0.000014
0.000000
0.000000
0.000000
0.000048
0.000020
0.000039
0.000000
0.000000
0.000000
0.000196
0.000000
0.000000
0.000000
0.000000
0.000000
0.000000
0.000000
0.000000
0.000000
0.000000
0.000000
0.000000
0.000000
0.000000
0.000000
0.000000
0.000000
0.000000
0.000000
0.000000
0.000000
0.000000
0.000000
0.000000
0.000000
0.000000
0.000027
0.000000
0.000000
0.000000
0.000000
0.000000
0.000000
0.000000
0.000000
0.000041
0.000000
0.000000
0.000041
0.000000
0.000000
0.000000
0.000000
0.000000
0.000000
0.000000
0.000000
0.000000
0.000000
0.000000
0.000000
0.000000
0.000000
0.000000
0.000000
0.000000
0.000000
0.000000
0.000000
0.000000
0.000019
0.000000
0.000000
0.000016
0.000000
0.000000
0.000014
0.000016
0.000000
0.000037
0.000000
0.000000
0.000000
0.000000
0.000000
0.000048
0.000000
0.000076
0.000000
0.000000
0.000000
0.000000
0.000000
0.000000
0.000000
0.000000
0.000000
0.000000
0.000000
0.000000
0.000000
0.000000
0.000000
0.000000
0.000000
0.000000
0.000000
0.000000
0.000000
0.000000
0.000000
0.000000
0.000000
0.000000
0.000000
0.000000
0.000026
0.000014
0.000000
0.000000
0.000000
0.000013
0.000170
0.000000
0.000020
0.000000
0.000000
0.000000
0.000000
0.000000
0.000000
0.000000
0.000000
0.000000
0.000000
0.000000
0.000000
0.000000
0.000000
0.000000
0.000000
0.000000
0.000000
0.000000
0.000000
0.000000
0.000000
0.000000
0.000000
0.000000
0.000000
0.000000
0.000000
0.000000
0.000000
0.000000
0.000210
0.000609
0.000060
0.000162
0.001272
0.000046
0.000000
0.000035
0.000000
0.484615
0.000000
0.000016
0.000000
0.000000
0.000000
0.000000
0.000000
0.000000
0.000000
0.000000
0.000000
0.000719
0.001621
0.000169
0.001258
0.003521
0.000368
0.000016
0.000111
0.000018
0.000000
0.000000
0.000000
0.000000
0.000000
0.000000
0.000000
0.000000
0.000000
0.000000
0.000000
0.000000
0.000000
0.000029
0.000000
0.000000
0.000000
0.000000
0.000000
0.000016
0.000000
0.000000
0.000000
0.000000
0.000000
0.000000
0.000016
0.000000
0.000000
0.000000
0.000000
0.000000
0.000000
0.000000
0.000000
0.000000
0.000000
0.000000
0.000000
0.000192
0.000353
0.000174
0.000039
0.000295
0.000075
0.000029
0.000042
0.000044
0.000000
0.000000
0.000000
0.000000
0.000042
0.000000
0.000000
0.000000
0.000000
0.000000
0.000000
0.037713
0.000028
0.000147
0.000313
0.000066
0.000147
0.000119
0.000000
0.000100
0.000037
0.000033
0.000000
0.000000
0.000000
0.000000
0.000000
0.000000
0.000000
0.000000
0.000000
0.000000
0.000000
0.000000
0.000000
0.000000
0.000000
0.000000
0.000000
0.000000
0.000000
0.000000
0.000000
0.000000
0.000000
0.000000
0.000000
0.000000
0.000000
0.000000
0.000127
0.027192
0.000000
0.008529
0.000000
0.000000
0.000000
0.002882
0.000000
0.000883
0.000675
0.000000
0.000090
0.000000
0.000000
0.000000
0.000000
0.000000
0.000000
0.000000
0.000000
0.000000
0.000000
0.000000
0.000000
0.000000
0.000000
0.000000
0.000000
0.000000
0.000000
0.000000
0.000000
0.000000
0.000000
0.000000
0.000000
0.000000
0.000000
0.000423
0.000000
0.020335
0.007326
0.000000
0.000000
0.000000
0.000000
0.002331
0.000142
0.000000
0.003091
0.000073
0.000000
0.000000
0.000000
0.000000
0.000000
0.000000
0.000000
0.000000
0.000000
0.000000
0.000000
0.000000
0.000000
0.000000
0.000000
0.000000
0.000000
0.000000
0.000000
0.000000
0.000000
0.000000
0.000000
0.000000
0.000000
0.000000
0.000144
0.007762
0.010082
0.041828
0.000000
0.000000
0.000000
0.000570
0.000648
0.003923
0.000315
0.000309
0.000519
0.000000
0.000000
0.000000
0.000000
0.000036
0.000000
0.000000
0.000000
0.000000
0.000000
0.000000
0.000000
0.000000
0.000000
0.000000
0.000000
0.000000
0.000000
0.000000
0.000000
0.000000
0.000000
0.000000
0.000000
0.000000
0.000000
0.000073
0.000000
0.000000
0.000000
0.027951
0.000000
0.007681
0.002830
0.000000
0.001041
0.000000
0.000000
0.000000
0.000199
0.000000
0.000073
0.000000
0.000000
0.000000
0.000000
0.000000
0.000000
0.000000
0.000000
0.000000
0.000000
0.000000
0.000000
0.000000
0.000000
0.000000
0.000000
0.000000
0.000000
0.000000
0.000000
0.000000
0.000000
0.000000
0.000351
0.000000
0.000000
0.000000
0.000000
0.031820
0.008485
0.000000
0.002562
0.001674
0.000000
0.000000
0.000000
0.000000
0.001973
0.000000
0.000000
0.000056
0.000000
0.000000
0.000000
0.000000
0.000000
0.000000
0.000000
0.000000
0.000000
0.000000
0.000000
0.000000
0.000000
0.000000
0.000000
0.000000
0.000000
0.000000
0.000000
0.000000
0.000000
0.000272
0.000000
0.000000
0.000000
0.008352
0.007325
0.034991
0.001469
0.000498
0.004376
0.000000
0.000000
0.000000
0.000038
0.000521
0.000398
0.000000
0.000000
0.000000
0.000000
0.000000
0.000000
0.000000
0.000000
0.000000
0.000000
0.000000
0.000000
0.000000
0.000000
0.000000
0.000000
0.000000
0.000000
0.000000
0.000000
0.000000
0.000000
0.000000
0.000162
0.003602
0.000000
0.001621
0.001895
0.000000
0.000763
0.007006
0.000000
0.002221
0.000042
0.000000
0.000029
0.000146
0.000000
0.000000
0.000028
0.000000
0.000029
0.000000
0.000000
0.000000
0.000000
0.000000
0.000000
0.000000
0.000000
0.000000
0.000000
0.000000
0.000000
0.000000
0.000000
0.000000
0.000000
0.000000
0.000000
0.000000
0.000000
0.000033
0.000000
0.001663
0.000724
0.000000
0.003214
0.000790
0.000000
0.004737
0.001703
0.000000
0.000009
0.000000
0.000000
0.000050
0.000009
0.000000
0.000014
0.000000
0.000000
0.000000
0.000000
0.000000
0.000000
0.000000
0.000000
0.000000
0.000000
0.000000
0.000000
0.000000
0.000000
0.000000
0.000000
0.000000
0.000000
0.000000
0.000000
0.000000
0.000039
0.001194
0.000735
0.004811
0.000712
0.001362
0.002737
0.002467
0.001974
0.007878
0.000029
0.000028
0.000076
0.000032
0.000036
0.000032
0.000018
0.000078
0.000164
0.000000
0.000000
0.000000
0.000000
0.000000
0.000000
0.000000
0.000000
0.000000
0.000000
0.000000
0.000000
0.000000
0.000000
0.000000
0.000000
0.000000
0.000000
0.001282
0.000000
0.000000
0.000562
0.000000
0.000053
0.000000
0.000000
0.000000
0.000025
0.000000
0.000000
0.001237
0.000000
0.000080
0.000000
0.000000
0.000000
0.000000
0.000000
0.000000
0.000000
0.000000
0.000000
0.000000
0.000000
0.000000
0.000000
0.000000
0.000000
0.000000
0.000000
0.000000
0.000000
0.000053
0.000000
0.000000
0.000000
0.000000
0.003582
0.000000
0.000000
0.000000
0.000722
0.000401
0.000000
0.000000
0.000000
0.000000
0.000073
0.000070
0.000000
0.003929
0.000339
0.000000
0.000000
0.000000
0.000000
0.000055
0.000033
0.000000
0.000000
0.000000
0.000000
0.000000
0.000000
0.000000
0.000000
0.000000
0.000000
0.000000
0.000000
0.000000
0.000000
0.000000
0.000000
0.000000
0.000000
0.000370
0.000000
0.000000
0.000038
0.000009
0.000540
0.000000
0.000000
0.000000
0.000000
0.000000
0.000000
0.000232
0.000185
0.000219
0.000000
0.000000
0.000000
0.000000
0.000000
0.000000
0.000000
0.000000
0.000000
0.000000
0.000000
0.000000
0.000000
0.000000
0.000000
0.000000
0.000000
0.000000
0.000000
0.000028
0.000000
0.000000
0.000000
0.000000
0.000448
0.000000
0.000016
0.000000
0.000000
0.000000
0.000806
0.000000
0.000121
0.000142
0.000000
0.000000
0.000000
0.000000
0.000000
0.001051
0.000000
0.000089
0.000067
0.000000
0.000095
0.000000
0.000000
0.000000
0.000000
0.000000
0.000000
0.000000
0.000000
0.000000
0.000000
0.000000
0.000000
0.000026
0.000029
0.000039
0.000000
0.000000
0.000000
0.002974
0.000029
0.000013
0.000000
0.000000
0.000000
0.000000
0.001720
0.000925
0.000000
0.000000
0.000041
0.000000
0.000000
0.000000
0.000000
0.004196
0.000816
0.000000
0.000055
0.000080
0.000000
0.000000
0.000000
0.000000
0.000000
0.000000
0.000000
0.000000
0.000000
0.000000
0.000000
0.000000
0.000000
0.000000
0.000000
0.000000
0.000000
0.000000
0.000207
0.000000
0.000000
0.000000
0.000000
0.000000
0.000066
0.000000
0.001006
0.000018
0.000000
0.000124
0.000000
0.000000
0.000000
0.000033
0.000302
0.000232
0.000000
0.000000
0.000059
0.000000
0.000000
0.000000
0.000000
0.000000
0.000000
0.000000
0.000000
0.000000
0.000000
0.000000
0.000000
0.000000
0.000000
0.000000
0.000000
0.000000
0.000000
0.000018
0.000000
0.000000
0.000000
0.000000
0.000000
0.000000
0.000000
0.000000
0.000042
0.000000
0.000040
0.000000
0.000000
0.000000
0.000028
0.000000
0.000000
0.000000
0.000000
0.000000
0.000000
0.000000
0.000000
0.000000
0.000000
0.000000
0.000000
0.000000
0.000000
0.000000
0.000000
0.000000
0.000000
0.000000
0.000000
0.000000
0.000000
0.000000
0.000122
0.000000
0.000000
0.000000
0.000029
0.000000
0.000000
0.000056
0.000000
0.000000
0.000060
0.000075
0.000000
0.000012
0.000000
0.000000
0.000050
0.000000
0.000000
0.000138
0.000000
0.000000
0.000000
0.000000
0.000000
0.000000
0.000000
0.000000
0.000000
0.000000
0.000000
0.000000
0.000000
0.000000
0.000000
0.000000
0.000000
0.000000
0.000000
0.000000
0.000000
0.000000
0.000000
0.000000
0.000020
0.000000
0.000000
0.000000
0.000094
0.000000
0.000171
0.000000
0.000000
0.000000
0.000000
0.000164
0.000029
0.000000
0.000000
0.000000
