0.001197
0.007042
0.012596
0.001932
0.005449
0.005663
0.002013
0.001955
0.005098
0.000985
0.003865
0.001290
0.000657
0.003486
0.002462
0.000373
0.000220
0.000287
0.537981
0.000542
0.035540
0.028640
0.019477
0.072983
0.025532
0.017651
0.059288
0.023376
0.008982
0.053600
0.002984
0.015922
0.007663
0.008131
0.011814
0.008436
0.000618
0.001388
0.002885
0.000548
0.000000
0.000288
0.000000
0.000000
0.000000
0.000187
0.000000
0.000000
0.000042
0.000000
0.000000
0.000000
0.000000
0.000000
0.000000
0.000000
0.000000
0.000000
0.000000
0.000067
0.000000
0.000000
0.000000
0.000000
0.000000
0.000000
0.000000
0.000000
0.000000
0.000000
0.000000
0.000000
0.000000
0.000000
0.000000
0.000000
0.000000
0.000000
0.000000
0.004760
0.001015
0.000000
0.000000
0.000000
0.000000
0.000000
0.000533
0.000000
0.000542
0.000114
0.000000
0.000000
0.000000
0.000000
0.000000
0.000000
0.000000
0.000000
0.000138
0.000000
0.000000
0.000000
0.000000
0.000000
0.000000
0.000000
0.000000
0.000000
0.000000
0.000000
0.000000
0.000000
0.000000
0.000000
0.000000
0.000000
0.000000
0.000177
0.001095
0.008339
0.000000
0.000000
0.000000
0.000042
0.000071
0.001655
0.000081
0.000381
0.000199
0.000000
0.000000
0.000000
0.000000
0.000000
0.000039
0.000000
0.000000
0.000071
0.000000
0.000000
0.000000
0.000000
0.000000
0.000000
0.000000
0.000000
0.000000
0.000000
0.000000
0.000000
0.000000
0.000000
0.000000
0.000000
0.000000
0.000000
0.000000
0.000000
0.000000
0.000987
0.000000
0.000377
0.000329
0.000000
0.000110
0.000000
0.000000
0.000000
0.000131
0.000000
0.000000
0.000000
0.000000
0.000000
0.000000
0.000000
0.000000
0.000000
0.000000
0.000000
0.000000
0.000000
0.000000
0.000000
0.000000
0.000000
0.000000
0.000000
0.000000
0.000000
0.000000
0.000000
0.000000
0.000000
0.000000
0.000000
0.000000
0.000000
0.000000
0.003310
0.001070
0.000000
0.000042
0.000000
0.000000
0.000000
0.000000
0.000000
0.001060
0.000000
0.000000
0.000000
0.000000
0.000000
0.000000
0.000000
0.000000
0.000000
0.000000
0.000000
0.000000
0.000000
0.000000
0.000000
0.000000
0.000000
0.000000
0.000000
0.000000
0.000000
0.000000
0.000000
0.000000
0.000000
0.000000
0.000000
0.000000
0.000303
0.001184
0.002648
0.000081
0.000533
0.000120
0.000000
0.000000
0.000000
0.000039
0.000082
0.000666
0.000000
0.000000
0.000039
0.000000
0.000000
0.000000
0.000000
0.000000
0.000000
0.000000
0.000000
0.000000
0.000000
0.000000
0.000000
0.000000
0.000000
0.000000
0.000000
0.000000
0.000000
0.000000
0.000000
0.000000
0.000283
0.000000
0.000235
0.000344
0.000000
0.000050
0.000832
0.000000
0.000114
0.000078
0.000000
0.000000
0.000000
0.000000
0.000000
0.000081
0.000000
0.000000
0.000000
0.000000
0.000000
0.000000
0.000000
0.000000
0.000000
0.000000
0.000000
0.000000
0.000000
0.000000
0.000000
0.000000
0.000000
0.000000
0.000000
0.000000
0.000000
0.000000
0.000000
0.000000
0.000042
0.000533
0.000000
0.000605
0.000039
0.000000
0.000576
0.000071
0.000000
0.000039
0.000000
0.000000
0.000000
0.000000
0.000000
0.000000
0.000000
0.000000
0.000000
0.000071
0.000000
0.000000
0.000000
0.000000
0.000000
0.000000
0.000000
0.000000
0.000000
0.000000
0.000000
0.000000
0.000000
0.000000
0.000000
0.000000
0.000000
0.000000
0.000039
0.000067
0.000392
0.000042
0.000000
0.001036
0.000212
0.000715
0.002083
0.000000
0.000000
0.000000
0.000042
0.000000
0.000392
0.000039
0.000000
0.000078
0.000000
0.000000
0.000000
0.000000
0.000000
0.000000
0.000000
0.000000
0.000000
0.000000
0.000000
0.000000
0.000000
0.000000
0.000000
0.000000
0.000000
0.000000
0.000000
0.000000
0.000000
0.000153
0.000000
0.000118
0.000000
0.000000
0.000000
0.000000
0.000000
0.000000
0.000433
0.000000
0.000000
0.000000
0.000000
0.000000
0.000000
0.000000
0.000000
0.000282
0.000000
0.000000
0.000000
0.000000
0.000000
0.000000
0.000000
0.000000
0.000000
0.000000
0.000000
0.000000
0.000000
0.000000
0.000000
0.000000
0.000000
0.000000
0.000000
0.000000
0.000000
0.000396
0.000431
0.000000
0.000000
0.000000
0.000000
0.000000
0.000039
0.000000
0.001343
0.000429
0.000000
0.000000
0.000000
0.000000
0.000078
0.000039
0.000981
0.000103
0.000000
0.000000
0.000000
0.000000
0.000000
0.000000
0.000000
0.000000
0.000000
0.000000
0.000000
0.000000
0.000039
0.000000
0.000000
0.000000
0.000000
0.000000
0.000000
0.000000
0.000000
0.000319
0.000000
0.000000
0.000000
0.000000
0.000000
0.000224
0.000039
0.000160
0.000355
0.000000
0.000000
0.000000
0.000000
0.000000
0.000000
0.000156
0.000000
0.000000
0.000000
0.000000
0.000000
0.000000
0.000000
0.000000
0.000000
0.000000
0.000000
0.000000
0.000000
0.000000
0.000000
0.000039
0.000000
0.000000
0.000000
0.000000
0.000000
0.000000
0.000000
0.000081
0.000000
0.000000
0.000000
0.000000
0.000000
0.000000
0.000000
0.000000
0.000202
0.000000
0.000042
0.000000
0.000000
0.000000
0.000294
0.000000
0.000000
0.000000
0.000000
0.000000
0.000000
0.000000
0.000000
0.000000
0.000000
0.000000
0.000000
0.000000
0.000000
0.000000
0.000039
0.000000
0.000000
0.000000
0.000000
0.000000
0.000000
0.000000
0.000000
0.000132
0.000088
0.000000
0.000000
0.000000
0.000000
0.000000
0.000000
0.000000
0.001291
0.000412
0.000000
0.000000
0.000000
0.001050
0.000000
0.000000
0.000000
0.000000
0.000000
0.000000
0.000000
0.000000
0.000000
0.000000
0.000000
0.000000
0.000000
0.000000
0.000000
0.000533
0.000000
0.000000
0.000000
0.000000
0.000000
0.000000
0.000000
0.000039
0.000071
0.000387
0.000000
0.000000
0.000110
0.000000
0.000000
0.000000
0.000042
0.000442
0.000684
0.000000
0.000000
0.000054
0.000574
0.000000
0.000071
0.000000
0.000000
0.000000
0.000000
0.000000
0.000000
0.000000
0.000000
0.000000
0.000000
0.000000
0.000000
0.000000
0.000000
0.000000
0.000000
0.000000
0.000000
0.000000
0.000000
0.000000
0.000000
0.000000
0.000000
0.000143
0.000000
0.000000
0.000042
0.000000
0.000000
0.000078
0.000000
0.000000
0.000071
0.000000
0.000000
0.000039
0.000000
0.000000
0.000000
0.000000
0.000000
0.000000
0.000000
0.000000
0.000000
0.000000
0.000000
0.000000
0.000000
0.000000
0.000000
0.000000
0.000000
0.000000
0.000000
0.000000
0.000000
0.000071
0.000000
0.000000
0.000000
0.000000
0.000000
0.000039
0.000039
0.000000
0.000000
0.000000
0.000000
0.000000
0.000000
0.000000
0.000071
0.000000
0.000000
0.000000
0.000000
0.000000
0.000000
0.000000
0.000000
0.000000
0.000000
0.000000
0.000000
0.000000
0.000000
0.000000
0.000000
0.000000
0.000000
0.000000
0.000000
0.000000
0.000000
0.000000
0.000000
0.000000
0.000000
0.000000
0.000000
0.000054
0.000000
0.000039
0.000000
0.000000
0.000039
0.000000
0.000000
0.000000
0.000039
0.000000
0.000039
0.000039
0.000039
0.000000
0.000000
0.000000
0.000000
0.000000
0.000000
0.000000
0.000000
0.000000
0.000000
0.000000
0.000000
0.000000
0.000000
0.000000
0.000000
0.000000
0.000000
0.000000
0.000000
0.000000
0.000000
0.000000
0.000000
0.000000
0.000000
0.000000
0.000000
0.000232
0.001287
0.000156
0.000124
0.000633
0.000236
0.000143
0.000071
0.000000
0.519020
0.000000
0.000067
0.000000
0.000000
0.000000
0.000000
0.000000
0.000000
0.000000
0.000000
0.000000
0.000804
0.002798
0.001180
0.003090
0.004016
0.001139
0.000101
0.000244
0.000144
0.000000
0.000000
0.000000
0.000071
0.000000
0.000000
0.000067
0.000000
0.000000
0.000039
0.000042
0.000000
0.000000
0.000000
0.000042
0.000000
0.000000
0.000000
0.000000
0.000139
0.000000
0.000000
0.000000
0.000000
0.000000
0.000000
0.000000
0.000000
0.000000
0.000000
0.000000
0.000000
0.000103
0.000000
0.000000
0.000000
0.000000
0.000039
0.000000
0.000000
0.000671
0.000975
0.000067
0.000180
0.000000
0.000067
0.000000
0.000000
0.000000
0.000000
0.000000
0.000000
0.000000
0.000000
0.000000
0.000000
0.000000
0.000000
0.000000
0.032980
0.000000
0.000138
0.000205
0.000067
0.000000
0.000000
0.000214
0.000000
0.000138
0.000000
0.000000
0.000000
0.000000
0.000000
0.000000
0.000000
0.000000
0.000000
0.000000
0.000000
0.000000
0.000000
0.000000
0.000000
0.000000
0.000000
0.000000
0.000000
0.000000
0.000000
0.000000
0.000000
0.000000
0.000000
0.000000
0.000000
0.000000
0.000000
0.000147
0.019107
0.000000
0.005529
0.000000
0.000000
0.000000
0.001866
0.000000
0.001112
0.000966
0.000000
0.000156
0.000000
0.000000
0.000000
0.000000
0.000000
0.000000
0.000000
0.000000
0.000000
0.000000
0.000000
0.000000
0.000000
0.000000
0.000000
0.000000
0.000000
0.000000
0.000000
0.000000
0.000000
0.000000
0.000000
0.000000
0.000000
0.000000
0.000000
0.000000
0.011070
0.003605
0.000000
0.000000
0.000000
0.000000
0.001161
0.000617
0.000000
0.003039
0.000000
0.000000
0.000000
0.000000
0.000000
0.000103
0.000000
0.000000
0.000000
0.000000
0.000000
0.000000
0.000000
0.000000
0.000000
0.000000
0.000000
0.000000
0.000000
0.000000
0.000000
0.000000
0.000000
0.000000
0.000000
0.000000
0.000067
0.001131
0.005048
0.006623
0.047779
0.000000
0.000000
0.000000
0.000288
0.000860
0.006316
0.000000
0.002557
0.002230
0.000000
0.000000
0.000000
0.000000
0.000000
0.000541
0.000000
0.000000
0.000000
0.000000
0.000000
0.000000
0.000000
0.000000
0.000000
0.000000
0.000000
0.000000
0.000000
0.000000
0.000000
0.000000
0.000000
0.000000
0.000000
0.000000
0.000000
0.000000
0.000000
0.000000
0.014054
0.000000
0.007660
0.001757
0.000000
0.001932
0.000000
0.000000
0.000000
0.000134
0.000000
0.000157
0.000000
0.000000
0.000000
0.000000
0.000000
0.000000
0.000000
0.000000
0.000000
0.000000
0.000000
0.000000
0.000000
0.000000
0.000000
0.000000
0.000000
0.000000
0.000000
0.000000
0.000000
0.000000
0.000000
0.000000
0.000000
0.000000
0.000000
0.000000
0.010657
0.004224
0.000000
0.001161
0.000649
0.000000
0.000000
0.000000
0.000000
0.000857
0.000090
0.000000
0.000114
0.000000
0.000000
0.000000
0.000000
0.000000
0.000000
0.000000
0.000000
0.000000
0.000000
0.000000
0.000000
0.000000
0.000000
0.000000
0.000000
0.000000
0.000000
0.000000
0.000000
0.000071
0.000576
0.000000
0.000000
0.000000
0.005073
0.003032
0.034817
0.002208
0.000646
0.009668
0.000000
0.000000
0.000000
0.000849
0.000631
0.002185
0.000000
0.000000
0.000000
0.000000
0.000000
0.000000
0.000000
0.000000
0.000000
0.000000
0.000000
0.000000
0.000000
0.000000
0.000000
0.000000
0.000000
0.000000
0.000000
0.000000
0.000000
0.000000
0.000000
0.000138
0.003533
0.000000
0.003326
0.001823
0.000000
0.001636
0.009704
0.000000
0.002921
0.000000
0.000000
0.000141
0.000177
0.000000
0.000000
0.000042
0.000000
0.000136
0.000000
0.000000
0.000000
0.000000
0.000000
0.000000
0.000000
0.000000
0.000000
0.000000
0.000000
0.000000
0.000000
0.000000
0.000000
0.000000
0.000000
0.000000
0.000000
0.000000
0.000050
0.000000
0.000989
0.001253
0.000000
0.001287
0.000630
0.000000
0.003409
0.001294
0.000000
0.000000
0.000000
0.000000
0.000000
0.000000
0.000000
0.000113
0.000000
0.000000
0.000000
0.000000
0.000000
0.000000
0.000000
0.000000
0.000000
0.000000
0.000000
0.000000
0.000000
0.000000
0.000000
0.000000
0.000000
0.000000
0.000000
0.000000
0.000000
0.000067
0.000606
0.000494
0.009862
0.001309
0.000780
0.005128
0.006973
0.001479
0.025439
0.000000
0.000089
0.000213
0.000000
0.000207
0.000610
0.000000
0.000114
0.000615
0.000000
0.000000
0.000000
0.000000
0.000000
0.000000
0.000000
0.000000
0.000000
0.000000
0.000000
0.000000
0.000000
0.000000
0.000000
0.000000
0.000000
0.000000
0.001069
0.000000
0.000000
0.000232
0.000000
0.000000
0.000000
0.000000
0.000000
0.000103
0.000000
0.000000
0.001137
0.000000
0.000238
0.000000
0.000000
0.000000
0.000103
0.000000
0.000129
0.000000
0.000000
0.000000
0.000000
0.000000
0.000000
0.000000
0.000000
0.000000
0.000000
0.000039
0.000000
0.000000
0.000000
0.000000
0.000000
0.000000
0.000000
0.007657
0.000000
0.000000
0.000000
0.000280
0.000249
0.000000
0.000000
0.000000
0.000000
0.000000
0.000000
0.000000
0.005293
0.002186
0.000000
0.000000
0.000129
0.000000
0.000000
0.000226
0.000000
0.000000
0.000000
0.000000
0.000000
0.000000
0.000000
0.000000
0.000000
0.000000
0.000042
0.000000
0.000000
0.000000
0.000000
0.000000
0.000000
0.000000
0.000515
0.000042
0.000000
0.000295
0.000000
0.001576
0.000000
0.000000
0.000000
0.000000
0.000000
0.001864
0.000103
0.001998
0.001224
0.000000
0.000000
0.000000
0.000000
0.000000
0.000051
0.000000
0.000000
0.000000
0.000000
0.000000
0.000000
0.000000
0.000000
0.000000
0.000000
0.000000
0.000000
0.000000
0.000000
0.000000
0.000000
0.000000
0.000000
0.001535
0.000042
0.000000
0.000000
0.000000
0.000000
0.002345
0.000000
0.000114
0.000138
0.000000
0.000039
0.000000
0.000000
0.000000
0.003559
0.000000
0.000184
0.000182
0.000000
0.000089
0.000000
0.000000
0.000000
0.000000
0.000000
0.000000
0.000000
0.000000
0.000000
0.000000
0.000000
0.000000
0.000000
0.000000
0.000000
0.000000
0.000000
0.000000
0.004490
0.000039
0.000000
0.000000
0.000000
0.000000
0.000000
0.000383
0.000614
0.000000
0.000308
0.000171
0.000000
0.000000
0.000000
0.000000
0.002710
0.002673
0.000000
0.000189
0.000287
0.000000
0.000000
0.000000
0.000000
0.000000
0.000000
0.000000
0.000000
0.000000
0.000000
0.000000
0.000000
0.000000
0.000000
0.000000
0.000000
0.000000
0.000000
0.000350
0.000000
0.000138
0.000000
0.000000
0.000000
0.000697
0.000118
0.002610
0.000000
0.000000
0.000312
0.000000
0.000000
0.000000
0.000374
0.002318
0.001318
0.000000
0.000000
0.000250
0.000000
0.000000
0.000000
0.000000
0.000000
0.000000
0.000000
0.000000
0.000000
0.000000
0.000000
0.000000
0.000000
0.000000
0.000000
0.000000
0.000000
0.000000
0.000129
0.000000
0.000000
0.000062
0.000000
0.000000
0.000000
0.000000
0.000000
0.000209
0.000000
0.000114
0.000000
0.000000
0.000000
0.000042
0.000000
0.000000
0.000062
0.000000
0.000000
0.000000
0.000000
0.000000
0.000000
0.000000
0.000000
0.000000
0.000000
0.000000
0.000000
0.000000
0.000000
0.000000
0.000000
0.000000
0.000000
0.000000
0.000000
0.000476
0.000000
0.000000
0.000000
0.000000
0.000000
0.000000
0.000000
0.000000
0.000000
0.000000
0.000271
0.000000
0.000000
0.000000
0.000000
0.000227
0.000000
0.000000
0.000217
0.000201
0.000000
0.000000
0.000000
0.000000
0.000000
0.000000
0.000000
0.000000
0.000000
0.000000
0.000000
0.000000
0.000000
0.000000
0.000000
0.000000
0.000000
0.000000
0.000291
0.000000
0.000000
0.000000
0.000000
0.000054
0.000183
0.000000
0.000000
0.000051
0.000000
0.001129
0.000000
0.000285
0.000000
0.000000
0.000289
0.000000
0.000129
0.000259
0.000223
