0.003857
0.006824
0.013438
0.001317
0.006328
0.009569
0.001738
0.002399
0.007714
0.001427
0.004539
0.002598
0.000896
0.005195
0.002118
0.000307
0.000851
0.001201
0.441220
0.001440
0.031908
0.029773
0.014706
0.109984
0.021815
0.026058
0.073679
0.017104
0.010498
0.073228
0.004870
0.017686
0.013452
0.003491
0.017981
0.010122
0.001393
0.002073
0.005204
0.002366
0.000000
0.000921
0.000000
0.000000
0.000000
0.000274
0.000000
0.000139
0.000018
0.000000
0.000012
0.000000
0.000000
0.000000
0.000000
0.000000
0.000000
0.000000
0.000000
0.000142
0.000000
0.000000
0.000000
0.000000
0.000000
0.000000
0.000000
0.000000
0.000000
0.000000
0.000000
0.000000
0.000000
0.000000
0.000000
0.000000
0.000000
0.000000
0.000000
0.004403
0.001259
0.000000
0.000000
0.000000
0.000000
0.000336
0.000122
0.000000
0.000420
0.000050
0.000000
0.000000
0.000000
0.000000
0.000019
0.000000
0.000000
0.000000
0.000217
0.000000
0.000000
0.000000
0.000000
0.000000
0.000000
0.000000
0.000000
0.000000
0.000000
0.000000
0.000000
0.000000
0.000000
0.000000
0.000000
0.000000
0.000000
0.000899
0.001214
0.007960
0.000000
0.000000
0.000000
0.000247
0.000181
0.001136
0.000133
0.000324
0.000659
0.000000
0.000000
0.000000
0.000005
0.000015
0.000081
0.000000
0.000166
0.000338
0.000000
0.000000
0.000000
0.000000
0.000000
0.000000
0.000000
0.000000
0.000000
0.000000
0.000000
0.000000
0.000000
0.000000
0.000000
0.000000
0.000000
0.000000
0.000000
0.000000
0.000000
0.000561
0.000000
0.000495
0.000138
0.000000
0.000030
0.000000
0.000000
0.000000
0.000057
0.000000
0.000009
0.000000
0.000000
0.000009
0.000000
0.000000
0.000025
0.000000
0.000000
0.000000
0.000000
0.000000
0.000000
0.000000
0.000000
0.000000
0.000000
0.000000
0.000000
0.000000
0.000000
0.000000
0.000000
0.000000
0.000000
0.000000
0.000000
0.000000
0.000000
0.003548
0.001024
0.000000
0.000333
0.000234
0.000000
0.000000
0.000000
0.000000
0.000740
0.000040
0.000000
0.000057
0.000000
0.000000
0.000009
0.000168
0.000000
0.000000
0.000000
0.000000
0.000000
0.000000
0.000000
0.000000
0.000000
0.000000
0.000000
0.000000
0.000000
0.000000
0.000000
0.000000
0.000000
0.000000
0.000000
0.000000
0.000000
0.000391
0.001242
0.005869
0.000027
0.000107
0.000799
0.000000
0.000000
0.000000
0.000087
0.000315
0.000372
0.000006
0.000000
0.000025
0.000000
0.000006
0.000216
0.000000
0.000000
0.000000
0.000000
0.000000
0.000000
0.000000
0.000000
0.000000
0.000000
0.000000
0.000000
0.000000
0.000000
0.000000
0.000000
0.000000
0.000000
0.000144
0.000000
0.000124
0.000184
0.000000
0.000099
0.000545
0.000000
0.000475
0.000010
0.000000
0.000000
0.000006
0.000000
0.000007
0.000047
0.000000
0.000040
0.000000
0.000000
0.000063
0.000000
0.000000
0.000000
0.000000
0.000000
0.000000
0.000000
0.000000
0.000000
0.000000
0.000000
0.000000
0.000000
0.000000
0.000000
0.000000
0.000000
0.000000
0.000000
0.000325
0.000067
0.000000
0.000345
0.000051
0.000000
0.000797
0.000374
0.000000
0.000012
0.000000
0.000000
0.000112
0.000007
0.000000
0.000162
0.000000
0.000000
0.000000
0.000086
0.000000
0.000000
0.000000
0.000000
0.000000
0.000000
0.000000
0.000000
0.000000
0.000000
0.000000
0.000000
0.000000
0.000000
0.000000
0.000000
0.000000
0.000000
0.000120
0.000110
0.001061
0.000082
0.000305
0.000867
0.000349
0.000412
0.003356
0.000011
0.000008
0.000033
0.000013
0.000116
0.000118
0.000005
0.000133
0.000426
0.000000
0.000007
0.000212
0.000000
0.000000
0.000000
0.000000
0.000000
0.000000
0.000000
0.000000
0.000000
0.000000
0.000000
0.000000
0.000000
0.000000
0.000000
0.000000
0.000000
0.000000
0.000066
0.000000
0.000255
0.000000
0.000000
0.000000
0.000009
0.000000
0.000008
0.000519
0.000000
0.000074
0.000000
0.000000
0.000000
0.000070
0.000000
0.000009
0.000359
0.000000
0.000000
0.000000
0.000000
0.000000
0.000000
0.000000
0.000000
0.000000
0.000000
0.000000
0.000000
0.000000
0.000000
0.000000
0.000000
0.000000
0.000000
0.000000
0.000000
0.000000
0.000485
0.000393
0.000000
0.000000
0.000000
0.000000
0.000061
0.000011
0.000000
0.001445
0.000650
0.000000
0.000000
0.000000
0.000000
0.000067
0.000115
0.001119
0.000015
0.000164
0.000000
0.000000
0.000000
0.000000
0.000000
0.000000
0.000000
0.000000
0.000000
0.000007
0.000042
0.000013
0.000000
0.000000
0.000000
0.000000
0.000000
0.000000
0.000173
0.000014
0.000936
0.000000
0.000000
0.000000
0.000000
0.000000
0.000053
0.000129
0.000174
0.000588
0.000000
0.000000
0.000000
0.000000
0.000000
0.000015
0.000416
0.000050
0.000013
0.000000
0.000000
0.000000
0.000000
0.000000
0.000000
0.000000
0.000000
0.000000
0.000000
0.000054
0.000000
0.000000
0.000000
0.000000
0.000000
0.000000
0.000000
0.000000
0.000000
0.000000
0.000054
0.000000
0.000023
0.000027
0.000000
0.000000
0.000000
0.000000
0.000000
0.000249
0.000000
0.000126
0.000017
0.000000
0.000070
0.000188
0.000013
0.000000
0.000000
0.000000
0.000000
0.000000
0.000000
0.000000
0.000000
0.000000
0.000000
0.000000
0.000000
0.000000
0.000025
0.000000
0.000010
0.000000
0.000000
0.000000
0.000000
0.000000
0.000000
0.000000
0.000704
0.000173
0.000000
0.000054
0.000163
0.000000
0.000000
0.000000
0.000000
0.001935
0.000226
0.000000
0.000081
0.000100
0.001519
0.000113
0.000046
0.000000
0.000000
0.000000
0.000000
0.000000
0.000000
0.000000
0.000000
0.000000
0.000000
0.000000
0.000000
0.000000
0.000049
0.000006
0.000000
0.000000
0.000000
0.000000
0.000000
0.000000
0.000005
0.000022
0.000637
0.000000
0.000005
0.000129
0.000000
0.000000
0.000000
0.000157
0.000121
0.000386
0.000000
0.000000
0.000141
0.000402
0.000054
0.000012
0.000000
0.000000
0.000000
0.000000
0.000000
0.000000
0.000000
0.000000
0.000000
0.000000
0.000000
0.000000
0.000000
0.000006
0.000000
0.000000
0.000000
0.000000
0.000000
0.000000
0.000017
0.000000
0.000000
0.000045
0.000074
0.000000
0.000037
0.000032
0.000000
0.000000
0.000015
0.000000
0.000000
0.000061
0.000000
0.000000
0.000017
0.000000
0.000012
0.000000
0.000000
0.000000
0.000000
0.000000
0.000000
0.000000
0.000000
0.000000
0.000000
0.000000
0.000000
0.000000
0.000000
0.000000
0.000000
0.000000
0.000000
0.000000
0.000005
0.000007
0.000000
0.000011
0.000000
0.000000
0.000077
0.000143
0.000000
0.000104
0.000000
0.000000
0.000191
0.000000
0.000000
0.000098
0.000051
0.000131
0.000000
0.000000
0.000000
0.000000
0.000000
0.000000
0.000000
0.000000
0.000000
0.000000
0.000000
0.000000
0.000000
0.000000
0.000000
0.000000
0.000041
0.000000
0.000000
0.000000
0.000019
0.000000
0.000012
0.000000
0.000000
0.000032
0.000017
0.000000
0.000476
0.000087
0.000046
0.000044
0.000000
0.000087
0.000142
0.000000
0.000082
0.000044
0.000030
0.000013
0.000019
0.000000
0.000000
0.000000
0.000000
0.000000
0.000000
0.000000
0.000000
0.000000
0.000000
0.000000
0.000000
0.000000
0.000000
0.000000
0.000000
0.000000
0.000000
0.000000
0.000000
0.000000
0.000000
0.000000
0.000000
0.000000
0.000000
0.000000
0.000389
0.001503
0.000370
0.000232
0.001436
0.000431
0.000097
0.000125
0.000027
0.416121
0.000000
0.000152
0.000000
0.000000
0.000000
0.000000
0.000000
0.000000
0.000000
0.000000
0.000000
0.001408
0.004386
0.002047
0.001515
0.005192
0.001997
0.000164
0.000185
0.000306
0.000013
0.000000
0.000086
0.000000
0.000073
0.000015
0.000000
0.000006
0.000000
0.000014
0.000122
0.000061
0.000000
0.000031
0.000199
0.000000
0.000010
0.000032
0.000000
0.000351
0.000000
0.000000
0.000000
0.000088
0.000009
0.000000
0.000066
0.000000
0.000000
0.000000
0.000000
0.000062
0.000037
0.000000
0.000099
0.000027
0.000000
0.000013
0.000044
0.000082
0.000151
0.000370
0.000022
0.000086
0.000293
0.000043
0.000045
0.000097
0.000000
0.000034
0.000025
0.000000
0.000058
0.000016
0.000000
0.000000
0.000014
0.000043
0.000000
0.028771
0.000220
0.000040
0.000478
0.000136
0.000087
0.000369
0.000134
0.000026
0.000413
0.000013
0.000017
0.000024
0.000000
0.000025
0.000007
0.000000
0.000000
0.000000
0.000000
0.000000
0.000000
0.000000
0.000000
0.000000
0.000000
0.000000
0.000000
0.000000
0.000000
0.000000
0.000000
0.000000
0.000000
0.000000
0.000000
0.000000
0.000000
0.000000
0.000082
0.015697
0.000000
0.009843
0.000000
0.000000
0.000000
0.002121
0.000000
0.001328
0.000481
0.000000
0.000380
0.000000
0.000000
0.000000
0.000060
0.000000
0.000035
0.000000
0.000000
0.000000
0.000000
0.000000
0.000000
0.000000
0.000000
0.000000
0.000000
0.000000
0.000000
0.000000
0.000000
0.000000
0.000000
0.000000
0.000000
0.000000
0.000019
0.000142
0.000000
0.006665
0.003512
0.000000
0.000000
0.000000
0.000000
0.001601
0.000624
0.000000
0.002040
0.000140
0.000000
0.000000
0.000000
0.000000
0.000087
0.000000
0.000000
0.000000
0.000000
0.000000
0.000000
0.000000
0.000000
0.000000
0.000000
0.000000
0.000000
0.000000
0.000000
0.000000
0.000000
0.000000
0.000000
0.000000
0.000000
0.000064
0.000285
0.009783
0.005938
0.074420
0.000000
0.000000
0.000000
0.001283
0.001103
0.010920
0.000322
0.002220
0.004033
0.000000
0.000000
0.000000
0.000019
0.000061
0.000611
0.000000
0.000000
0.000000
0.000000
0.000000
0.000000
0.000000
0.000000
0.000000
0.000000
0.000000
0.000000
0.000000
0.000000
0.000000
0.000000
0.000000
0.000000
0.000000
0.000000
0.000068
0.000000
0.000000
0.000000
0.012743
0.000000
0.005945
0.001531
0.000000
0.001184
0.000000
0.000000
0.000000
0.000189
0.000000
0.000172
0.000019
0.000000
0.000097
0.000000
0.000000
0.000000
0.000000
0.000000
0.000000
0.000000
0.000000
0.000000
0.000000
0.000000
0.000000
0.000000
0.000000
0.000000
0.000000
0.000000
0.000000
0.000000
0.000025
0.000160
0.000000
0.000000
0.000000
0.000000
0.014013
0.007155
0.000000
0.000868
0.001980
0.000000
0.000000
0.000000
0.000000
0.001978
0.000012
0.000000
0.000005
0.000000
0.000000
0.000000
0.000000
0.000000
0.000000
0.000000
0.000000
0.000000
0.000000
0.000000
0.000000
0.000000
0.000000
0.000000
0.000000
0.000000
0.000000
0.000000
0.000000
0.000000
0.000187
0.000000
0.000000
0.000000
0.006079
0.005934
0.045060
0.001516
0.000525
0.011359
0.000000
0.000000
0.000000
0.000032
0.001441
0.001877
0.000011
0.000000
0.000116
0.000000
0.000000
0.000000
0.000000
0.000000
0.000000
0.000000
0.000000
0.000000
0.000000
0.000000
0.000000
0.000000
0.000000
0.000000
0.000000
0.000000
0.000000
0.000000
0.000000
0.000049
0.001288
0.000000
0.001970
0.001031
0.000000
0.001116
0.006210
0.000000
0.004460
0.000174
0.000000
0.000085
0.000086
0.000000
0.000101
0.000363
0.000000
0.000336
0.000000
0.000000
0.000000
0.000000
0.000000
0.000000
0.000000
0.000000
0.000000
0.000000
0.000000
0.000000
0.000000
0.000000
0.000000
0.000000
0.000000
0.000000
0.000000
0.000005
0.000089
0.000000
0.000878
0.000512
0.000000
0.002183
0.000926
0.000000
0.003421
0.001813
0.000000
0.000114
0.000000
0.000000
0.000255
0.000007
0.000000
0.000378
0.000000
0.000000
0.000000
0.000000
0.000000
0.000000
0.000000
0.000000
0.000000
0.000000
0.000000
0.000000
0.000000
0.000000
0.000000
0.000000
0.000000
0.000000
0.000000
0.000000
0.000080
0.000196
0.001752
0.000984
0.014460
0.000871
0.001523
0.006936
0.004035
0.002800
0.035960
0.000085
0.000348
0.000545
0.000022
0.000356
0.001062
0.000064
0.000504
0.001372
0.000000
0.000000
0.000000
0.000000
0.000000
0.000000
0.000000
0.000000
0.000000
0.000012
0.000069
0.000000
0.000000
0.000000
0.000000
0.000000
0.000000
0.000000
0.001465
0.000000
0.000009
0.000520
0.000000
0.000335
0.000000
0.000000
0.000000
0.000077
0.000000
0.000015
0.001769
0.000061
0.000438
0.000000
0.000000
0.000015
0.000112
0.000000
0.000014
0.000000
0.000000
0.000000
0.000000
0.000000
0.000000
0.000000
0.000000
0.000000
0.000008
0.000117
0.000051
0.000000
0.000000
0.000000
0.000000
0.000000
0.000000
0.007354
0.000076
0.000016
0.000000
0.000287
0.001199
0.000000
0.000000
0.000000
0.000000
0.000007
0.000104
0.000014
0.005193
0.002746
0.000000
0.000070
0.000000
0.000000
0.000131
0.000403
0.000000
0.000000
0.000000
0.000000
0.000000
0.000000
0.000000
0.000000
0.000000
0.000000
0.000060
0.000000
0.000000
0.000039
0.000000
0.000000
0.000000
0.000007
0.001621
0.000054
0.000039
0.000614
0.000023
0.003990
0.000000
0.000000
0.000000
0.000046
0.000000
0.000523
0.000442
0.002920
0.002934
0.000000
0.000000
0.000000
0.000000
0.000000
0.000256
0.000000
0.000000
0.000000
0.000000
0.000000
0.000000
0.000000
0.000000
0.000000
0.000000
0.000000
0.000007
0.000000
0.000011
0.000000
0.000000
0.000000
0.000000
0.000819
0.000010
0.000010
0.000000
0.000000
0.000000
0.000608
0.000000
0.000238
0.000054
0.000000
0.000036
0.000000
0.000006
0.000000
0.001087
0.000000
0.000274
0.000242
0.000000
0.000115
0.000000
0.000000
0.000000
0.000000
0.000000
0.000000
0.000000
0.000000
0.000000
0.000073
0.000061
0.000000
0.000000
0.000025
0.000000
0.000000
0.000012
0.000007
0.006463
0.000103
0.000025
0.000000
0.000000
0.000000
0.000000
0.001005
0.001469
0.000000
0.000058
0.000271
0.000000
0.000000
0.000000
0.000011
0.005611
0.002083
0.000000
0.000156
0.000505
0.000000
0.000000
0.000000
0.000000
0.000000
0.000000
0.000000
0.000000
0.000000
0.000000
0.000000
0.000000
0.000085
0.000011
0.000013
0.000000
0.000000
0.000000
0.001498
0.000103
0.000006
0.000000
0.000000
0.000000
0.000411
0.000104
0.003321
0.000000
0.000000
0.000501
0.000000
0.000000
0.000000
0.000257
0.001599
0.002030
0.000000
0.000000
0.000162
0.000000
0.000000
0.000000
0.000000
0.000000
0.000000
0.000000
0.000000
0.000000
0.000000
0.000000
0.000000
0.000000
0.000000
0.000000
0.000000
0.000000
0.000000
0.000319
0.000000
0.000000
0.000076
0.000000
0.000013
0.000036
0.000000
0.000042
0.000149
0.000000
0.000113
0.000118
0.000000
0.000000
0.000253
0.000007
0.000000
0.000180
0.000000
0.000101
0.000000
0.000000
0.000000
0.000000
0.000000
0.000000
0.000000
0.000000
0.000000
0.000000
0.000072
0.000000
0.000000
0.000000
0.000000
0.000000
0.000000
0.000000
0.000481
0.000050
0.000000
0.000000
0.000014
0.000010
0.000000
0.000000
0.000005
0.000000
0.000081
0.000274
0.000000
0.000169
0.000000
0.000000
0.000610
0.000000
0.000000
0.000169
0.000158
0.000000
0.000000
0.000000
0.000000
0.000000
0.000000
0.000000
0.000000
0.000000
0.000000
0.000000
0.000000
0.000000
0.000000
0.000000
0.000000
0.000000
0.000000
0.000315
0.000076
0.000014
0.000067
0.000000
0.000271
0.000000
0.000000
0.000116
0.000099
0.000000
0.001469
0.000064
0.000219
0.000158
0.000013
0.000747
0.000453
0.000174
0.000390
0.000611
