0.003844
0.006825
0.013447
0.001294
0.006177
0.009370
0.001748
0.002381
0.007650
0.001413
0.004554
0.002588
0.000909
0.005177
0.002083
0.000306
0.000848
0.001160
0.441352
0.001433
0.031920
0.029598
0.014986
0.109840
0.021787
0.026324
0.073443
0.017010
0.010437
0.073038
0.004838
0.018540
0.013510
0.003470
0.017982
0.010065
0.001404
0.002056
0.005193
0.002358
0.000000
0.000918
0.000000
0.000000
0.000000
0.000273
0.000000
0.000138
0.000018
0.000000
0.000012
0.000000
0.000000
0.000000
0.000000
0.000000
0.000000
0.000000
0.000000
0.000142
0.000000
0.000000
0.000000
0.000000
0.000000
0.000000
0.000000
0.000000
0.000000
0.000000
0.000000
0.000000
0.000000
0.000000
0.000000
0.000000
0.000000
0.000000
0.000000
0.004396
0.001263
0.000000
0.000000
0.000000
0.000000
0.000335
0.000121
0.000000
0.000418
0.000050
0.000000
0.000000
0.000000
0.000000
0.000019
0.000000
0.000000
0.000008
0.000216
0.000000
0.000000
0.000000
0.000000
0.000000
0.000000
0.000000
0.000000
0.000000
0.000000
0.000000
0.000000
0.000000
0.000000
0.000000
0.000000
0.000000
0.000000
0.000896
0.001218
0.007973
0.000000
0.000000
0.000000
0.000246
0.000180
0.001132
0.000132
0.000323
0.000664
0.000000
0.000000
0.000000
0.000005
0.000015
0.000080
0.000000
0.000165
0.000337
0.000000
0.000000
0.000000
0.000000
0.000000
0.000000
0.000000
0.000000
0.000000
0.000000
0.000000
0.000000
0.000000
0.000000
0.000000
0.000000
0.000000
0.000000
0.000000
0.000000
0.000000
0.000559
0.000000
0.000494
0.000138
0.000000
0.000030
0.000000
0.000000
0.000000
0.000057
0.000000
0.000000
0.000000
0.000000
0.000000
0.000000
0.000000
0.000024
0.000000
0.000000
0.000000
0.000000
0.000000
0.000000
0.000000
0.000000
0.000000
0.000000
0.000000
0.000000
0.000000
0.000000
0.000000
0.000000
0.000000
0.000000
0.000000
0.000000
0.000000
0.000000
0.003462
0.000974
0.000000
0.000332
0.000233
0.000000
0.000000
0.000000
0.000000
0.000738
0.000040
0.000000
0.000057
0.000000
0.000000
0.000000
0.000167
0.000000
0.000000
0.000000
0.000000
0.000000
0.000000
0.000000
0.000000
0.000000
0.000000
0.000000
0.000000
0.000000
0.000000
0.000000
0.000000
0.000000
0.000000
0.000000
0.000000
0.000000
0.000371
0.001201
0.005737
0.000027
0.000106
0.000797
0.000000
0.000000
0.000000
0.000087
0.000314
0.000370
0.000006
0.000000
0.000025
0.000000
0.000006
0.000215
0.000000
0.000000
0.000000
0.000000
0.000000
0.000000
0.000000
0.000000
0.000000
0.000000
0.000000
0.000000
0.000000
0.000000
0.000000
0.000000
0.000000
0.000000
0.000144
0.000000
0.000124
0.000183
0.000000
0.000098
0.000551
0.000000
0.000474
0.000009
0.000000
0.000000
0.000014
0.000000
0.000007
0.000047
0.000000
0.000039
0.000000
0.000000
0.000063
0.000000
0.000000
0.000000
0.000000
0.000000
0.000000
0.000000
0.000000
0.000000
0.000000
0.000000
0.000000
0.000000
0.000000
0.000000
0.000000
0.000000
0.000000
0.000000
0.000324
0.000066
0.000000
0.000334
0.000051
0.000000
0.000794
0.000373
0.000000
0.000012
0.000000
0.000000
0.000112
0.000007
0.000000
0.000161
0.000000
0.000000
0.000000
0.000086
0.000000
0.000000
0.000000
0.000000
0.000000
0.000000
0.000000
0.000000
0.000000
0.000000
0.000000
0.000000
0.000000
0.000000
0.000000
0.000000
0.000000
0.000000
0.000120
0.000109
0.001057
0.000082
0.000295
0.000854
0.000348
0.000401
0.003335
0.000011
0.000008
0.000032
0.000013
0.000116
0.000117
0.000005
0.000132
0.000424
0.000000
0.000007
0.000211
0.000000
0.000000
0.000000
0.000000
0.000000
0.000000
0.000000
0.000000
0.000000
0.000000
0.000000
0.000000
0.000000
0.000000
0.000000
0.000000
0.000000
0.000000
0.000065
0.000000
0.000254
0.000000
0.000000
0.000000
0.000009
0.000000
0.000008
0.000517
0.000000
0.000074
0.000000
0.000000
0.000000
0.000070
0.000000
0.000000
0.000358
0.000000
0.000000
0.000000
0.000000
0.000000
0.000000
0.000000
0.000000
0.000000
0.000000
0.000000
0.000000
0.000000
0.000000
0.000000
0.000000
0.000000
0.000000
0.000000
0.000000
0.000000
0.000491
0.000400
0.000000
0.000000
0.000000
0.000000
0.000061
0.000011
0.000000
0.001456
0.000639
0.000000
0.000000
0.000000
0.000000
0.000067
0.000115
0.001123
0.000015
0.000163
0.000000
0.000000
0.000000
0.000000
0.000000
0.000000
0.000000
0.000000
0.000000
0.000007
0.000042
0.000013
0.000000
0.000000
0.000000
0.000000
0.000000
0.000000
0.000172
0.000014
0.000933
0.000000
0.000000
0.000000
0.000000
0.000000
0.000044
0.000129
0.000182
0.000586
0.000000
0.000000
0.000000
0.000000
0.000000
0.000015
0.000414
0.000050
0.000013
0.000000
0.000000
0.000000
0.000000
0.000000
0.000000
0.000000
0.000000
0.000000
0.000000
0.000054
0.000000
0.000000
0.000000
0.000000
0.000000
0.000000
0.000000
0.000000
0.000000
0.000000
0.000054
0.000000
0.000023
0.000027
0.000000
0.000000
0.000000
0.000000
0.000000
0.000257
0.000000
0.000126
0.000017
0.000000
0.000070
0.000195
0.000013
0.000000
0.000000
0.000000
0.000000
0.000000
0.000000
0.000000
0.000000
0.000000
0.000000
0.000000
0.000000
0.000000
0.000025
0.000000
0.000010
0.000000
0.000000
0.000000
0.000000
0.000000
0.000000
0.000000
0.000702
0.000172
0.000000
0.000054
0.000162
0.000000
0.000000
0.000000
0.000000
0.001929
0.000226
0.000000
0.000081
0.000100
0.001514
0.000113
0.000046
0.000000
0.000000
0.000000
0.000000
0.000000
0.000000
0.000000
0.000000
0.000000
0.000000
0.000000
0.000000
0.000000
0.000049
0.000006
0.000000
0.000000
0.000000
0.000000
0.000000
0.000000
0.000005
0.000022
0.000635
0.000000
0.000005
0.000129
0.000000
0.000000
0.000000
0.000157
0.000121
0.000375
0.000000
0.000000
0.000131
0.000392
0.000054
0.000012
0.000000
0.000000
0.000000
0.000000
0.000000
0.000000
0.000000
0.000000
0.000000
0.000000
0.000000
0.000000
0.000000
0.000006
0.000000
0.000000
0.000000
0.000000
0.000000
0.000000
0.000017
0.000000
0.000000
0.000044
0.000074
0.000000
0.000036
0.000032
0.000000
0.000000
0.000015
0.000000
0.000000
0.000061
0.000000
0.000000
0.000017
0.000000
0.000012
0.000000
0.000000
0.000000
0.000000
0.000000
0.000000
0.000000
0.000000
0.000000
0.000000
0.000000
0.000000
0.000000
0.000000
0.000000
0.000000
0.000000
0.000000
0.000000
0.000005
0.000007
0.000000
0.000011
0.000000
0.000000
0.000077
0.000143
0.000000
0.000104
0.000000
0.000000
0.000190
0.000000
0.000000
0.000097
0.000051
0.000131
0.000000
0.000000
0.000000
0.000000
0.000000
0.000000
0.000000
0.000000
0.000000
0.000000
0.000000
0.000000
0.000000
0.000000
0.000000
0.000000
0.000041
0.000000
0.000000
0.000000
0.000019
0.000000
0.000012
0.000000
0.000000
0.000032
0.000017
0.000000
0.000456
0.000086
0.000045
0.000044
0.000000
0.000087
0.000141
0.000000
0.000082
0.000034
0.000021
0.000013
0.000019
0.000000
0.000000
0.000000
0.000000
0.000000
0.000000
0.000000
0.000000
0.000000
0.000000
0.000000
0.000000
0.000000
0.000000
0.000000
0.000000
0.000000
0.000000
0.000000
0.000000
0.000000
0.000000
0.000000
0.000000
0.000000
0.000000
0.000000
0.000378
0.001504
0.000369
0.000231
0.001431
0.000420
0.000097
0.000125
0.000027
0.416090
0.000000
0.000160
0.000000
0.000000
0.000000
0.000000
0.000000
0.000000
0.000000
0.000000
0.000000
0.001375
0.004664
0.002040
0.001500
0.005229
0.001981
0.000163
0.000175
0.000305
0.000013
0.000000
0.000086
0.000000
0.000072
0.000015
0.000000
0.000006
0.000000
0.000014
0.000122
0.000061
0.000000
0.000031
0.000199
0.000000
0.000009
0.000032
0.000000
0.000348
0.000000
0.000000
0.000000
0.000088
0.000000
0.000000
0.000074
0.000000
0.000000
0.000000
0.000000
0.000061
0.000037
0.000000
0.000099
0.000027
0.000000
0.000013
0.000044
0.000082
0.000151
0.000368
0.000022
0.000086
0.000292
0.000051
0.000045
0.000097
0.000000
0.000033
0.000024
0.000000
0.000058
0.000016
0.000000
0.000000
0.000013
0.000033
0.000000
0.028774
0.000219
0.000040
0.000467
0.000144
0.000094
0.000366
0.000142
0.000026
0.000412
0.000013
0.000017
0.000024
0.000000
0.000025
0.000007
0.000008
0.000000
0.000000
0.000000
0.000000
0.000000
0.000000
0.000000
0.000000
0.000000
0.000000
0.000000
0.000000
0.000000
0.000000
0.000000
0.000000
0.000000
0.000000
0.000000
0.000000
0.000000
0.000000
0.000082
0.015588
0.000000
0.009809
0.000000
0.000000
0.000000
0.002095
0.000000
0.001323
0.000479
0.000000
0.000378
0.000000
0.000000
0.000000
0.000060
0.000000
0.000035
0.000000
0.000000
0.000000
0.000000
0.000000
0.000000
0.000000
0.000000
0.000000
0.000000
0.000000
0.000000
0.000000
0.000000
0.000000
0.000000
0.000000
0.000000
0.000000
0.000019
0.000140
0.000000
0.006810
0.003500
0.000000
0.000000
0.000000
0.000000
0.001593
0.000621
0.000000
0.002210
0.000139
0.000000
0.000000
0.000000
0.000000
0.000087
0.000000
0.000000
0.000000
0.000000
0.000000
0.000000
0.000000
0.000000
0.000000
0.000000
0.000000
0.000000
0.000000
0.000000
0.000000
0.000000
0.000000
0.000000
0.000000
0.000000
0.000063
0.000284
0.009741
0.005897
0.074332
0.000000
0.000000
0.000000
0.001279
0.001099
0.010873
0.000329
0.002213
0.004125
0.000000
0.000000
0.000000
0.000019
0.000061
0.000609
0.000000
0.000000
0.000000
0.000000
0.000000
0.000000
0.000000
0.000000
0.000000
0.000000
0.000000
0.000000
0.000000
0.000000
0.000000
0.000000
0.000000
0.000000
0.000000
0.000000
0.000075
0.000000
0.000000
0.000000
0.012726
0.000000
0.005905
0.001550
0.000000
0.001188
0.000000
0.000000
0.000000
0.000188
0.000000
0.000171
0.000019
0.000000
0.000097
0.000000
0.000000
0.000000
0.000000
0.000000
0.000000
0.000000
0.000000
0.000000
0.000000
0.000000
0.000000
0.000000
0.000000
0.000000
0.000000
0.000000
0.000000
0.000000
0.000024
0.000176
0.000000
0.000000
0.000000
0.000000
0.014174
0.007178
0.000000
0.000865
0.002071
0.000000
0.000000
0.000000
0.000000
0.001962
0.000012
0.000000
0.000005
0.000000
0.000000
0.000000
0.000000
0.000000
0.000000
0.000000
0.000000
0.000000
0.000000
0.000000
0.000000
0.000000
0.000000
0.000000
0.000000
0.000000
0.000000
0.000000
0.000000
0.000000
0.000194
0.000000
0.000000
0.000000
0.006088
0.005921
0.044938
0.001519
0.000504
0.011289
0.000000
0.000000
0.000000
0.000032
0.001425
0.001861
0.000011
0.000000
0.000115
0.000000
0.000000
0.000000
0.000000
0.000000
0.000000
0.000000
0.000000
0.000000
0.000000
0.000000
0.000000
0.000000
0.000000
0.000000
0.000000
0.000000
0.000000
0.000000
0.000000
0.000040
0.001284
0.000000
0.001963
0.001027
0.000000
0.001113
0.006150
0.000000
0.004441
0.000189
0.000000
0.000085
0.000085
0.000000
0.000101
0.000362
0.000000
0.000334
0.000000
0.000000
0.000000
0.000000
0.000000
0.000000
0.000000
0.000000
0.000000
0.000000
0.000000
0.000000
0.000000
0.000000
0.000000
0.000000
0.000000
0.000000
0.000000
0.000005
0.000088
0.000000
0.000875
0.000490
0.000000
0.002192
0.000913
0.000000
0.003416
0.001788
0.000000
0.000114
0.000000
0.000000
0.000254
0.000007
0.000000
0.000377
0.000000
0.000000
0.000000
0.000000
0.000000
0.000000
0.000000
0.000000
0.000000
0.000000
0.000000
0.000000
0.000000
0.000000
0.000000
0.000000
0.000000
0.000000
0.000000
0.000000
0.000080
0.000195
0.001746
0.000980
0.014514
0.000859
0.001518
0.006865
0.004012
0.002789
0.035869
0.000085
0.000347
0.000543
0.000022
0.000355
0.001059
0.000063
0.000502
0.001366
0.000000
0.000000
0.000000
0.000000
0.000000
0.000000
0.000000
0.000000
0.000000
0.000012
0.000068
0.000000
0.000000
0.000000
0.000000
0.000000
0.000000
0.000000
0.001492
0.000000
0.000000
0.000509
0.000000
0.000334
0.000000
0.000000
0.000000
0.000067
0.000000
0.000015
0.001743
0.000060
0.000436
0.000000
0.000000
0.000015
0.000111
0.000000
0.000014
0.000000
0.000000
0.000000
0.000000
0.000000
0.000000
0.000000
0.000000
0.000000
0.000008
0.000117
0.000051
0.000000
0.000000
0.000000
0.000000
0.000000
0.000000
0.007595
0.000075
0.000016
0.000000
0.000482
0.001195
0.000000
0.000000
0.000000
0.000000
0.000007
0.000104
0.000014
0.005557
0.002737
0.000000
0.000070
0.000000
0.000000
0.000131
0.000402
0.000000
0.000000
0.000000
0.000000
0.000000
0.000000
0.000000
0.000000
0.000000
0.000000
0.000060
0.000000
0.000000
0.000039
0.000000
0.000000
0.000000
0.000007
0.001624
0.000054
0.000038
0.000612
0.000023
0.003977
0.000000
0.000000
0.000000
0.000046
0.000000
0.000521
0.000441
0.003008
0.002924
0.000000
0.000000
0.000000
0.000000
0.000000
0.000255
0.000000
0.000000
0.000000
0.000000
0.000000
0.000000
0.000000
0.000000
0.000000
0.000000
0.000000
0.000007
0.000000
0.000011
0.000000
0.000000
0.000000
0.000000
0.000816
0.000009
0.000010
0.000000
0.000000
0.000000
0.000606
0.000000
0.000237
0.000054
0.000000
0.000036
0.000000
0.000006
0.000000
0.001083
0.000000
0.000264
0.000241
0.000000
0.000115
0.000000
0.000000
0.000000
0.000000
0.000000
0.000000
0.000000
0.000000
0.000000
0.000073
0.000061
0.000000
0.000000
0.000025
0.000000
0.000000
0.000012
0.000007
0.006411
0.000103
0.000025
0.000000
0.000000
0.000000
0.000000
0.001026
0.001488
0.000000
0.000058
0.000270
0.000000
0.000000
0.000000
0.000011
0.005629
0.002083
0.000000
0.000155
0.000504
0.000000
0.000000
0.000000
0.000000
0.000000
0.000000
0.000000
0.000000
0.000000
0.000000
0.000000
0.000000
0.000084
0.000011
0.000013
0.000000
0.000000
0.000000
0.001501
0.000102
0.000006
0.000000
0.000000
0.000000
0.000410
0.000104
0.003291
0.000000
0.000000
0.000490
0.000000
0.000000
0.000000
0.000256
0.001584
0.002021
0.000000
0.000000
0.000169
0.000000
0.000000
0.000000
0.000000
0.000000
0.000000
0.000000
0.000000
0.000000
0.000000
0.000000
0.000000
0.000000
0.000000
0.000000
0.000000
0.000000
0.000000
0.000326
0.000000
0.000000
0.000076
0.000000
0.000013
0.000036
0.000000
0.000042
0.000148
0.000000
0.000113
0.000126
0.000000
0.000000
0.000253
0.000007
0.000000
0.000179
0.000000
0.000101
0.000000
0.000000
0.000000
0.000000
0.000000
0.000000
0.000000
0.000000
0.000000
0.000000
0.000071
0.000000
0.000000
0.000000
0.000000
0.000000
0.000000
0.000000
0.000480
0.000050
0.000000
0.000000
0.000014
0.000010
0.000000
0.000000
0.000005
0.000000
0.000071
0.000274
0.000000
0.000168
0.000000
0.000000
0.000608
0.000000
0.000000
0.000168
0.000157
0.000000
0.000000
0.000000
0.000000
0.000000
0.000000
0.000000
0.000000
0.000000
0.000000
0.000000
0.000000
0.000000
0.000000
0.000000
0.000000
0.000000
0.000000
0.000322
0.000076
0.000014
0.000067
0.000000
0.000270
0.000000
0.000000
0.000116
0.000099
0.000000
0.001464
0.000064
0.000209
0.000157
0.000012
0.000744
0.000451
0.000181
0.000389
0.000609
