0.000753
0.007240
0.012341
0.001778
0.005721
0.005989
0.001347
0.002081
0.005070
0.001071
0.004135
0.001319
0.000819
0.003720
0.002609
0.000433
0.000229
0.000344
0.574236
0.000469
0.035553
0.021367
0.014675
0.068597
0.023947
0.013296
0.058220
0.017314
0.007408
0.049469
0.002475
0.016865
0.007246
0.005245
0.012416
0.008231
0.001118
0.001580
0.003274
0.000335
0.000000
0.000249
0.000000
0.000000
0.000000
0.000125
0.000000
0.000000
0.000044
0.000000
0.000000
0.000000
0.000000
0.000000
0.000000
0.000000
0.000000
0.000000
0.000000
0.000000
0.000000
0.000000
0.000000
0.000000
0.000000
0.000000
0.000000
0.000000
0.000000
0.000000
0.000000
0.000000
0.000000
0.000000
0.000000
0.000000
0.000000
0.000000
0.000000
0.004958
0.000918
0.000000
0.000000
0.000000
0.000000
0.000000
0.000600
0.000000
0.000565
0.000119
0.000000
0.000000
0.000000
0.000000
0.000000
0.000000
0.000000
0.000000
0.000144
0.000000
0.000000
0.000000
0.000000
0.000000
0.000000
0.000000
0.000000
0.000000
0.000000
0.000000
0.000000
0.000000
0.000000
0.000000
0.000000
0.000000
0.000000
0.000044
0.001115
0.008191
0.000000
0.000000
0.000000
0.000044
0.000074
0.001628
0.000085
0.000397
0.000182
0.000000
0.000000
0.000000
0.000000
0.000000
0.000040
0.000000
0.000000
0.000074
0.000000
0.000000
0.000000
0.000000
0.000000
0.000000
0.000000
0.000000
0.000000
0.000000
0.000000
0.000000
0.000000
0.000000
0.000000
0.000000
0.000000
0.000000
0.000000
0.000000
0.000000
0.000888
0.000000
0.000392
0.000203
0.000000
0.000115
0.000000
0.000000
0.000000
0.000182
0.000000
0.000000
0.000000
0.000000
0.000000
0.000000
0.000000
0.000000
0.000000
0.000000
0.000000
0.000000
0.000000
0.000000
0.000000
0.000000
0.000000
0.000000
0.000000
0.000000
0.000000
0.000000
0.000000
0.000000
0.000000
0.000000
0.000000
0.000000
0.000000
0.000000
0.003448
0.001114
0.000000
0.000089
0.000000
0.000000
0.000000
0.000000
0.000000
0.001104
0.000000
0.000000
0.000000
0.000000
0.000000
0.000000
0.000000
0.000000
0.000000
0.000000
0.000000
0.000000
0.000000
0.000000
0.000000
0.000000
0.000000
0.000000
0.000000
0.000000
0.000000
0.000000
0.000000
0.000000
0.000000
0.000000
0.000000
0.000000
0.000315
0.001233
0.002803
0.000085
0.000556
0.000170
0.000000
0.000000
0.000000
0.000040
0.000085
0.000693
0.000000
0.000000
0.000040
0.000000
0.000000
0.000000
0.000000
0.000000
0.000000
0.000000
0.000000
0.000000
0.000000
0.000000
0.000000
0.000000
0.000000
0.000000
0.000000
0.000000
0.000000
0.000000
0.000000
0.000000
0.000129
0.000000
0.000175
0.000333
0.000000
0.000052
0.000376
0.000000
0.000119
0.000081
0.000000
0.000000
0.000000
0.000000
0.000000
0.000085
0.000000
0.000000
0.000000
0.000000
0.000000
0.000000
0.000000
0.000000
0.000000
0.000000
0.000000
0.000000
0.000000
0.000000
0.000000
0.000000
0.000000
0.000000
0.000000
0.000000
0.000000
0.000000
0.000000
0.000000
0.000044
0.000600
0.000000
0.000630
0.000040
0.000000
0.000600
0.000074
0.000000
0.000040
0.000000
0.000000
0.000000
0.000000
0.000000
0.000000
0.000000
0.000000
0.000000
0.000074
0.000000
0.000000
0.000000
0.000000
0.000000
0.000000
0.000000
0.000000
0.000000
0.000000
0.000000
0.000000
0.000000
0.000000
0.000000
0.000000
0.000000
0.000000
0.000085
0.000000
0.000338
0.000044
0.000000
0.001079
0.000266
0.000745
0.001935
0.000000
0.000000
0.000000
0.000044
0.000000
0.000409
0.000040
0.000000
0.000126
0.000000
0.000000
0.000000
0.000000
0.000000
0.000000
0.000000
0.000000
0.000000
0.000000
0.000000
0.000000
0.000000
0.000000
0.000000
0.000000
0.000000
0.000000
0.000000
0.000000
0.000000
0.000159
0.000000
0.000123
0.000000
0.000000
0.000000
0.000000
0.000000
0.000000
0.000451
0.000000
0.000000
0.000000
0.000000
0.000000
0.000000
0.000000
0.000000
0.000339
0.000000
0.000000
0.000000
0.000000
0.000000
0.000000
0.000000
0.000000
0.000000
0.000000
0.000000
0.000000
0.000000
0.000000
0.000000
0.000000
0.000000
0.000000
0.000000
0.000000
0.000000
0.000412
0.000449
0.000000
0.000000
0.000000
0.000000
0.000000
0.000040
0.000000
0.001533
0.000447
0.000000
0.000000
0.000000
0.000000
0.000081
0.000040
0.000996
0.000107
0.000000
0.000000
0.000000
0.000000
0.000000
0.000000
0.000000
0.000000
0.000000
0.000000
0.000000
0.000000
0.000041
0.000000
0.000000
0.000000
0.000000
0.000000
0.000000
0.000000
0.000000
0.000332
0.000000
0.000000
0.000000
0.000000
0.000000
0.000233
0.000085
0.000097
0.000369
0.000000
0.000000
0.000000
0.000000
0.000000
0.000000
0.000163
0.000000
0.000000
0.000000
0.000000
0.000000
0.000000
0.000000
0.000000
0.000000
0.000000
0.000000
0.000000
0.000000
0.000000
0.000000
0.000040
0.000000
0.000000
0.000000
0.000000
0.000000
0.000000
0.000000
0.000085
0.000000
0.000000
0.000000
0.000000
0.000000
0.000000
0.000000
0.000000
0.000255
0.000000
0.000044
0.000045
0.000000
0.000000
0.000351
0.000000
0.000000
0.000000
0.000000
0.000000
0.000000
0.000000
0.000000
0.000000
0.000000
0.000000
0.000000
0.000000
0.000000
0.000000
0.000040
0.000000
0.000000
0.000000
0.000000
0.000000
0.000000
0.000000
0.000000
0.000182
0.000092
0.000000
0.000000
0.000000
0.000000
0.000000
0.000000
0.000000
0.001344
0.000474
0.000000
0.000000
0.000000
0.001094
0.000000
0.000000
0.000000
0.000000
0.000000
0.000000
0.000000
0.000000
0.000000
0.000000
0.000000
0.000000
0.000000
0.000000
0.000000
0.000556
0.000000
0.000000
0.000000
0.000000
0.000000
0.000000
0.000000
0.000040
0.000074
0.000448
0.000000
0.000000
0.000115
0.000000
0.000000
0.000000
0.000044
0.000460
0.000713
0.000000
0.000000
0.000057
0.000598
0.000000
0.000074
0.000000
0.000000
0.000000
0.000000
0.000000
0.000000
0.000000
0.000000
0.000000
0.000000
0.000000
0.000000
0.000000
0.000000
0.000000
0.000000
0.000000
0.000000
0.000000
0.000000
0.000000
0.000000
0.000000
0.000000
0.000194
0.000000
0.000000
0.000044
0.000000
0.000000
0.000081
0.000000
0.000000
0.000074
0.000000
0.000000
0.000040
0.000000
0.000000
0.000000
0.000000
0.000000
0.000000
0.000000
0.000000
0.000000
0.000000
0.000000
0.000000
0.000000
0.000000
0.000000
0.000000
0.000000
0.000000
0.000000
0.000000
0.000000
0.000074
0.000000
0.000000
0.000000
0.000000
0.000000
0.000040
0.000040
0.000000
0.000000
0.000000
0.000000
0.000000
0.000000
0.000000
0.000074
0.000000
0.000000
0.000000
0.000000
0.000000
0.000000
0.000000
0.000000
0.000000
0.000000
0.000000
0.000000
0.000000
0.000000
0.000000
0.000000
0.000000
0.000000
0.000000
0.000000
0.000000
0.000000
0.000000
0.000000
0.000000
0.000000
0.000000
0.000000
0.000057
0.000000
0.000040
0.000000
0.000000
0.000040
0.000000
0.000000
0.000000
0.000040
0.000000
0.000040
0.000085
0.000040
0.000000
0.000000
0.000000
0.000000
0.000000
0.000000
0.000000
0.000000
0.000000
0.000000
0.000000
0.000000
0.000000
0.000000
0.000000
0.000000
0.000000
0.000000
0.000000
0.000000
0.000000
0.000000
0.000000
0.000000
0.000000
0.000000
0.000000
0.000000
0.000241
0.001386
0.000163
0.000174
0.000704
0.000246
0.000149
0.000074
0.000000
0.555530
0.000000
0.000070
0.000000
0.000000
0.000000
0.000000
0.000000
0.000000
0.000000
0.000000
0.000000
0.000743
0.003756
0.000495
0.002552
0.004247
0.001047
0.000106
0.000299
0.000150
0.000000
0.000000
0.000000
0.000074
0.000000
0.000000
0.000000
0.000000
0.000000
0.000041
0.000044
0.000000
0.000000
0.000045
0.000044
0.000000
0.000000
0.000000
0.000000
0.000074
0.000000
0.000000
0.000000
0.000000
0.000000
0.000000
0.000000
0.000000
0.000000
0.000000
0.000000
0.000000
0.000107
0.000000
0.000000
0.000000
0.000000
0.000040
0.000000
0.000000
0.000699
0.001016
0.000000
0.000188
0.000000
0.000000
0.000000
0.000000
0.000000
0.000000
0.000000
0.000000
0.000000
0.000000
0.000000
0.000000
0.000000
0.000000
0.000000
0.033093
0.000000
0.000144
0.000213
0.000000
0.000000
0.000000
0.000223
0.000000
0.000144
0.000000
0.000000
0.000000
0.000000
0.000000
0.000000
0.000000
0.000000
0.000000
0.000000
0.000000
0.000000
0.000000
0.000000
0.000000
0.000000
0.000000
0.000000
0.000000
0.000000
0.000000
0.000000
0.000000
0.000000
0.000000
0.000000
0.000000
0.000000
0.000000
0.000153
0.014188
0.000000
0.004773
0.000000
0.000000
0.000000
0.001025
0.000000
0.001018
0.000205
0.000000
0.000162
0.000000
0.000000
0.000000
0.000000
0.000000
0.000000
0.000000
0.000000
0.000000
0.000000
0.000000
0.000000
0.000000
0.000000
0.000000
0.000000
0.000000
0.000000
0.000000
0.000000
0.000000
0.000000
0.000000
0.000000
0.000000
0.000000
0.000000
0.000000
0.006821
0.003037
0.000000
0.000000
0.000000
0.000000
0.001139
0.000617
0.000000
0.003026
0.000000
0.000000
0.000000
0.000000
0.000000
0.000107
0.000000
0.000000
0.000000
0.000000
0.000000
0.000000
0.000000
0.000000
0.000000
0.000000
0.000000
0.000000
0.000000
0.000000
0.000000
0.000000
0.000000
0.000000
0.000000
0.000000
0.000000
0.001108
0.004386
0.005563
0.045852
0.000000
0.000000
0.000000
0.000229
0.000825
0.005063
0.000274
0.002274
0.002796
0.000000
0.000000
0.000000
0.000000
0.000000
0.000609
0.000000
0.000000
0.000000
0.000000
0.000000
0.000000
0.000000
0.000000
0.000000
0.000000
0.000000
0.000000
0.000000
0.000000
0.000000
0.000000
0.000000
0.000000
0.000000
0.000000
0.000000
0.000000
0.000000
0.000000
0.013514
0.000000
0.007770
0.001054
0.000000
0.001553
0.000000
0.000000
0.000000
0.000045
0.000000
0.000163
0.000000
0.000000
0.000000
0.000000
0.000000
0.000000
0.000000
0.000000
0.000000
0.000000
0.000000
0.000000
0.000000
0.000000
0.000000
0.000000
0.000000
0.000000
0.000000
0.000000
0.000000
0.000000
0.000000
0.000000
0.000000
0.000000
0.000000
0.000000
0.007168
0.004120
0.000000
0.000363
0.000606
0.000000
0.000000
0.000000
0.000000
0.000893
0.000094
0.000000
0.000119
0.000000
0.000000
0.000000
0.000000
0.000000
0.000000
0.000000
0.000000
0.000000
0.000000
0.000000
0.000000
0.000000
0.000000
0.000000
0.000000
0.000000
0.000000
0.000000
0.000000
0.000074
0.000600
0.000000
0.000000
0.000000
0.005075
0.002949
0.034481
0.002345
0.000673
0.009760
0.000000
0.000000
0.000000
0.000179
0.000657
0.001887
0.000000
0.000000
0.000000
0.000000
0.000000
0.000000
0.000000
0.000000
0.000000
0.000000
0.000000
0.000000
0.000000
0.000000
0.000000
0.000000
0.000000
0.000000
0.000000
0.000000
0.000000
0.000000
0.000000
0.000144
0.001845
0.000000
0.003509
0.001439
0.000000
0.001564
0.006130
0.000000
0.002309
0.000000
0.000000
0.000147
0.000184
0.000000
0.000000
0.000044
0.000000
0.000141
0.000000
0.000000
0.000000
0.000000
0.000000
0.000000
0.000000
0.000000
0.000000
0.000000
0.000000
0.000000
0.000000
0.000000
0.000000
0.000000
0.000000
0.000000
0.000000
0.000000
0.000052
0.000000
0.000890
0.000599
0.000000
0.001201
0.000656
0.000000
0.002565
0.001347
0.000000
0.000000
0.000000
0.000000
0.000000
0.000000
0.000000
0.000117
0.000000
0.000000
0.000000
0.000000
0.000000
0.000000
0.000000
0.000000
0.000000
0.000000
0.000000
0.000000
0.000000
0.000000
0.000000
0.000000
0.000000
0.000000
0.000000
0.000000
0.000000
0.000000
0.000492
0.000515
0.008859
0.001363
0.000743
0.004081
0.005955
0.001541
0.023927
0.000000
0.000093
0.000222
0.000000
0.000216
0.000681
0.000274
0.000119
0.000730
0.000000
0.000000
0.000000
0.000000
0.000000
0.000000
0.000000
0.000000
0.000000
0.000000
0.000000
0.000000
0.000000
0.000000
0.000000
0.000000
0.000000
0.000000
0.001084
0.000000
0.000000
0.000241
0.000000
0.000000
0.000000
0.000000
0.000000
0.000107
0.000000
0.000000
0.000657
0.000000
0.000153
0.000000
0.000000
0.000000
0.000107
0.000000
0.000134
0.000000
0.000000
0.000000
0.000000
0.000000
0.000000
0.000000
0.000000
0.000000
0.000000
0.000040
0.000000
0.000000
0.000000
0.000000
0.000000
0.000000
0.000000
0.007421
0.000000
0.000000
0.000000
0.000815
0.000579
0.000000
0.000000
0.000000
0.000000
0.000000
0.000000
0.000000
0.005508
0.002277
0.000000
0.000000
0.000134
0.000000
0.000000
0.000236
0.000000
0.000000
0.000000
0.000000
0.000000
0.000000
0.000000
0.000000
0.000000
0.000000
0.000044
0.000000
0.000000
0.000000
0.000000
0.000000
0.000000
0.000000
0.000537
0.000044
0.000000
0.000308
0.000000
0.001501
0.000000
0.000000
0.000000
0.000000
0.000000
0.001208
0.000605
0.002056
0.000885
0.000000
0.000000
0.000000
0.000000
0.000000
0.000097
0.000000
0.000000
0.000000
0.000000
0.000000
0.000000
0.000000
0.000000
0.000000
0.000000
0.000000
0.000000
0.000000
0.000000
0.000000
0.000000
0.000000
0.000000
0.000453
0.000044
0.000000
0.000000
0.000000
0.000000
0.001711
0.000000
0.000119
0.000189
0.000000
0.000041
0.000000
0.000000
0.000000
0.002244
0.000000
0.000281
0.000119
0.000000
0.000093
0.000000
0.000000
0.000000
0.000000
0.000000
0.000000
0.000000
0.000000
0.000000
0.000000
0.000000
0.000000
0.000000
0.000000
0.000000
0.000000
0.000000
0.000000
0.004677
0.000041
0.000000
0.000000
0.000000
0.000000
0.000000
0.000399
0.000685
0.000000
0.000321
0.000178
0.000000
0.000000
0.000000
0.000000
0.002868
0.002759
0.000000
0.000242
0.000299
0.000000
0.000000
0.000000
0.000000
0.000000
0.000000
0.000000
0.000000
0.000000
0.000000
0.000000
0.000000
0.000000
0.000000
0.000000
0.000000
0.000000
0.000000
0.000365
0.000045
0.000144
0.000000
0.000000
0.000000
0.000656
0.000053
0.002738
0.000000
0.000000
0.000370
0.000000
0.000000
0.000000
0.000000
0.002415
0.001233
0.000000
0.000000
0.000261
0.000000
0.000000
0.000000
0.000000
0.000000
0.000000
0.000000
0.000000
0.000000
0.000000
0.000000
0.000000
0.000000
0.000000
0.000000
0.000000
0.000000
0.000000
0.000409
0.000000
0.000000
0.000065
0.000000
0.000000
0.000000
0.000000
0.000000
0.000148
0.000000
0.000119
0.000000
0.000000
0.000000
0.000044
0.000000
0.000000
0.000339
0.000000
0.000000
0.000000
0.000000
0.000000
0.000000
0.000000
0.000000
0.000000
0.000000
0.000000
0.000000
0.000000
0.000000
0.000000
0.000000
0.000000
0.000000
0.000000
0.000000
0.000495
0.000000
0.000000
0.000000
0.000000
0.000000
0.000000
0.000000
0.000045
0.000000
0.000000
0.000327
0.000000
0.000000
0.000000
0.000000
0.000236
0.000000
0.000000
0.000271
0.000210
0.000000
0.000000
0.000000
0.000000
0.000000
0.000000
0.000000
0.000000
0.000000
0.000000
0.000000
0.000000
0.000000
0.000000
0.000000
0.000000
0.000000
0.000000
0.000393
0.000000
0.000000
0.000000
0.000000
0.000057
0.000191
0.000000
0.000000
0.000053
0.000000
0.001221
0.000000
0.000297
0.000000
0.000045
0.000301
0.000000
0.000134
0.000269
0.000322
