0.007733
0.011742
0.010834
0.003243
0.011367
0.008150
0.001987
0.002172
0.002998
0.000868
0.002907
0.000713
0.000711
0.003405
0.000642
0.000096
0.000182
0.000056
0.465757
0.000385
0.028212
0.061081
0.038316
0.091193
0.043588
0.049621
0.059217
0.017263
0.011005
0.027086
0.002997
0.012045
0.003367
0.002323
0.012463
0.002622
0.000434
0.000611
0.000607
0.005441
0.000000
0.001416
0.000000
0.000000
0.000000
0.000468
0.000000
0.000210
0.000089
0.000000
0.000033
0.000000
0.000000
0.000000
0.000005
0.000000
0.000000
0.000000
0.000000
0.000094
0.000000
0.000000
0.000000
0.000000
0.000000
0.000000
0.000000
0.000000
0.000000
0.000000
0.000000
0.000000
0.000000
0.000000
0.000000
0.000000
0.000000
0.000000
0.000000
0.008814
0.001606
0.000000
0.000000
0.000000
0.000000
0.000530
0.000038
0.000000
0.000428
0.000003
0.000000
0.000000
0.000000
0.000000
0.000009
0.000000
0.000000
0.000045
0.000284
0.000000
0.000000
0.000000
0.000000
0.000000
0.000000
0.000000
0.000000
0.000000
0.000000
0.000000
0.000000
0.000000
0.000000
0.000000
0.000000
0.000000
0.000000
0.001567
0.001649
0.006440
0.000000
0.000000
0.000000
0.000063
0.000057
0.000558
0.000017
0.000113
0.000224
0.000000
0.000000
0.000000
0.000000
0.000000
0.000000
0.000000
0.000013
0.000143
0.000000
0.000000
0.000000
0.000000
0.000000
0.000000
0.000000
0.000000
0.000000
0.000000
0.000000
0.000000
0.000000
0.000000
0.000000
0.000000
0.000000
0.000000
0.000000
0.000000
0.000000
0.002015
0.000000
0.000834
0.000209
0.000000
0.000030
0.000000
0.000000
0.000000
0.000095
0.000000
0.000003
0.000003
0.000000
0.000000
0.000000
0.000000
0.000063
0.000000
0.000000
0.000000
0.000000
0.000000
0.000000
0.000000
0.000000
0.000000
0.000000
0.000000
0.000000
0.000000
0.000000
0.000000
0.000000
0.000000
0.000000
0.000000
0.000000
0.000000
0.000000
0.008481
0.001298
0.000000
0.000451
0.000119
0.000000
0.000000
0.000000
0.000000
0.000716
0.000026
0.000000
0.000020
0.000003
0.000000
0.000000
0.000134
0.000000
0.000000
0.000000
0.000000
0.000000
0.000000
0.000000
0.000000
0.000000
0.000000
0.000000
0.000000
0.000000
0.000000
0.000000
0.000000
0.000000
0.000000
0.000000
0.000000
0.000000
0.000746
0.001566
0.004791
0.000109
0.000077
0.000481
0.000000
0.000000
0.000000
0.000053
0.000061
0.000152
0.000000
0.000000
0.000000
0.000000
0.000005
0.000058
0.000000
0.000000
0.000000
0.000000
0.000000
0.000000
0.000000
0.000000
0.000000
0.000000
0.000000
0.000000
0.000000
0.000000
0.000000
0.000000
0.000000
0.000000
0.000297
0.000000
0.000082
0.000265
0.000000
0.000226
0.000831
0.000000
0.000249
0.000006
0.000000
0.000000
0.000005
0.000000
0.000003
0.000013
0.000000
0.000006
0.000000
0.000000
0.000011
0.000000
0.000000
0.000000
0.000000
0.000000
0.000000
0.000000
0.000000
0.000000
0.000000
0.000000
0.000000
0.000000
0.000000
0.000000
0.000000
0.000000
0.000000
0.000000
0.000344
0.000075
0.000000
0.000434
0.000095
0.000000
0.000679
0.000245
0.000000
0.000052
0.000000
0.000000
0.000086
0.000000
0.000000
0.000057
0.000000
0.000000
0.000000
0.000021
0.000000
0.000000
0.000000
0.000000
0.000000
0.000000
0.000000
0.000000
0.000000
0.000000
0.000000
0.000000
0.000000
0.000000
0.000000
0.000000
0.000000
0.000000
0.000149
0.000068
0.000542
0.000059
0.000146
0.000379
0.000194
0.000261
0.000960
0.000007
0.000000
0.000005
0.000006
0.000042
0.000082
0.000033
0.000022
0.000005
0.000000
0.000000
0.000028
0.000000
0.000000
0.000000
0.000000
0.000000
0.000000
0.000000
0.000000
0.000000
0.000000
0.000000
0.000000
0.000000
0.000000
0.000000
0.000000
0.000000
0.000000
0.000189
0.000000
0.000029
0.000000
0.000000
0.000000
0.000033
0.000000
0.000000
0.000300
0.000000
0.000042
0.000000
0.000000
0.000000
0.000024
0.000000
0.000004
0.000251
0.000000
0.000000
0.000000
0.000000
0.000000
0.000000
0.000000
0.000000
0.000000
0.000000
0.000000
0.000000
0.000000
0.000000
0.000000
0.000000
0.000000
0.000000
0.000000
0.000000
0.000000
0.000634
0.000271
0.000000
0.000000
0.000000
0.000000
0.000027
0.000012
0.000000
0.001082
0.000121
0.000000
0.000000
0.000000
0.000000
0.000016
0.000000
0.000687
0.000030
0.000017
0.000000
0.000000
0.000000
0.000000
0.000000
0.000000
0.000000
0.000000
0.000000
0.000000
0.000025
0.000000
0.000000
0.000000
0.000000
0.000000
0.000000
0.000000
0.000033
0.000013
0.000254
0.000000
0.000000
0.000000
0.000005
0.000000
0.000007
0.000082
0.000107
0.000122
0.000000
0.000000
0.000000
0.000000
0.000000
0.000000
0.000089
0.000000
0.000005
0.000000
0.000000
0.000000
0.000000
0.000000
0.000000
0.000000
0.000000
0.000000
0.000000
0.000000
0.000000
0.000000
0.000000
0.000000
0.000000
0.000000
0.000000
0.000000
0.000000
0.000000
0.000067
0.000000
0.000078
0.000027
0.000000
0.000000
0.000000
0.000000
0.000000
0.000269
0.000000
0.000090
0.000003
0.000000
0.000000
0.000166
0.000000
0.000007
0.000000
0.000000
0.000000
0.000000
0.000000
0.000000
0.000000
0.000000
0.000000
0.000000
0.000000
0.000000
0.000000
0.000006
0.000000
0.000000
0.000000
0.000000
0.000000
0.000000
0.000000
0.000000
0.000655
0.000127
0.000000
0.000059
0.000009
0.000000
0.000000
0.000000
0.000000
0.001316
0.000095
0.000000
0.000017
0.000024
0.000985
0.000027
0.000017
0.000000
0.000000
0.000000
0.000000
0.000000
0.000000
0.000000
0.000000
0.000000
0.000000
0.000000
0.000000
0.000000
0.000008
0.000004
0.000000
0.000000
0.000000
0.000000
0.000000
0.000000
0.000008
0.000008
0.000220
0.000000
0.000000
0.000056
0.000000
0.000000
0.000000
0.000034
0.000140
0.000083
0.000000
0.000000
0.000003
0.000090
0.000003
0.000000
0.000000
0.000000
0.000000
0.000000
0.000000
0.000000
0.000000
0.000000
0.000000
0.000000
0.000000
0.000000
0.000000
0.000000
0.000000
0.000000
0.000000
0.000000
0.000000
0.000000
0.000000
0.000000
0.000000
0.000000
0.000030
0.000000
0.000000
0.000039
0.000000
0.000000
0.000003
0.000000
0.000000
0.000009
0.000000
0.000003
0.000009
0.000004
0.000000
0.000000
0.000000
0.000000
0.000000
0.000000
0.000000
0.000000
0.000000
0.000000
0.000000
0.000000
0.000000
0.000000
0.000000
0.000000
0.000000
0.000000
0.000000
0.000000
0.000000
0.000006
0.000000
0.000000
0.000000
0.000000
0.000036
0.000002
0.000000
0.000033
0.000000
0.000000
0.000046
0.000000
0.000000
0.000026
0.000004
0.000029
0.000000
0.000000
0.000000
0.000000
0.000000
0.000000
0.000000
0.000000
0.000000
0.000000
0.000000
0.000000
0.000000
0.000000
0.000000
0.000000
0.000000
0.000000
0.000000
0.000000
0.000013
0.000000
0.000007
0.000000
0.000000
0.000000
0.000000
0.000000
0.000020
0.000007
0.000000
0.000000
0.000000
0.000000
0.000000
0.000000
0.000000
0.000003
0.000000
0.000006
0.000000
0.000000
0.000000
0.000000
0.000000
0.000000
0.000000
0.000000
0.000000
0.000000
0.000000
0.000000
0.000000
0.000000
0.000000
0.000000
0.000000
0.000000
0.000000
0.000000
0.000000
0.000000
0.000000
0.000000
0.000000
0.000000
0.000000
0.000000
0.000307
0.001037
0.000144
0.000218
0.000882
0.000099
0.000006
0.000015
0.000000
0.452331
0.000000
0.000022
0.000000
0.000000
0.000000
0.000000
0.000000
0.000000
0.000000
0.000000
0.000000
0.000884
0.002858
0.000544
0.000933
0.003456
0.000348
0.000031
0.000049
0.000034
0.000000
0.000035
0.000000
0.000000
0.000005
0.000000
0.000000
0.000005
0.000000
0.000007
0.000033
0.000004
0.000000
0.000069
0.000005
0.000000
0.000000
0.000000
0.000000
0.000092
0.000000
0.000000
0.000021
0.000020
0.000005
0.000004
0.000000
0.000000
0.000000
0.000000
0.000000
0.000034
0.000000
0.000000
0.000006
0.000000
0.000000
0.000013
0.000030
0.000053
0.000146
0.000131
0.000080
0.000087
0.000107
0.000026
0.000000
0.000015
0.000000
0.000004
0.000012
0.000000
0.000006
0.000000
0.000000
0.000000
0.000000
0.000014
0.000000
0.026665
0.000149
0.000052
0.000203
0.000092
0.000073
0.000173
0.000094
0.000003
0.000106
0.000006
0.000009
0.000000
0.000000
0.000013
0.000000
0.000000
0.000000
0.000000
0.000000
0.000000
0.000000
0.000000
0.000000
0.000000
0.000000
0.000000
0.000000
0.000000
0.000000
0.000000
0.000000
0.000000
0.000000
0.000000
0.000000
0.000000
0.000000
0.000000
0.000065
0.042140
0.000000
0.014326
0.000000
0.000000
0.000000
0.003133
0.000000
0.000919
0.000600
0.000000
0.000135
0.000000
0.000000
0.000000
0.000033
0.000000
0.000015
0.000000
0.000000
0.000000
0.000000
0.000000
0.000000
0.000000
0.000000
0.000000
0.000000
0.000000
0.000000
0.000000
0.000000
0.000000
0.000000
0.000000
0.000000
0.000000
0.000035
0.000063
0.000000
0.022850
0.009475
0.000000
0.000000
0.000000
0.000000
0.002099
0.000892
0.000000
0.002952
0.000069
0.000000
0.000000
0.000000
0.000000
0.000059
0.000000
0.000000
0.000000
0.000000
0.000000
0.000000
0.000000
0.000000
0.000000
0.000000
0.000000
0.000000
0.000000
0.000000
0.000000
0.000000
0.000000
0.000000
0.000000
0.000000
0.000007
0.000155
0.013660
0.012079
0.057881
0.000000
0.000000
0.000000
0.000818
0.000918
0.004140
0.000118
0.000889
0.000912
0.000000
0.000000
0.000000
0.000006
0.000010
0.000046
0.000000
0.000000
0.000000
0.000000
0.000000
0.000000
0.000000
0.000000
0.000000
0.000000
0.000000
0.000000
0.000000
0.000000
0.000000
0.000000
0.000000
0.000000
0.000000
0.000000
0.000061
0.000000
0.000000
0.000000
0.031065
0.000000
0.008263
0.003017
0.000000
0.001033
0.000000
0.000000
0.000000
0.000191
0.000000
0.000084
0.000015
0.000000
0.000000
0.000000
0.000000
0.000000
0.000000
0.000000
0.000000
0.000000
0.000000
0.000000
0.000000
0.000000
0.000000
0.000000
0.000000
0.000000
0.000000
0.000000
0.000000
0.000000
0.000010
0.000171
0.000000
0.000000
0.000000
0.000000
0.034674
0.009162
0.000000
0.001627
0.001659
0.000000
0.000000
0.000000
0.000000
0.002443
0.000016
0.000000
0.000005
0.000000
0.000000
0.000000
0.000000
0.000000
0.000000
0.000000
0.000000
0.000000
0.000000
0.000000
0.000000
0.000000
0.000000
0.000000
0.000000
0.000000
0.000000
0.000000
0.000000
0.000005
0.000071
0.000000
0.000000
0.000000
0.008686
0.007905
0.035480
0.000935
0.000677
0.004248
0.000000
0.000000
0.000000
0.000068
0.000575
0.000748
0.000010
0.000000
0.000012
0.000000
0.000000
0.000000
0.000000
0.000000
0.000000
0.000000
0.000000
0.000000
0.000000
0.000000
0.000000
0.000000
0.000000
0.000000
0.000000
0.000000
0.000000
0.000000
0.000000
0.000017
0.002929
0.000000
0.001684
0.002310
0.000000
0.000981
0.006871
0.000000
0.002259
0.000017
0.000000
0.000006
0.000075
0.000000
0.000031
0.000119
0.000000
0.000055
0.000000
0.000000
0.000000
0.000000
0.000000
0.000000
0.000000
0.000000
0.000000
0.000000
0.000000
0.000000
0.000000
0.000000
0.000000
0.000000
0.000000
0.000000
0.000000
0.000000
0.000030
0.000000
0.001482
0.000791
0.000000
0.002517
0.000509
0.000000
0.003679
0.001549
0.000000
0.000048
0.000008
0.000000
0.000197
0.000024
0.000000
0.000189
0.000029
0.000000
0.000000
0.000000
0.000000
0.000000
0.000000
0.000000
0.000000
0.000000
0.000000
0.000000
0.000000
0.000000
0.000000
0.000000
0.000000
0.000000
0.000000
0.000000
0.000000
0.000030
0.001602
0.000679
0.005277
0.000851
0.001158
0.002995
0.002277
0.001815
0.009911
0.000004
0.000050
0.000050
0.000006
0.000119
0.000148
0.000040
0.000056
0.000146
0.000000
0.000000
0.000000
0.000000
0.000000
0.000000
0.000000
0.000000
0.000000
0.000000
0.000000
0.000000
0.000000
0.000000
0.000000
0.000000
0.000000
0.000000
0.000967
0.000000
0.000000
0.000511
0.000000
0.000172
0.000000
0.000000
0.000000
0.000028
0.000000
0.000000
0.001073
0.000000
0.000208
0.000000
0.000000
0.000000
0.000040
0.000000
0.000009
0.000000
0.000000
0.000000
0.000000
0.000000
0.000000
0.000000
0.000000
0.000000
0.000007
0.000027
0.000000
0.000000
0.000000
0.000000
0.000000
0.000000
0.000000
0.004479
0.000004
0.000000
0.000000
0.001274
0.000657
0.000000
0.000000
0.000000
0.000000
0.000039
0.000011
0.000027
0.004612
0.000772
0.000000
0.000000
0.000000
0.000000
0.000114
0.000036
0.000000
0.000000
0.000000
0.000000
0.000000
0.000000
0.000000
0.000000
0.000000
0.000000
0.000000
0.000000
0.000000
0.000000
0.000000
0.000000
0.000000
0.000000
0.000386
0.000027
0.000019
0.000364
0.000045
0.001092
0.000000
0.000000
0.000000
0.000000
0.000000
0.000029
0.000178
0.000547
0.000678
0.000000
0.000000
0.000000
0.000000
0.000000
0.000012
0.000000
0.000000
0.000000
0.000000
0.000000
0.000000
0.000000
0.000000
0.000000
0.000000
0.000000
0.000000
0.000000
0.000000
0.000000
0.000000
0.000000
0.000000
0.000522
0.000000
0.000000
0.000000
0.000000
0.000000
0.000505
0.000000
0.000126
0.000122
0.000000
0.000017
0.000000
0.000000
0.000000
0.000865
0.000000
0.000116
0.000027
0.000000
0.000019
0.000000
0.000000
0.000000
0.000000
0.000000
0.000000
0.000000
0.000000
0.000000
0.000000
0.000000
0.000005
0.000033
0.000051
0.000005
0.000000
0.000000
0.000003
0.004062
0.000069
0.000042
0.000000
0.000000
0.000000
0.000000
0.001745
0.000750
0.000000
0.000083
0.000088
0.000000
0.000000
0.000000
0.000000
0.004719
0.000678
0.000000
0.000050
0.000077
0.000000
0.000000
0.000000
0.000000
0.000000
0.000000
0.000000
0.000000
0.000000
0.000000
0.000000
0.000000
0.000000
0.000000
0.000000
0.000000
0.000000
0.000000
0.000358
0.000007
0.000000
0.000000
0.000000
0.000000
0.000190
0.000045
0.000873
0.000010
0.000004
0.000043
0.000000
0.000000
0.000000
0.000117
0.000555
0.000386
0.000000
0.000000
0.000019
0.000000
0.000000
0.000000
0.000000
0.000000
0.000000
0.000000
0.000000
0.000000
0.000000
0.000000
0.000000
0.000000
0.000000
0.000000
0.000000
0.000000
0.000000
0.000097
0.000000
0.000000
0.000006
0.000000
0.000000
0.000023
0.000000
0.000000
0.000029
0.000000
0.000022
0.000095
0.000000
0.000000
0.000073
0.000000
0.000018
0.000066
0.000000
0.000007
0.000000
0.000000
0.000000
0.000000
0.000000
0.000000
0.000000
0.000000
0.000000
0.000000
0.000000
0.000000
0.000000
0.000000
0.000000
0.000000
0.000000
0.000000
0.000046
0.000000
0.000000
0.000000
0.000012
0.000012
0.000000
0.000009
0.000012
0.000000
0.000083
0.000098
0.000000
0.000011
0.000000
0.000000
0.000267
0.000002
0.000000
0.000049
0.000012
0.000000
0.000000
0.000000
0.000000
0.000000
0.000000
0.000000
0.000000
0.000000
0.000000
0.000000
0.000000
0.000000
0.000000
0.000000
0.000000
0.000000
0.000000
0.000032
0.000000
0.000000
0.000000
0.000000
0.000056
0.000000
0.000000
0.000061
0.000012
0.000000
0.000126
0.000000
0.000067
0.000000
0.000003
0.000128
0.000019
0.000049
0.000007
0.000051
