0.005856
0.010582
0.009265
0.003056
0.008735
0.004921
0.001626
0.001534
0.001927
0.000622
0.002195
0.000299
0.000481
0.002123
0.000764
0.000131
0.000106
0.000056
0.584888
0.000099
0.030856
0.050071
0.036632
0.059138
0.047293
0.027734
0.037614
0.017018
0.007400
0.018877
0.002287
0.008857
0.001727
0.004457
0.007565
0.001867
0.000525
0.000469
0.000346
0.003396
0.000000
0.001519
0.000000
0.000000
0.000000
0.000260
0.000000
0.000187
0.000136
0.000000
0.000039
0.000000
0.000000
0.000000
0.000000
0.000000
0.000019
0.000000
0.000000
0.000032
0.000000
0.000000
0.000000
0.000000
0.000000
0.000000
0.000000
0.000000
0.000000
0.000000
0.000000
0.000000
0.000000
0.000000
0.000000
0.000000
0.000000
0.000000
0.000000
0.007972
0.001802
0.000000
0.000000
0.000000
0.000000
0.000221
0.000019
0.000000
0.000541
0.000000
0.000000
0.000000
0.000000
0.000000
0.000000
0.000000
0.000000
0.000000
0.000066
0.000000
0.000000
0.000000
0.000000
0.000000
0.000000
0.000000
0.000000
0.000000
0.000000
0.000000
0.000000
0.000000
0.000000
0.000000
0.000000
0.000000
0.000000
0.001431
0.001455
0.005564
0.000000
0.000000
0.000000
0.000019
0.000085
0.000668
0.000000
0.000000
0.000073
0.000000
0.000000
0.000000
0.000000
0.000000
0.000000
0.000000
0.000000
0.000000
0.000000
0.000000
0.000000
0.000000
0.000000
0.000000
0.000000
0.000000
0.000000
0.000000
0.000000
0.000000
0.000000
0.000000
0.000000
0.000000
0.000000
0.000000
0.000000
0.000000
0.000000
0.002288
0.000000
0.000307
0.000341
0.000000
0.000000
0.000000
0.000000
0.000000
0.000123
0.000000
0.000000
0.000000
0.000000
0.000000
0.000000
0.000000
0.000000
0.000000
0.000000
0.000000
0.000000
0.000000
0.000000
0.000000
0.000000
0.000000
0.000000
0.000000
0.000000
0.000000
0.000000
0.000000
0.000000
0.000000
0.000000
0.000000
0.000000
0.000000
0.000000
0.006942
0.000742
0.000000
0.000294
0.000021
0.000000
0.000000
0.000000
0.000000
0.000732
0.000000
0.000000
0.000000
0.000000
0.000000
0.000000
0.000034
0.000000
0.000000
0.000000
0.000000
0.000000
0.000000
0.000000
0.000000
0.000000
0.000000
0.000000
0.000000
0.000000
0.000000
0.000000
0.000000
0.000000
0.000000
0.000000
0.000000
0.000000
0.000305
0.001104
0.002992
0.000058
0.000019
0.000085
0.000000
0.000000
0.000000
0.000000
0.000024
0.000294
0.000000
0.000000
0.000019
0.000000
0.000000
0.000034
0.000000
0.000000
0.000000
0.000000
0.000000
0.000000
0.000000
0.000000
0.000000
0.000000
0.000000
0.000000
0.000000
0.000000
0.000000
0.000000
0.000000
0.000000
0.000412
0.000000
0.000069
0.000262
0.000000
0.000000
0.000688
0.000000
0.000085
0.000020
0.000000
0.000000
0.000000
0.000000
0.000000
0.000056
0.000000
0.000000
0.000000
0.000000
0.000034
0.000000
0.000000
0.000000
0.000000
0.000000
0.000000
0.000000
0.000000
0.000000
0.000000
0.000000
0.000000
0.000000
0.000000
0.000000
0.000000
0.000000
0.000000
0.000000
0.000566
0.000000
0.000000
0.000359
0.000019
0.000000
0.000326
0.000272
0.000000
0.000000
0.000000
0.000000
0.000000
0.000000
0.000000
0.000000
0.000000
0.000000
0.000000
0.000000
0.000000
0.000000
0.000000
0.000000
0.000000
0.000000
0.000000
0.000000
0.000000
0.000000
0.000000
0.000000
0.000000
0.000000
0.000000
0.000000
0.000000
0.000000
0.000039
0.000000
0.000136
0.000053
0.000000
0.000693
0.000140
0.000287
0.000566
0.000000
0.000000
0.000000
0.000000
0.000000
0.000000
0.000021
0.000000
0.000000
0.000000
0.000000
0.000000
0.000000
0.000000
0.000000
0.000000
0.000000
0.000000
0.000000
0.000000
0.000000
0.000000
0.000000
0.000000
0.000000
0.000000
0.000000
0.000000
0.000000
0.000000
0.000130
0.000000
0.000000
0.000000
0.000000
0.000000
0.000000
0.000000
0.000000
0.000229
0.000000
0.000055
0.000000
0.000000
0.000000
0.000034
0.000000
0.000000
0.000175
0.000000
0.000000
0.000000
0.000000
0.000000
0.000000
0.000000
0.000000
0.000000
0.000000
0.000000
0.000000
0.000000
0.000000
0.000000
0.000000
0.000000
0.000000
0.000000
0.000000
0.000000
0.000528
0.000058
0.000000
0.000000
0.000000
0.000000
0.000019
0.000000
0.000000
0.000901
0.000055
0.000000
0.000000
0.000000
0.000000
0.000037
0.000000
0.000600
0.000000
0.000000
0.000000
0.000000
0.000000
0.000000
0.000000
0.000000
0.000000
0.000000
0.000000
0.000000
0.000000
0.000000
0.000000
0.000000
0.000000
0.000000
0.000000
0.000000
0.000000
0.000000
0.000130
0.000000
0.000000
0.000000
0.000000
0.000000
0.000000
0.000000
0.000059
0.000039
0.000000
0.000000
0.000000
0.000000
0.000000
0.000000
0.000053
0.000000
0.000000
0.000000
0.000000
0.000000
0.000000
0.000000
0.000000
0.000000
0.000000
0.000000
0.000000
0.000019
0.000000
0.000000
0.000000
0.000000
0.000000
0.000000
0.000000
0.000000
0.000000
0.000000
0.000073
0.000000
0.000000
0.000034
0.000000
0.000000
0.000000
0.000000
0.000000
0.000118
0.000000
0.000020
0.000021
0.000000
0.000000
0.000215
0.000000
0.000000
0.000000
0.000000
0.000000
0.000000
0.000000
0.000000
0.000000
0.000000
0.000000
0.000000
0.000000
0.000000
0.000000
0.000000
0.000000
0.000000
0.000000
0.000000
0.000000
0.000000
0.000000
0.000000
0.000220
0.000108
0.000000
0.000000
0.000000
0.000000
0.000000
0.000000
0.000000
0.000990
0.000038
0.000000
0.000000
0.000000
0.000774
0.000000
0.000000
0.000000
0.000000
0.000000
0.000000
0.000000
0.000000
0.000000
0.000000
0.000000
0.000000
0.000000
0.000000
0.000000
0.000000
0.000000
0.000000
0.000000
0.000000
0.000000
0.000000
0.000000
0.000045
0.000053
0.000074
0.000000
0.000000
0.000000
0.000000
0.000000
0.000000
0.000055
0.000019
0.000300
0.000000
0.000000
0.000000
0.000221
0.000000
0.000000
0.000000
0.000000
0.000000
0.000000
0.000000
0.000000
0.000000
0.000000
0.000000
0.000000
0.000000
0.000000
0.000000
0.000000
0.000000
0.000000
0.000000
0.000000
0.000000
0.000000
0.000000
0.000000
0.000000
0.000000
0.000055
0.000000
0.000000
0.000019
0.000000
0.000000
0.000037
0.000000
0.000000
0.000000
0.000000
0.000000
0.000021
0.000000
0.000000
0.000000
0.000000
0.000000
0.000000
0.000000
0.000000
0.000000
0.000000
0.000000
0.000000
0.000000
0.000000
0.000000
0.000000
0.000000
0.000000
0.000000
0.000000
0.000000
0.000034
0.000000
0.000000
0.000000
0.000000
0.000000
0.000037
0.000000
0.000000
0.000000
0.000000
0.000000
0.000000
0.000000
0.000000
0.000034
0.000000
0.000000
0.000000
0.000000
0.000000
0.000000
0.000000
0.000000
0.000000
0.000000
0.000000
0.000000
0.000000
0.000000
0.000000
0.000000
0.000000
0.000000
0.000000
0.000000
0.000000
0.000000
0.000000
0.000000
0.000000
0.000000
0.000000
0.000000
0.000000
0.000000
0.000000
0.000000
0.000000
0.000019
0.000000
0.000000
0.000000
0.000000
0.000000
0.000019
0.000019
0.000000
0.000000
0.000000
0.000000
0.000000
0.000000
0.000000
0.000000
0.000000
0.000000
0.000000
0.000000
0.000000
0.000000
0.000000
0.000000
0.000000
0.000000
0.000000
0.000000
0.000000
0.000000
0.000000
0.000000
0.000000
0.000000
0.000000
0.000000
0.000000
0.000219
0.000676
0.000020
0.000114
0.000325
0.000113
0.000000
0.000034
0.000000
0.575223
0.000000
0.000000
0.000000
0.000000
0.000000
0.000000
0.000000
0.000000
0.000000
0.000000
0.000000
0.000437
0.001705
0.000568
0.001694
0.002567
0.000237
0.000000
0.000026
0.000000
0.000000
0.000000
0.000000
0.000000
0.000000
0.000000
0.000000
0.000000
0.000032
0.000000
0.000000
0.000000
0.000034
0.000000
0.000000
0.000000
0.000000
0.000000
0.000000
0.000032
0.000000
0.000000
0.000000
0.000000
0.000000
0.000000
0.000000
0.000000
0.000000
0.000000
0.000000
0.000000
0.000000
0.000000
0.000000
0.000000
0.000000
0.000000
0.000000
0.000463
0.000066
0.000000
0.000032
0.000087
0.000000
0.000032
0.000253
0.000000
0.000000
0.000000
0.000000
0.000000
0.000000
0.000000
0.000000
0.000000
0.000000
0.000000
0.000000
0.029620
0.000000
0.000000
0.000098
0.000067
0.000000
0.000066
0.000069
0.000000
0.000066
0.000000
0.000000
0.000000
0.000000
0.000000
0.000000
0.000000
0.000000
0.000000
0.000000
0.000000
0.000000
0.000000
0.000000
0.000000
0.000000
0.000000
0.000000
0.000000
0.000000
0.000000
0.000000
0.000000
0.000000
0.000000
0.000000
0.000000
0.000000
0.000000
0.000071
0.037832
0.000000
0.008900
0.000000
0.000000
0.000000
0.002055
0.000000
0.000601
0.000650
0.000000
0.000093
0.000000
0.000000
0.000000
0.000062
0.000000
0.000000
0.000000
0.000000
0.000000
0.000000
0.000000
0.000000
0.000000
0.000000
0.000000
0.000000
0.000000
0.000000
0.000000
0.000000
0.000000
0.000000
0.000000
0.000000
0.000000
0.000032
0.000024
0.000000
0.025718
0.006741
0.000000
0.000000
0.000000
0.000000
0.001332
0.000320
0.000000
0.002521
0.000000
0.000000
0.000000
0.000000
0.000000
0.000049
0.000000
0.000000
0.000000
0.000000
0.000000
0.000000
0.000000
0.000000
0.000000
0.000000
0.000000
0.000000
0.000000
0.000000
0.000000
0.000000
0.000000
0.000000
0.000000
0.000000
0.000000
0.000570
0.007380
0.007912
0.038271
0.000000
0.000000
0.000000
0.000422
0.000324
0.003086
0.000111
0.000766
0.000405
0.000000
0.000000
0.000000
0.000000
0.000000
0.000055
0.000000
0.000000
0.000000
0.000000
0.000000
0.000000
0.000000
0.000000
0.000000
0.000000
0.000000
0.000000
0.000000
0.000000
0.000000
0.000000
0.000000
0.000000
0.000000
0.000000
0.000385
0.000000
0.000000
0.000000
0.033784
0.000000
0.007148
0.004413
0.000000
0.001020
0.000000
0.000000
0.000000
0.000576
0.000000
0.000000
0.000126
0.000000
0.000000
0.000000
0.000000
0.000000
0.000000
0.000000
0.000000
0.000000
0.000000
0.000000
0.000000
0.000000
0.000000
0.000000
0.000000
0.000000
0.000000
0.000000
0.000000
0.000000
0.000000
0.000000
0.000000
0.000000
0.000000
0.000000
0.019780
0.004743
0.000000
0.001301
0.000914
0.000000
0.000000
0.000000
0.000000
0.001007
0.000043
0.000000
0.000000
0.000000
0.000000
0.000000
0.000000
0.000000
0.000000
0.000000
0.000000
0.000000
0.000000
0.000000
0.000000
0.000000
0.000000
0.000000
0.000000
0.000000
0.000000
0.000000
0.000000
0.000000
0.000020
0.000000
0.000000
0.000000
0.007714
0.003747
0.021433
0.000674
0.000656
0.002466
0.000000
0.000000
0.000000
0.000000
0.000606
0.000397
0.000000
0.000000
0.000000
0.000000
0.000000
0.000000
0.000000
0.000000
0.000000
0.000000
0.000000
0.000000
0.000000
0.000000
0.000000
0.000000
0.000000
0.000000
0.000000
0.000000
0.000000
0.000000
0.000000
0.000000
0.004147
0.000000
0.000768
0.003730
0.000000
0.000239
0.006857
0.000000
0.001282
0.000000
0.000000
0.000000
0.000020
0.000000
0.000000
0.000000
0.000000
0.000041
0.000000
0.000000
0.000000
0.000000
0.000000
0.000000
0.000000
0.000000
0.000000
0.000000
0.000000
0.000000
0.000000
0.000000
0.000000
0.000000
0.000000
0.000000
0.000000
0.000000
0.000000
0.000000
0.001505
0.000257
0.000000
0.001527
0.000709
0.000000
0.002380
0.000930
0.000000
0.000000
0.000000
0.000000
0.000054
0.000000
0.000000
0.000055
0.000000
0.000000
0.000000
0.000000
0.000000
0.000000
0.000000
0.000000
0.000000
0.000000
0.000000
0.000000
0.000000
0.000000
0.000000
0.000000
0.000000
0.000000
0.000000
0.000000
0.000000
0.000000
0.000595
0.000722
0.003115
0.000420
0.000572
0.001504
0.002409
0.001294
0.007885
0.000000
0.000000
0.000019
0.000024
0.000071
0.000000
0.000021
0.000124
0.000158
0.000000
0.000000
0.000000
0.000000
0.000000
0.000000
0.000000
0.000000
0.000000
0.000000
0.000000
0.000000
0.000000
0.000000
0.000000
0.000000
0.000000
0.000000
0.000887
0.000000
0.000000
0.000241
0.000000
0.000103
0.000000
0.000000
0.000000
0.000000
0.000000
0.000000
0.000953
0.000000
0.000032
0.000000
0.000000
0.000000
0.000079
0.000000
0.000000
0.000000
0.000000
0.000000
0.000000
0.000000
0.000000
0.000000
0.000000
0.000000
0.000000
0.000020
0.000000
0.000000
0.000000
0.000000
0.000000
0.000000
0.000000
0.003611
0.000000
0.000000
0.000000
0.000881
0.000158
0.000000
0.000000
0.000000
0.000000
0.000020
0.000085
0.000000
0.003529
0.000446
0.000000
0.000000
0.000000
0.000000
0.000110
0.000024
0.000000
0.000000
0.000000
0.000000
0.000000
0.000000
0.000000
0.000000
0.000000
0.000000
0.000000
0.000000
0.000000
0.000000
0.000000
0.000000
0.000000
0.000000
0.000100
0.000000
0.000000
0.000068
0.000000
0.000864
0.000000
0.000000
0.000000
0.000024
0.000000
0.000021
0.000145
0.000253
0.000168
0.000000
0.000000
0.000000
0.000019
0.000000
0.000069
0.000000
0.000000
0.000000
0.000000
0.000000
0.000000
0.000000
0.000000
0.000000
0.000000
0.000000
0.000000
0.000000
0.000041
0.000000
0.000000
0.000000
0.000000
0.000893
0.000000
0.000000
0.000000
0.000000
0.000000
0.001376
0.000000
0.000038
0.000019
0.000000
0.000024
0.000000
0.000000
0.000000
0.001853
0.000000
0.000205
0.000032
0.000000
0.000000
0.000000
0.000000
0.000000
0.000000
0.000000
0.000000
0.000000
0.000000
0.000000
0.000000
0.000000
0.000000
0.000000
0.000000
0.000000
0.000000
0.000000
0.000000
0.002001
0.000034
0.000032
0.000000
0.000000
0.000000
0.000000
0.001025
0.000602
0.000000
0.000091
0.000050
0.000000
0.000000
0.000000
0.000000
0.002975
0.000738
0.000000
0.000030
0.000000
0.000000
0.000000
0.000000
0.000000
0.000000
0.000000
0.000000
0.000000
0.000000
0.000000
0.000000
0.000000
0.000000
0.000000
0.000000
0.000000
0.000000
0.000000
0.000089
0.000000
0.000000
0.000000
0.000000
0.000000
0.000204
0.000000
0.000916
0.000000
0.000000
0.000058
0.000000
0.000000
0.000000
0.000272
0.000099
0.000231
0.000000
0.000000
0.000000
0.000000
0.000000
0.000000
0.000000
0.000000
0.000000
0.000000
0.000000
0.000000
0.000000
0.000000
0.000000
0.000000
0.000000
0.000000
0.000000
0.000000
0.000000
0.000188
0.000000
0.000000
0.000000
0.000000
0.000000
0.000019
0.000000
0.000000
0.000111
0.000000
0.000000
0.000000
0.000000
0.000000
0.000021
0.000000
0.000000
0.000188
0.000000
0.000000
0.000000
0.000000
0.000000
0.000000
0.000000
0.000000
0.000000
0.000000
0.000000
0.000000
0.000000
0.000000
0.000000
0.000000
0.000000
0.000000
0.000000
0.000000
0.000104
0.000000
0.000000
0.000000
0.000000
0.000026
0.000000
0.000021
0.000000
0.000000
0.000019
0.000100
0.000000
0.000000
0.000000
0.000000
0.000124
0.000000
0.000000
0.000075
0.000000
0.000000
0.000000
0.000000
0.000000
0.000000
0.000000
0.000000
0.000000
0.000000
0.000000
0.000000
0.000000
0.000000
0.000000
0.000000
0.000000
0.000000
0.000000
0.000045
0.000000
0.000000
0.000000
0.000000
0.000000
0.000069
0.000000
0.000000
0.000000
0.000000
0.000024
0.000000
0.000092
0.000000
0.000021
0.000075
0.000021
0.000000
0.000000
0.000000
