0.003885
0.006882
0.013488
0.001323
0.006369
0.009611
0.001772
0.002424
0.007661
0.001425
0.004627
0.002493
0.000921
0.005191
0.002123
0.000310
0.000802
0.001214
0.440804
0.001471
0.032635
0.029510
0.015177
0.109159
0.021852
0.026051
0.073926
0.017090
0.010408
0.072465
0.004911
0.018723
0.013536
0.003502
0.017804
0.010093
0.001424
0.002069
0.004867
0.002390
0.000000
0.000918
0.000000
0.000000
0.000000
0.000277
0.000000
0.000140
0.000018
0.000000
0.000012
0.000000
0.000000
0.000000
0.000000
0.000000
0.000000
0.000000
0.000000
0.000144
0.000000
0.000000
0.000000
0.000000
0.000000
0.000000
0.000000
0.000000
0.000000
0.000000
0.000000
0.000000
0.000000
0.000000
0.000000
0.000000
0.000000
0.000000
0.000000
0.004432
0.001268
0.000000
0.000000
0.000000
0.000000
0.000339
0.000123
0.000000
0.000424
0.000051
0.000000
0.000000
0.000000
0.000000
0.000019
0.000000
0.000000
0.000008
0.000219
0.000000
0.000000
0.000000
0.000000
0.000000
0.000000
0.000000
0.000000
0.000000
0.000000
0.000000
0.000000
0.000000
0.000000
0.000000
0.000000
0.000000
0.000000
0.000896
0.001222
0.008033
0.000000
0.000000
0.000000
0.000249
0.000183
0.001135
0.000134
0.000327
0.000615
0.000000
0.000000
0.000000
0.000006
0.000015
0.000081
0.000000
0.000168
0.000341
0.000000
0.000000
0.000000
0.000000
0.000000
0.000000
0.000000
0.000000
0.000000
0.000000
0.000000
0.000000
0.000000
0.000000
0.000000
0.000000
0.000000
0.000000
0.000000
0.000000
0.000000
0.000566
0.000000
0.000492
0.000140
0.000000
0.000030
0.000000
0.000000
0.000000
0.000058
0.000000
0.000009
0.000000
0.000000
0.000009
0.000000
0.000000
0.000025
0.000000
0.000000
0.000000
0.000000
0.000000
0.000000
0.000000
0.000000
0.000000
0.000000
0.000000
0.000000
0.000000
0.000000
0.000000
0.000000
0.000000
0.000000
0.000000
0.000000
0.000000
0.000000
0.003569
0.001026
0.000000
0.000336
0.000236
0.000000
0.000000
0.000000
0.000000
0.000748
0.000040
0.000000
0.000057
0.000000
0.000000
0.000009
0.000170
0.000000
0.000000
0.000000
0.000000
0.000000
0.000000
0.000000
0.000000
0.000000
0.000000
0.000000
0.000000
0.000000
0.000000
0.000000
0.000000
0.000000
0.000000
0.000000
0.000000
0.000000
0.000386
0.001255
0.005905
0.000028
0.000108
0.000799
0.000000
0.000000
0.000000
0.000088
0.000310
0.000367
0.000006
0.000000
0.000025
0.000000
0.000006
0.000218
0.000000
0.000000
0.000000
0.000000
0.000000
0.000000
0.000000
0.000000
0.000000
0.000000
0.000000
0.000000
0.000000
0.000000
0.000000
0.000000
0.000000
0.000000
0.000146
0.000000
0.000126
0.000186
0.000000
0.000100
0.000559
0.000000
0.000480
0.000010
0.000000
0.000000
0.000014
0.000000
0.000007
0.000048
0.000000
0.000040
0.000000
0.000000
0.000064
0.000000
0.000000
0.000000
0.000000
0.000000
0.000000
0.000000
0.000000
0.000000
0.000000
0.000000
0.000000
0.000000
0.000000
0.000000
0.000000
0.000000
0.000000
0.000000
0.000329
0.000067
0.000000
0.000348
0.000051
0.000000
0.000805
0.000378
0.000000
0.000012
0.000000
0.000000
0.000113
0.000007
0.000000
0.000164
0.000000
0.000000
0.000000
0.000087
0.000000
0.000000
0.000000
0.000000
0.000000
0.000000
0.000000
0.000000
0.000000
0.000000
0.000000
0.000000
0.000000
0.000000
0.000000
0.000000
0.000000
0.000000
0.000121
0.000111
0.001013
0.000083
0.000300
0.000867
0.000353
0.000416
0.003346
0.000011
0.000008
0.000033
0.000013
0.000105
0.000119
0.000005
0.000134
0.000430
0.000000
0.000008
0.000214
0.000000
0.000000
0.000000
0.000000
0.000000
0.000000
0.000000
0.000000
0.000000
0.000000
0.000000
0.000000
0.000000
0.000000
0.000000
0.000000
0.000000
0.000000
0.000066
0.000000
0.000258
0.000000
0.000000
0.000000
0.000009
0.000000
0.000000
0.000516
0.000000
0.000075
0.000000
0.000000
0.000000
0.000071
0.000000
0.000009
0.000363
0.000000
0.000000
0.000000
0.000000
0.000000
0.000000
0.000000
0.000000
0.000000
0.000000
0.000000
0.000000
0.000000
0.000000
0.000000
0.000000
0.000000
0.000000
0.000000
0.000000
0.000000
0.000498
0.000406
0.000000
0.000000
0.000000
0.000000
0.000062
0.000011
0.000000
0.001476
0.000657
0.000000
0.000000
0.000000
0.000000
0.000068
0.000116
0.001139
0.000015
0.000165
0.000000
0.000000
0.000000
0.000000
0.000000
0.000000
0.000000
0.000000
0.000000
0.000007
0.000043
0.000013
0.000000
0.000000
0.000000
0.000000
0.000000
0.000000
0.000175
0.000014
0.000933
0.000000
0.000000
0.000000
0.000000
0.000000
0.000054
0.000130
0.000184
0.000523
0.000000
0.000000
0.000000
0.000000
0.000000
0.000015
0.000361
0.000050
0.000014
0.000000
0.000000
0.000000
0.000000
0.000000
0.000000
0.000000
0.000000
0.000000
0.000000
0.000054
0.000000
0.000000
0.000000
0.000000
0.000000
0.000000
0.000000
0.000000
0.000000
0.000000
0.000055
0.000000
0.000023
0.000027
0.000000
0.000000
0.000000
0.000000
0.000000
0.000260
0.000000
0.000127
0.000017
0.000000
0.000071
0.000198
0.000013
0.000000
0.000000
0.000000
0.000000
0.000000
0.000000
0.000000
0.000000
0.000000
0.000000
0.000000
0.000000
0.000000
0.000025
0.000000
0.000010
0.000000
0.000000
0.000000
0.000000
0.000000
0.000000
0.000000
0.000711
0.000174
0.000000
0.000054
0.000165
0.000000
0.000000
0.000000
0.000000
0.001935
0.000220
0.000000
0.000082
0.000101
0.001518
0.000115
0.000046
0.000000
0.000000
0.000000
0.000000
0.000000
0.000000
0.000000
0.000000
0.000000
0.000000
0.000000
0.000000
0.000000
0.000037
0.000006
0.000000
0.000000
0.000000
0.000000
0.000000
0.000000
0.000005
0.000023
0.000636
0.000000
0.000005
0.000131
0.000000
0.000000
0.000000
0.000159
0.000114
0.000390
0.000000
0.000000
0.000142
0.000406
0.000054
0.000012
0.000000
0.000000
0.000000
0.000000
0.000000
0.000000
0.000000
0.000000
0.000000
0.000000
0.000000
0.000000
0.000000
0.000006
0.000000
0.000000
0.000000
0.000000
0.000000
0.000000
0.000017
0.000000
0.000000
0.000045
0.000075
0.000000
0.000037
0.000032
0.000000
0.000000
0.000015
0.000000
0.000000
0.000062
0.000000
0.000000
0.000018
0.000000
0.000012
0.000000
0.000000
0.000000
0.000000
0.000000
0.000000
0.000000
0.000000
0.000000
0.000000
0.000000
0.000000
0.000000
0.000000
0.000000
0.000000
0.000000
0.000000
0.000000
0.000005
0.000007
0.000000
0.000011
0.000000
0.000000
0.000078
0.000086
0.000000
0.000105
0.000000
0.000000
0.000193
0.000000
0.000000
0.000099
0.000052
0.000132
0.000000
0.000000
0.000000
0.000000
0.000000
0.000000
0.000000
0.000000
0.000000
0.000000
0.000000
0.000000
0.000000
0.000000
0.000000
0.000000
0.000041
0.000000
0.000000
0.000000
0.000019
0.000000
0.000012
0.000000
0.000000
0.000032
0.000017
0.000000
0.000481
0.000087
0.000046
0.000045
0.000000
0.000088
0.000143
0.000000
0.000083
0.000044
0.000031
0.000013
0.000019
0.000000
0.000000
0.000000
0.000000
0.000000
0.000000
0.000000
0.000000
0.000000
0.000000
0.000000
0.000000
0.000000
0.000000
0.000000
0.000000
0.000000
0.000000
0.000000
0.000000
0.000000
0.000000
0.000000
0.000000
0.000000
0.000000
0.000000
0.000385
0.001534
0.000361
0.000235
0.001442
0.000435
0.000098
0.000067
0.000028
0.415600
0.000000
0.000162
0.000000
0.000000
0.000000
0.000000
0.000000
0.000000
0.000000
0.000000
0.000000
0.001397
0.004672
0.002035
0.001518
0.005214
0.002017
0.000166
0.000187
0.000193
0.000014
0.000000
0.000087
0.000000
0.000073
0.000015
0.000000
0.000006
0.000000
0.000015
0.000124
0.000062
0.000000
0.000031
0.000201
0.000000
0.000010
0.000033
0.000000
0.000362
0.000000
0.000000
0.000000
0.000089
0.000009
0.000000
0.000075
0.000000
0.000000
0.000000
0.000000
0.000062
0.000038
0.000000
0.000100
0.000027
0.000000
0.000013
0.000045
0.000083
0.000153
0.000373
0.000022
0.000087
0.000296
0.000051
0.000045
0.000098
0.000000
0.000034
0.000025
0.000000
0.000058
0.000017
0.000000
0.000000
0.000014
0.000043
0.000000
0.029418
0.000222
0.000040
0.000483
0.000146
0.000096
0.000381
0.000144
0.000026
0.000418
0.000013
0.000017
0.000024
0.000000
0.000025
0.000007
0.000008
0.000000
0.000000
0.000000
0.000000
0.000000
0.000000
0.000000
0.000000
0.000000
0.000000
0.000000
0.000000
0.000000
0.000000
0.000000
0.000000
0.000000
0.000000
0.000000
0.000000
0.000000
0.000000
0.000083
0.015504
0.000000
0.009829
0.000000
0.000000
0.000000
0.002130
0.000000
0.001249
0.000486
0.000000
0.000383
0.000000
0.000000
0.000000
0.000061
0.000000
0.000036
0.000000
0.000000
0.000000
0.000000
0.000000
0.000000
0.000000
0.000000
0.000000
0.000000
0.000000
0.000000
0.000000
0.000000
0.000000
0.000000
0.000000
0.000000
0.000000
0.000019
0.000152
0.000000
0.006989
0.003477
0.000000
0.000000
0.000000
0.000000
0.001608
0.000586
0.000000
0.002251
0.000141
0.000000
0.000000
0.000000
0.000000
0.000088
0.000000
0.000000
0.000000
0.000000
0.000000
0.000000
0.000000
0.000000
0.000000
0.000000
0.000000
0.000000
0.000000
0.000000
0.000000
0.000000
0.000000
0.000000
0.000000
0.000000
0.000064
0.000288
0.009801
0.005937
0.073648
0.000000
0.000000
0.000000
0.001284
0.001089
0.010700
0.000334
0.002244
0.004157
0.000000
0.000000
0.000000
0.000019
0.000061
0.000605
0.000000
0.000000
0.000000
0.000000
0.000000
0.000000
0.000000
0.000000
0.000000
0.000000
0.000000
0.000000
0.000000
0.000000
0.000000
0.000000
0.000000
0.000000
0.000000
0.000000
0.000077
0.000000
0.000000
0.000000
0.012751
0.000000
0.005977
0.001508
0.000000
0.001192
0.000000
0.000000
0.000000
0.000191
0.000000
0.000174
0.000019
0.000000
0.000098
0.000000
0.000000
0.000000
0.000000
0.000000
0.000000
0.000000
0.000000
0.000000
0.000000
0.000000
0.000000
0.000000
0.000000
0.000000
0.000000
0.000000
0.000000
0.000000
0.000025
0.000178
0.000000
0.000000
0.000000
0.000000
0.013993
0.007164
0.000000
0.000864
0.002074
0.000000
0.000000
0.000000
0.000000
0.001876
0.000012
0.000000
0.000005
0.000000
0.000000
0.000000
0.000000
0.000000
0.000000
0.000000
0.000000
0.000000
0.000000
0.000000
0.000000
0.000000
0.000000
0.000000
0.000000
0.000000
0.000000
0.000000
0.000000
0.000000
0.000197
0.000000
0.000000
0.000000
0.006081
0.005949
0.045214
0.001527
0.000517
0.011417
0.000000
0.000000
0.000000
0.000020
0.001451
0.001884
0.000011
0.000000
0.000117
0.000000
0.000000
0.000000
0.000000
0.000000
0.000000
0.000000
0.000000
0.000000
0.000000
0.000000
0.000000
0.000000
0.000000
0.000000
0.000000
0.000000
0.000000
0.000000
0.000000
0.000050
0.001251
0.000000
0.001965
0.001029
0.000000
0.001115
0.006207
0.000000
0.004468
0.000192
0.000000
0.000086
0.000087
0.000000
0.000103
0.000367
0.000000
0.000339
0.000000
0.000000
0.000000
0.000000
0.000000
0.000000
0.000000
0.000000
0.000000
0.000000
0.000000
0.000000
0.000000
0.000000
0.000000
0.000000
0.000000
0.000000
0.000000
0.000005
0.000090
0.000000
0.000817
0.000525
0.000000
0.002172
0.000935
0.000000
0.003378
0.001806
0.000000
0.000115
0.000000
0.000000
0.000258
0.000007
0.000000
0.000382
0.000000
0.000000
0.000000
0.000000
0.000000
0.000000
0.000000
0.000000
0.000000
0.000000
0.000000
0.000000
0.000000
0.000000
0.000000
0.000000
0.000000
0.000000
0.000000
0.000000
0.000081
0.000198
0.001754
0.001003
0.014444
0.000880
0.001404
0.006944
0.004026
0.002767
0.035485
0.000073
0.000352
0.000550
0.000023
0.000360
0.001048
0.000064
0.000497
0.001239
0.000000
0.000000
0.000000
0.000000
0.000000
0.000000
0.000000
0.000000
0.000000
0.000012
0.000069
0.000000
0.000000
0.000000
0.000000
0.000000
0.000000
0.000000
0.001500
0.000000
0.000009
0.000513
0.000000
0.000338
0.000000
0.000000
0.000000
0.000077
0.000000
0.000016
0.001783
0.000061
0.000430
0.000000
0.000000
0.000015
0.000113
0.000000
0.000014
0.000000
0.000000
0.000000
0.000000
0.000000
0.000000
0.000000
0.000000
0.000000
0.000009
0.000118
0.000052
0.000000
0.000000
0.000000
0.000000
0.000000
0.000000
0.007682
0.000076
0.000017
0.000000
0.000488
0.001212
0.000000
0.000000
0.000000
0.000000
0.000007
0.000105
0.000014
0.005635
0.002717
0.000000
0.000071
0.000000
0.000000
0.000132
0.000407
0.000000
0.000000
0.000000
0.000000
0.000000
0.000000
0.000000
0.000000
0.000000
0.000000
0.000061
0.000000
0.000000
0.000039
0.000000
0.000000
0.000000
0.000007
0.001646
0.000054
0.000039
0.000608
0.000023
0.003962
0.000000
0.000000
0.000000
0.000034
0.000000
0.000520
0.000447
0.003024
0.002931
0.000000
0.000000
0.000000
0.000000
0.000000
0.000259
0.000000
0.000000
0.000000
0.000000
0.000000
0.000000
0.000000
0.000000
0.000000
0.000000
0.000000
0.000007
0.000000
0.000011
0.000000
0.000000
0.000000
0.000000
0.000814
0.000010
0.000010
0.000000
0.000000
0.000000
0.000614
0.000000
0.000240
0.000055
0.000000
0.000036
0.000000
0.000006
0.000000
0.001098
0.000000
0.000264
0.000244
0.000000
0.000116
0.000000
0.000000
0.000000
0.000000
0.000000
0.000000
0.000000
0.000000
0.000000
0.000074
0.000062
0.000000
0.000000
0.000025
0.000000
0.000000
0.000012
0.000007
0.006319
0.000104
0.000025
0.000000
0.000000
0.000000
0.000000
0.001015
0.001496
0.000000
0.000059
0.000265
0.000000
0.000000
0.000000
0.000011
0.005558
0.002070
0.000000
0.000157
0.000498
0.000000
0.000000
0.000000
0.000000
0.000000
0.000000
0.000000
0.000000
0.000000
0.000000
0.000000
0.000000
0.000086
0.000011
0.000013
0.000000
0.000000
0.000000
0.001425
0.000104
0.000006
0.000000
0.000000
0.000000
0.000416
0.000105
0.003292
0.000000
0.000000
0.000506
0.000000
0.000000
0.000000
0.000259
0.001616
0.002059
0.000000
0.000000
0.000172
0.000000
0.000000
0.000000
0.000000
0.000000
0.000000
0.000000
0.000000
0.000000
0.000000
0.000000
0.000000
0.000000
0.000000
0.000000
0.000000
0.000000
0.000000
0.000330
0.000000
0.000000
0.000077
0.000000
0.000013
0.000036
0.000000
0.000042
0.000150
0.000000
0.000114
0.000127
0.000000
0.000000
0.000256
0.000007
0.000000
0.000182
0.000000
0.000102
0.000000
0.000000
0.000000
0.000000
0.000000
0.000000
0.000000
0.000000
0.000000
0.000000
0.000072
0.000000
0.000000
0.000000
0.000000
0.000000
0.000000
0.000000
0.000474
0.000050
0.000000
0.000000
0.000014
0.000010
0.000000
0.000000
0.000005
0.000000
0.000081
0.000277
0.000000
0.000170
0.000000
0.000000
0.000603
0.000000
0.000000
0.000171
0.000159
0.000000
0.000000
0.000000
0.000000
0.000000
0.000000
0.000000
0.000000
0.000000
0.000000
0.000000
0.000000
0.000000
0.000000
0.000000
0.000000
0.000000
0.000000
0.000314
0.000077
0.000014
0.000023
0.000000
0.000273
0.000000
0.000000
0.000118
0.000100
0.000000
0.001400
0.000065
0.000208
0.000160
0.000013
0.000683
0.000399
0.000183
0.000381
0.000501
