0.003884
0.006869
0.013587
0.001313
0.006365
0.009555
0.001766
0.002409
0.007767
0.001437
0.004591
0.002611
0.000918
0.005198
0.002126
0.000309
0.000857
0.001209
0.439241
0.001466
0.032522
0.029748
0.015095
0.109496
0.021475
0.026376
0.073562
0.017197
0.010459
0.073455
0.004789
0.018459
0.013593
0.003412
0.018065
0.010131
0.001406
0.002054
0.005227
0.002382
0.000000
0.000928
0.000000
0.000000
0.000000
0.000276
0.000000
0.000140
0.000018
0.000000
0.000012
0.000000
0.000000
0.000000
0.000000
0.000000
0.000000
0.000000
0.000000
0.000143
0.000000
0.000000
0.000000
0.000000
0.000000
0.000000
0.000000
0.000000
0.000000
0.000000
0.000000
0.000000
0.000000
0.000000
0.000000
0.000000
0.000000
0.000000
0.000000
0.004428
0.001276
0.000000
0.000000
0.000000
0.000000
0.000338
0.000122
0.000000
0.000409
0.000051
0.000000
0.000000
0.000000
0.000000
0.000019
0.000000
0.000000
0.000008
0.000218
0.000000
0.000000
0.000000
0.000000
0.000000
0.000000
0.000000
0.000000
0.000000
0.000000
0.000000
0.000000
0.000000
0.000000
0.000000
0.000000
0.000000
0.000000
0.000905
0.001231
0.008055
0.000000
0.000000
0.000000
0.000248
0.000182
0.001144
0.000134
0.000326
0.000671
0.000000
0.000000
0.000000
0.000006
0.000015
0.000081
0.000000
0.000167
0.000340
0.000000
0.000000
0.000000
0.000000
0.000000
0.000000
0.000000
0.000000
0.000000
0.000000
0.000000
0.000000
0.000000
0.000000
0.000000
0.000000
0.000000
0.000000
0.000000
0.000000
0.000000
0.000558
0.000000
0.000492
0.000139
0.000000
0.000030
0.000000
0.000000
0.000000
0.000057
0.000000
0.000009
0.000000
0.000000
0.000009
0.000000
0.000000
0.000025
0.000000
0.000000
0.000000
0.000000
0.000000
0.000000
0.000000
0.000000
0.000000
0.000000
0.000000
0.000000
0.000000
0.000000
0.000000
0.000000
0.000000
0.000000
0.000000
0.000000
0.000000
0.000000
0.003573
0.001031
0.000000
0.000335
0.000235
0.000000
0.000000
0.000000
0.000000
0.000739
0.000040
0.000000
0.000057
0.000000
0.000000
0.000009
0.000169
0.000000
0.000000
0.000000
0.000000
0.000000
0.000000
0.000000
0.000000
0.000000
0.000000
0.000000
0.000000
0.000000
0.000000
0.000000
0.000000
0.000000
0.000000
0.000000
0.000000
0.000000
0.000387
0.001244
0.005849
0.000027
0.000101
0.000805
0.000000
0.000000
0.000000
0.000088
0.000318
0.000374
0.000006
0.000000
0.000025
0.000000
0.000006
0.000218
0.000000
0.000000
0.000000
0.000000
0.000000
0.000000
0.000000
0.000000
0.000000
0.000000
0.000000
0.000000
0.000000
0.000000
0.000000
0.000000
0.000000
0.000000
0.000145
0.000000
0.000125
0.000185
0.000000
0.000100
0.000557
0.000000
0.000479
0.000010
0.000000
0.000000
0.000014
0.000000
0.000007
0.000047
0.000000
0.000040
0.000000
0.000000
0.000064
0.000000
0.000000
0.000000
0.000000
0.000000
0.000000
0.000000
0.000000
0.000000
0.000000
0.000000
0.000000
0.000000
0.000000
0.000000
0.000000
0.000000
0.000000
0.000000
0.000321
0.000067
0.000000
0.000347
0.000051
0.000000
0.000802
0.000377
0.000000
0.000012
0.000000
0.000000
0.000113
0.000007
0.000000
0.000163
0.000000
0.000000
0.000000
0.000087
0.000000
0.000000
0.000000
0.000000
0.000000
0.000000
0.000000
0.000000
0.000000
0.000000
0.000000
0.000000
0.000000
0.000000
0.000000
0.000000
0.000000
0.000000
0.000121
0.000110
0.001068
0.000083
0.000307
0.000873
0.000351
0.000415
0.003379
0.000011
0.000008
0.000033
0.000013
0.000117
0.000119
0.000005
0.000134
0.000428
0.000000
0.000007
0.000214
0.000000
0.000000
0.000000
0.000000
0.000000
0.000000
0.000000
0.000000
0.000000
0.000000
0.000000
0.000000
0.000000
0.000000
0.000000
0.000000
0.000000
0.000000
0.000066
0.000000
0.000257
0.000000
0.000000
0.000000
0.000009
0.000000
0.000008
0.000522
0.000000
0.000075
0.000000
0.000000
0.000000
0.000071
0.000000
0.000009
0.000362
0.000000
0.000000
0.000000
0.000000
0.000000
0.000000
0.000000
0.000000
0.000000
0.000000
0.000000
0.000000
0.000000
0.000000
0.000000
0.000000
0.000000
0.000000
0.000000
0.000000
0.000000
0.000496
0.000404
0.000000
0.000000
0.000000
0.000000
0.000062
0.000011
0.000000
0.001464
0.000655
0.000000
0.000000
0.000000
0.000000
0.000067
0.000116
0.001128
0.000015
0.000165
0.000000
0.000000
0.000000
0.000000
0.000000
0.000000
0.000000
0.000000
0.000000
0.000000
0.000043
0.000013
0.000000
0.000000
0.000000
0.000000
0.000000
0.000000
0.000174
0.000007
0.000943
0.000000
0.000000
0.000000
0.000000
0.000000
0.000054
0.000130
0.000183
0.000586
0.000000
0.000000
0.000000
0.000000
0.000000
0.000015
0.000419
0.000050
0.000014
0.000000
0.000000
0.000000
0.000000
0.000000
0.000000
0.000000
0.000000
0.000000
0.000000
0.000054
0.000000
0.000000
0.000000
0.000000
0.000000
0.000000
0.000000
0.000000
0.000000
0.000000
0.000055
0.000000
0.000023
0.000027
0.000000
0.000000
0.000000
0.000000
0.000000
0.000259
0.000000
0.000127
0.000017
0.000000
0.000071
0.000197
0.000013
0.000000
0.000000
0.000000
0.000000
0.000000
0.000000
0.000000
0.000000
0.000000
0.000000
0.000000
0.000000
0.000000
0.000025
0.000000
0.000010
0.000000
0.000000
0.000000
0.000000
0.000000
0.000000
0.000000
0.000709
0.000167
0.000000
0.000054
0.000164
0.000000
0.000000
0.000000
0.000000
0.001935
0.000221
0.000000
0.000082
0.000101
0.001523
0.000114
0.000046
0.000000
0.000000
0.000000
0.000000
0.000000
0.000000
0.000000
0.000000
0.000000
0.000000
0.000000
0.000000
0.000000
0.000049
0.000006
0.000000
0.000000
0.000000
0.000000
0.000000
0.000000
0.000005
0.000022
0.000635
0.000000
0.000005
0.000130
0.000000
0.000000
0.000000
0.000159
0.000122
0.000388
0.000000
0.000000
0.000141
0.000405
0.000054
0.000012
0.000000
0.000000
0.000000
0.000000
0.000000
0.000000
0.000000
0.000000
0.000000
0.000000
0.000000
0.000000
0.000000
0.000006
0.000000
0.000000
0.000000
0.000000
0.000000
0.000000
0.000017
0.000000
0.000000
0.000045
0.000074
0.000000
0.000037
0.000032
0.000000
0.000000
0.000015
0.000000
0.000000
0.000062
0.000000
0.000000
0.000017
0.000000
0.000012
0.000000
0.000000
0.000000
0.000000
0.000000
0.000000
0.000000
0.000000
0.000000
0.000000
0.000000
0.000000
0.000000
0.000000
0.000000
0.000000
0.000000
0.000000
0.000000
0.000005
0.000007
0.000000
0.000011
0.000000
0.000000
0.000077
0.000144
0.000000
0.000105
0.000000
0.000000
0.000192
0.000000
0.000000
0.000098
0.000051
0.000132
0.000000
0.000000
0.000000
0.000000
0.000000
0.000000
0.000000
0.000000
0.000000
0.000000
0.000000
0.000000
0.000000
0.000000
0.000000
0.000000
0.000041
0.000000
0.000000
0.000000
0.000019
0.000000
0.000012
0.000000
0.000000
0.000032
0.000017
0.000000
0.000479
0.000087
0.000046
0.000045
0.000000
0.000088
0.000143
0.000000
0.000082
0.000044
0.000030
0.000013
0.000019
0.000000
0.000000
0.000000
0.000000
0.000000
0.000000
0.000000
0.000000
0.000000
0.000000
0.000000
0.000000
0.000000
0.000000
0.000000
0.000000
0.000000
0.000000
0.000000
0.000000
0.000000
0.000000
0.000000
0.000000
0.000000
0.000000
0.000000
0.000392
0.001529
0.000366
0.000234
0.001432
0.000434
0.000098
0.000126
0.000028
0.413898
0.000000
0.000162
0.000000
0.000000
0.000000
0.000000
0.000000
0.000000
0.000000
0.000000
0.000000
0.001334
0.004664
0.002061
0.001473
0.005284
0.001983
0.000152
0.000186
0.000308
0.000014
0.000000
0.000087
0.000000
0.000073
0.000015
0.000000
0.000006
0.000000
0.000014
0.000123
0.000062
0.000000
0.000031
0.000201
0.000000
0.000010
0.000033
0.000000
0.000361
0.000000
0.000000
0.000000
0.000089
0.000009
0.000000
0.000074
0.000000
0.000000
0.000000
0.000000
0.000062
0.000038
0.000000
0.000100
0.000027
0.000000
0.000013
0.000044
0.000082
0.000152
0.000372
0.000022
0.000087
0.000295
0.000051
0.000045
0.000098
0.000000
0.000034
0.000025
0.000000
0.000058
0.000016
0.000000
0.000000
0.000014
0.000043
0.000000
0.029316
0.000221
0.000040
0.000482
0.000145
0.000095
0.000379
0.000143
0.000026
0.000416
0.000013
0.000017
0.000024
0.000000
0.000025
0.000007
0.000008
0.000000
0.000000
0.000000
0.000000
0.000000
0.000000
0.000000
0.000000
0.000000
0.000000
0.000000
0.000000
0.000000
0.000000
0.000000
0.000000
0.000000
0.000000
0.000000
0.000000
0.000000
0.000000
0.000083
0.015699
0.000000
0.009846
0.000000
0.000000
0.000000
0.002116
0.000000
0.001297
0.000484
0.000000
0.000382
0.000000
0.000000
0.000000
0.000060
0.000000
0.000036
0.000000
0.000000
0.000000
0.000000
0.000000
0.000000
0.000000
0.000000
0.000000
0.000000
0.000000
0.000000
0.000000
0.000000
0.000000
0.000000
0.000000
0.000000
0.000000
0.000019
0.000151
0.000000
0.006895
0.003530
0.000000
0.000000
0.000000
0.000000
0.001594
0.000621
0.000000
0.002190
0.000141
0.000000
0.000000
0.000000
0.000000
0.000088
0.000000
0.000000
0.000000
0.000000
0.000000
0.000000
0.000000
0.000000
0.000000
0.000000
0.000000
0.000000
0.000000
0.000000
0.000000
0.000000
0.000000
0.000000
0.000000
0.000000
0.000064
0.000287
0.009786
0.005904
0.073832
0.000000
0.000000
0.000000
0.001292
0.001073
0.010957
0.000333
0.002203
0.004168
0.000000
0.000000
0.000000
0.000019
0.000061
0.000603
0.000000
0.000000
0.000000
0.000000
0.000000
0.000000
0.000000
0.000000
0.000000
0.000000
0.000000
0.000000
0.000000
0.000000
0.000000
0.000000
0.000000
0.000000
0.000000
0.000000
0.000076
0.000000
0.000000
0.000000
0.012501
0.000000
0.005869
0.001533
0.000000
0.001147
0.000000
0.000000
0.000000
0.000190
0.000000
0.000173
0.000019
0.000000
0.000098
0.000000
0.000000
0.000000
0.000000
0.000000
0.000000
0.000000
0.000000
0.000000
0.000000
0.000000
0.000000
0.000000
0.000000
0.000000
0.000000
0.000000
0.000000
0.000000
0.000025
0.000177
0.000000
0.000000
0.000000
0.000000
0.014208
0.007197
0.000000
0.000857
0.002093
0.000000
0.000000
0.000000
0.000000
0.001950
0.000008
0.000000
0.000005
0.000000
0.000000
0.000000
0.000000
0.000000
0.000000
0.000000
0.000000
0.000000
0.000000
0.000000
0.000000
0.000000
0.000000
0.000000
0.000000
0.000000
0.000000
0.000000
0.000000
0.000000
0.000196
0.000000
0.000000
0.000000
0.006084
0.005920
0.044901
0.001528
0.000516
0.011384
0.000000
0.000000
0.000000
0.000033
0.001441
0.001890
0.000011
0.000000
0.000116
0.000000
0.000000
0.000000
0.000000
0.000000
0.000000
0.000000
0.000000
0.000000
0.000000
0.000000
0.000000
0.000000
0.000000
0.000000
0.000000
0.000000
0.000000
0.000000
0.000000
0.000050
0.001297
0.000000
0.001977
0.001018
0.000000
0.001124
0.006247
0.000000
0.004482
0.000191
0.000000
0.000085
0.000086
0.000000
0.000102
0.000366
0.000000
0.000338
0.000000
0.000000
0.000000
0.000000
0.000000
0.000000
0.000000
0.000000
0.000000
0.000000
0.000000
0.000000
0.000000
0.000000
0.000000
0.000000
0.000000
0.000000
0.000000
0.000005
0.000089
0.000000
0.000880
0.000523
0.000000
0.002176
0.000932
0.000000
0.003423
0.001796
0.000000
0.000115
0.000000
0.000000
0.000240
0.000007
0.000000
0.000355
0.000000
0.000000
0.000000
0.000000
0.000000
0.000000
0.000000
0.000000
0.000000
0.000000
0.000000
0.000000
0.000000
0.000000
0.000000
0.000000
0.000000
0.000000
0.000000
0.000000
0.000081
0.000197
0.001764
0.000987
0.014562
0.000814
0.001529
0.006952
0.004063
0.002819
0.036068
0.000085
0.000310
0.000548
0.000022
0.000359
0.001070
0.000064
0.000508
0.001390
0.000000
0.000000
0.000000
0.000000
0.000000
0.000000
0.000000
0.000000
0.000000
0.000012
0.000069
0.000000
0.000000
0.000000
0.000000
0.000000
0.000000
0.000000
0.001507
0.000000
0.000009
0.000464
0.000000
0.000324
0.000000
0.000000
0.000000
0.000077
0.000000
0.000016
0.001723
0.000061
0.000424
0.000000
0.000000
0.000015
0.000112
0.000000
0.000014
0.000000
0.000000
0.000000
0.000000
0.000000
0.000000
0.000000
0.000000
0.000000
0.000008
0.000118
0.000052
0.000000
0.000000
0.000000
0.000000
0.000000
0.000000
0.007568
0.000076
0.000016
0.000000
0.000487
0.001207
0.000000
0.000000
0.000000
0.000000
0.000007
0.000105
0.000014
0.005494
0.002725
0.000000
0.000071
0.000000
0.000000
0.000124
0.000406
0.000000
0.000000
0.000000
0.000000
0.000000
0.000000
0.000000
0.000000
0.000000
0.000000
0.000061
0.000000
0.000000
0.000039
0.000000
0.000000
0.000000
0.000007
0.001641
0.000054
0.000039
0.000619
0.000023
0.003965
0.000000
0.000000
0.000000
0.000046
0.000000
0.000523
0.000445
0.003039
0.002954
0.000000
0.000000
0.000000
0.000000
0.000000
0.000258
0.000000
0.000000
0.000000
0.000000
0.000000
0.000000
0.000000
0.000000
0.000000
0.000000
0.000000
0.000007
0.000000
0.000011
0.000000
0.000000
0.000000
0.000000
0.000812
0.000010
0.000010
0.000000
0.000000
0.000000
0.000574
0.000000
0.000233
0.000055
0.000000
0.000036
0.000000
0.000006
0.000000
0.001056
0.000000
0.000269
0.000243
0.000000
0.000116
0.000000
0.000000
0.000000
0.000000
0.000000
0.000000
0.000000
0.000000
0.000000
0.000074
0.000062
0.000000
0.000000
0.000025
0.000000
0.000000
0.000012
0.000007
0.006415
0.000104
0.000025
0.000000
0.000000
0.000000
0.000000
0.001032
0.001499
0.000000
0.000059
0.000273
0.000000
0.000000
0.000000
0.000011
0.005646
0.002114
0.000000
0.000157
0.000509
0.000000
0.000000
0.000000
0.000000
0.000000
0.000000
0.000000
0.000000
0.000000
0.000000
0.000000
0.000000
0.000085
0.000011
0.000013
0.000000
0.000000
0.000000
0.001512
0.000103
0.000006
0.000000
0.000000
0.000000
0.000402
0.000105
0.003314
0.000000
0.000000
0.000504
0.000000
0.000000
0.000000
0.000259
0.001610
0.002018
0.000000
0.000000
0.000167
0.000000
0.000000
0.000000
0.000000
0.000000
0.000000
0.000000
0.000000
0.000000
0.000000
0.000000
0.000000
0.000000
0.000000
0.000000
0.000000
0.000000
0.000000
0.000329
0.000000
0.000000
0.000077
0.000000
0.000013
0.000036
0.000000
0.000042
0.000150
0.000000
0.000114
0.000127
0.000000
0.000000
0.000255
0.000007
0.000000
0.000181
0.000000
0.000090
0.000000
0.000000
0.000000
0.000000
0.000000
0.000000
0.000000
0.000000
0.000000
0.000000
0.000072
0.000000
0.000000
0.000000
0.000000
0.000000
0.000000
0.000000
0.000485
0.000050
0.000000
0.000000
0.000014
0.000010
0.000000
0.000000
0.000005
0.000000
0.000077
0.000272
0.000000
0.000170
0.000000
0.000000
0.000589
0.000000
0.000000
0.000170
0.000159
0.000000
0.000000
0.000000
0.000000
0.000000
0.000000
0.000000
0.000000
0.000000
0.000000
0.000000
0.000000
0.000000
0.000000
0.000000
0.000000
0.000000
0.000000
0.000325
0.000076
0.000014
0.000068
0.000000
0.000260
0.000000
0.000000
0.000117
0.000100
0.000000
0.001475
0.000065
0.000220
0.000159
0.000000
0.000752
0.000456
0.000183
0.000393
0.000615
