0.010106
0.014855
0.007461
0.005139
0.014437
0.005778
0.001628
0.001438
0.001168
0.000590
0.001951
0.000245
0.000433
0.002102
0.000184
0.000012
0.000042
0.000008
0.478774
0.000116
0.027301
0.085659
0.058464
0.063226
0.058459
0.064555
0.042826
0.012639
0.008541
0.010846
0.001931
0.007619
0.000956
0.001389
0.007905
0.000852
0.000146
0.000135
0.000084
0.008021
0.000000
0.001360
0.000000
0.000000
0.000000
0.000472
0.000000
0.000056
0.000102
0.000000
0.000016
0.000000
0.000000
0.000000
0.000003
0.000000
0.000000
0.000000
0.000000
0.000071
0.000000
0.000000
0.000000
0.000000
0.000000
0.000000
0.000000
0.000000
0.000000
0.000000
0.000000
0.000000
0.000000
0.000000
0.000000
0.000000
0.000000
0.000000
0.000000
0.012488
0.001409
0.000000
0.000000
0.000000
0.000000
0.000353
0.000040
0.000000
0.000367
0.000015
0.000000
0.000000
0.000000
0.000000
0.000002
0.000000
0.000000
0.000002
0.000198
0.000000
0.000000
0.000000
0.000000
0.000000
0.000000
0.000000
0.000000
0.000000
0.000000
0.000000
0.000000
0.000000
0.000000
0.000000
0.000000
0.000000
0.000000
0.001490
0.001337
0.004131
0.000000
0.000000
0.000000
0.000044
0.000087
0.000195
0.000008
0.000064
0.000069
0.000000
0.000000
0.000000
0.000000
0.000000
0.000000
0.000000
0.000000
0.000053
0.000000
0.000000
0.000000
0.000000
0.000000
0.000000
0.000000
0.000000
0.000000
0.000000
0.000000
0.000000
0.000000
0.000000
0.000000
0.000000
0.000000
0.000000
0.000000
0.000000
0.000000
0.003699
0.000000
0.000943
0.000308
0.000000
0.000044
0.000000
0.000000
0.000000
0.000083
0.000000
0.000004
0.000000
0.000000
0.000000
0.000000
0.000000
0.000056
0.000000
0.000000
0.000000
0.000000
0.000000
0.000000
0.000000
0.000000
0.000000
0.000000
0.000000
0.000000
0.000000
0.000000
0.000000
0.000000
0.000000
0.000000
0.000000
0.000000
0.000000
0.000000
0.012052
0.001173
0.000000
0.000352
0.000087
0.000000
0.000000
0.000000
0.000000
0.000565
0.000016
0.000000
0.000002
0.000000
0.000000
0.000000
0.000088
0.000000
0.000000
0.000000
0.000000
0.000000
0.000000
0.000000
0.000000
0.000000
0.000000
0.000000
0.000000
0.000000
0.000000
0.000000
0.000000
0.000000
0.000000
0.000000
0.000000
0.000000
0.000807
0.001275
0.003231
0.000090
0.000034
0.000162
0.000000
0.000000
0.000000
0.000021
0.000073
0.000048
0.000000
0.000000
0.000000
0.000000
0.000003
0.000023
0.000000
0.000000
0.000000
0.000000
0.000000
0.000000
0.000000
0.000000
0.000000
0.000000
0.000000
0.000000
0.000000
0.000000
0.000000
0.000000
0.000000
0.000000
0.000300
0.000000
0.000099
0.000361
0.000000
0.000085
0.000592
0.000000
0.000152
0.000024
0.000000
0.000000
0.000000
0.000000
0.000000
0.000004
0.000000
0.000000
0.000000
0.000000
0.000004
0.000000
0.000000
0.000000
0.000000
0.000000
0.000000
0.000000
0.000000
0.000000
0.000000
0.000000
0.000000
0.000000
0.000000
0.000000
0.000000
0.000000
0.000000
0.000000
0.000307
0.000075
0.000000
0.000437
0.000014
0.000000
0.000467
0.000098
0.000000
0.000010
0.000000
0.000000
0.000009
0.000000
0.000000
0.000020
0.000000
0.000000
0.000000
0.000005
0.000000
0.000000
0.000000
0.000000
0.000000
0.000000
0.000000
0.000000
0.000000
0.000000
0.000000
0.000000
0.000000
0.000000
0.000000
0.000000
0.000000
0.000000
0.000088
0.000037
0.000211
0.000045
0.000091
0.000209
0.000082
0.000080
0.000305
0.000000
0.000000
0.000007
0.000000
0.000003
0.000000
0.000000
0.000000
0.000004
0.000000
0.000000
0.000008
0.000000
0.000000
0.000000
0.000000
0.000000
0.000000
0.000000
0.000000
0.000000
0.000000
0.000000
0.000000
0.000000
0.000000
0.000000
0.000000
0.000000
0.000000
0.000143
0.000000
0.000023
0.000000
0.000000
0.000000
0.000015
0.000000
0.000000
0.000234
0.000000
0.000016
0.000000
0.000000
0.000000
0.000000
0.000000
0.000000
0.000159
0.000003
0.000000
0.000000
0.000000
0.000000
0.000000
0.000000
0.000000
0.000000
0.000000
0.000000
0.000000
0.000000
0.000000
0.000000
0.000000
0.000000
0.000000
0.000000
0.000000
0.000000
0.000550
0.000052
0.000000
0.000000
0.000000
0.000000
0.000025
0.000000
0.000000
0.000762
0.000041
0.000000
0.000000
0.000000
0.000000
0.000000
0.000000
0.000482
0.000024
0.000021
0.000000
0.000000
0.000000
0.000000
0.000000
0.000000
0.000000
0.000000
0.000000
0.000000
0.000000
0.000000
0.000000
0.000000
0.000000
0.000000
0.000000
0.000000
0.000022
0.000003
0.000075
0.000000
0.000000
0.000000
0.000000
0.000000
0.000003
0.000023
0.000051
0.000034
0.000000
0.000000
0.000000
0.000000
0.000000
0.000000
0.000028
0.000008
0.000000
0.000000
0.000000
0.000000
0.000000
0.000000
0.000000
0.000000
0.000000
0.000000
0.000000
0.000000
0.000000
0.000000
0.000000
0.000000
0.000000
0.000000
0.000000
0.000000
0.000000
0.000000
0.000132
0.000000
0.000016
0.000003
0.000000
0.000000
0.000000
0.000000
0.000000
0.000151
0.000000
0.000020
0.000000
0.000000
0.000000
0.000108
0.000000
0.000004
0.000000
0.000000
0.000000
0.000000
0.000000
0.000000
0.000000
0.000000
0.000000
0.000000
0.000000
0.000000
0.000000
0.000000
0.000000
0.000000
0.000000
0.000000
0.000000
0.000000
0.000000
0.000000
0.000503
0.000022
0.000000
0.000026
0.000006
0.000000
0.000000
0.000000
0.000000
0.000798
0.000064
0.000000
0.000008
0.000002
0.000646
0.000000
0.000000
0.000000
0.000000
0.000000
0.000000
0.000000
0.000000
0.000000
0.000000
0.000000
0.000000
0.000014
0.000000
0.000000
0.000002
0.000000
0.000000
0.000000
0.000000
0.000000
0.000000
0.000000
0.000034
0.000000
0.000066
0.000000
0.000000
0.000005
0.000000
0.000000
0.000000
0.000016
0.000024
0.000012
0.000000
0.000000
0.000000
0.000025
0.000000
0.000000
0.000000
0.000000
0.000000
0.000000
0.000000
0.000000
0.000000
0.000000
0.000000
0.000000
0.000000
0.000000
0.000000
0.000002
0.000000
0.000000
0.000000
0.000000
0.000000
0.000000
0.000000
0.000000
0.000000
0.000000
0.000003
0.000000
0.000000
0.000002
0.000000
0.000000
0.000002
0.000000
0.000000
0.000002
0.000000
0.000000
0.000003
0.000000
0.000000
0.000000
0.000000
0.000000
0.000000
0.000000
0.000000
0.000000
0.000000
0.000000
0.000000
0.000000
0.000000
0.000000
0.000000
0.000000
0.000000
0.000000
0.000000
0.000000
0.000004
0.000000
0.000000
0.000000
0.000000
0.000000
0.000004
0.000006
0.000000
0.000012
0.000000
0.000000
0.000008
0.000000
0.000000
0.000004
0.000002
0.000004
0.000000
0.000000
0.000000
0.000000
0.000000
0.000000
0.000000
0.000000
0.000000
0.000000
0.000000
0.000000
0.000000
0.000000
0.000000
0.000000
0.000000
0.000000
0.000000
0.000000
0.000000
0.000000
0.000002
0.000000
0.000000
0.000000
0.000000
0.000000
0.000002
0.000002
0.000000
0.000003
0.000000
0.000000
0.000000
0.000000
0.000000
0.000000
0.000000
0.000000
0.000000
0.000000
0.000000
0.000000
0.000000
0.000000
0.000000
0.000000
0.000000
0.000000
0.000000
0.000000
0.000000
0.000000
0.000000
0.000000
0.000000
0.000000
0.000000
0.000000
0.000000
0.000000
0.000000
0.000000
0.000000
0.000000
0.000000
0.000000
0.000195
0.000667
0.000046
0.000162
0.000581
0.000018
0.000003
0.000007
0.000000
0.470495
0.000000
0.000002
0.000000
0.000000
0.000000
0.000000
0.000000
0.000000
0.000000
0.000000
0.000000
0.000589
0.001877
0.000165
0.000561
0.002221
0.000127
0.000029
0.000014
0.000002
0.000004
0.000021
0.000000
0.000000
0.000002
0.000000
0.000000
0.000003
0.000000
0.000000
0.000000
0.000000
0.000000
0.000015
0.000003
0.000000
0.000000
0.000000
0.000000
0.000029
0.000000
0.000000
0.000012
0.000000
0.000003
0.000002
0.000000
0.000000
0.000003
0.000000
0.000000
0.000004
0.000012
0.000000
0.000000
0.000000
0.000000
0.000004
0.000000
0.000049
0.000093
0.000033
0.000063
0.000092
0.000019
0.000024
0.000012
0.000011
0.000000
0.000000
0.000000
0.000000
0.000000
0.000000
0.000000
0.000000
0.000000
0.000019
0.000000
0.026352
0.000121
0.000047
0.000102
0.000114
0.000062
0.000082
0.000026
0.000012
0.000025
0.000000
0.000003
0.000000
0.000000
0.000004
0.000000
0.000000
0.000000
0.000000
0.000000
0.000000
0.000000
0.000000
0.000000
0.000000
0.000000
0.000000
0.000000
0.000000
0.000000
0.000000
0.000000
0.000000
0.000000
0.000000
0.000000
0.000000
0.000000
0.000000
0.000079
0.067118
0.000000
0.014728
0.000000
0.000000
0.000000
0.002838
0.000000
0.000639
0.000428
0.000000
0.000039
0.000000
0.000000
0.000000
0.000022
0.000000
0.000009
0.000000
0.000000
0.000000
0.000000
0.000000
0.000000
0.000000
0.000000
0.000000
0.000000
0.000000
0.000000
0.000000
0.000000
0.000000
0.000000
0.000000
0.000000
0.000000
0.000021
0.000061
0.000000
0.042586
0.011012
0.000000
0.000000
0.000000
0.000000
0.002113
0.000442
0.000000
0.002353
0.000033
0.000000
0.000000
0.000000
0.000000
0.000008
0.000000
0.000000
0.000000
0.000000
0.000000
0.000000
0.000000
0.000000
0.000000
0.000000
0.000000
0.000000
0.000000
0.000000
0.000000
0.000000
0.000000
0.000000
0.000000
0.000000
0.000000
0.000069
0.013709
0.012789
0.033451
0.000000
0.000000
0.000000
0.000591
0.000505
0.001615
0.000084
0.000300
0.000276
0.000000
0.000000
0.000000
0.000004
0.000003
0.000017
0.000000
0.000000
0.000000
0.000000
0.000000
0.000000
0.000000
0.000000
0.000000
0.000000
0.000000
0.000000
0.000000
0.000000
0.000000
0.000000
0.000000
0.000000
0.000000
0.000000
0.000044
0.000000
0.000000
0.000000
0.046315
0.000000
0.008497
0.002859
0.000000
0.000578
0.000000
0.000000
0.000000
0.000218
0.000000
0.000068
0.000003
0.000000
0.000000
0.000000
0.000000
0.000000
0.000000
0.000000
0.000000
0.000000
0.000000
0.000000
0.000000
0.000000
0.000000
0.000000
0.000000
0.000000
0.000000
0.000000
0.000000
0.000000
0.000004
0.000139
0.000000
0.000000
0.000000
0.000000
0.051237
0.008510
0.000000
0.001942
0.000807
0.000000
0.000000
0.000000
0.000000
0.001998
0.000037
0.000000
0.000000
0.000004
0.000000
0.000000
0.000000
0.000000
0.000000
0.000000
0.000000
0.000000
0.000000
0.000000
0.000000
0.000000
0.000000
0.000000
0.000000
0.000000
0.000000
0.000000
0.000000
0.000000
0.000026
0.000000
0.000000
0.000000
0.008615
0.007813
0.022850
0.000599
0.000415
0.002033
0.000000
0.000000
0.000000
0.000045
0.000274
0.000248
0.000000
0.000000
0.000000
0.000000
0.000000
0.000000
0.000000
0.000000
0.000000
0.000000
0.000000
0.000000
0.000000
0.000000
0.000000
0.000000
0.000000
0.000000
0.000000
0.000000
0.000000
0.000000
0.000000
0.000010
0.003345
0.000000
0.000655
0.002415
0.000000
0.000676
0.004540
0.000000
0.000943
0.000035
0.000000
0.000004
0.000019
0.000000
0.000000
0.000035
0.000000
0.000002
0.000000
0.000000
0.000000
0.000000
0.000000
0.000000
0.000000
0.000000
0.000000
0.000000
0.000000
0.000000
0.000000
0.000000
0.000000
0.000000
0.000000
0.000000
0.000000
0.000000
0.000011
0.000000
0.001579
0.000658
0.000000
0.002308
0.000280
0.000000
0.002548
0.000986
0.000000
0.000003
0.000000
0.000000
0.000141
0.000000
0.000000
0.000050
0.000000
0.000000
0.000000
0.000000
0.000000
0.000000
0.000000
0.000000
0.000000
0.000000
0.000000
0.000000
0.000000
0.000000
0.000000
0.000000
0.000000
0.000000
0.000000
0.000000
0.000000
0.000010
0.001099
0.000395
0.001952
0.000585
0.000670
0.001329
0.001158
0.000854
0.002715
0.000002
0.000032
0.000004
0.000004
0.000019
0.000023
0.000004
0.000008
0.000012
0.000000
0.000000
0.000000
0.000000
0.000000
0.000000
0.000000
0.000000
0.000000
0.000000
0.000000
0.000000
0.000000
0.000000
0.000000
0.000000
0.000000
0.000000
0.000614
0.000000
0.000000
0.000387
0.000000
0.000111
0.000000
0.000000
0.000000
0.000019
0.000000
0.000000
0.000694
0.000000
0.000090
0.000011
0.000000
0.000000
0.000011
0.000000
0.000000
0.000000
0.000000
0.000000
0.000000
0.000000
0.000000
0.000000
0.000000
0.000000
0.000000
0.000016
0.000000
0.000000
0.000000
0.000000
0.000000
0.000000
0.000000
0.002854
0.000000
0.000000
0.000000
0.001193
0.000351
0.000000
0.000000
0.000000
0.000000
0.000056
0.000018
0.000012
0.002836
0.000254
0.000000
0.000000
0.000000
0.000000
0.000020
0.000003
0.000000
0.000000
0.000000
0.000000
0.000000
0.000000
0.000000
0.000000
0.000000
0.000000
0.000000
0.000000
0.000000
0.000000
0.000000
0.000000
0.000000
0.000000
0.000094
0.000004
0.000000
0.000106
0.000021
0.000382
0.000000
0.000000
0.000000
0.000000
0.000000
0.000000
0.000062
0.000205
0.000080
0.000000
0.000000
0.000000
0.000000
0.000000
0.000000
0.000000
0.000000
0.000000
0.000000
0.000000
0.000000
0.000000
0.000000
0.000000
0.000000
0.000000
0.000000
0.000000
0.000000
0.000000
0.000000
0.000000
0.000000
0.000366
0.000000
0.000000
0.000000
0.000000
0.000000
0.000441
0.000000
0.000041
0.000032
0.000000
0.000005
0.000000
0.000000
0.000000
0.000450
0.000000
0.000055
0.000000
0.000000
0.000000
0.000000
0.000000
0.000000
0.000000
0.000000
0.000000
0.000000
0.000000
0.000000
0.000000
0.000007
0.000000
0.000000
0.000031
0.000000
0.000000
0.000000
0.000000
0.002615
0.000015
0.000011
0.000000
0.000000
0.000000
0.000000
0.001557
0.000415
0.000000
0.000030
0.000031
0.000000
0.000000
0.000000
0.000000
0.002993
0.000173
0.000000
0.000024
0.000017
0.000000
0.000000
0.000000
0.000000
0.000000
0.000000
0.000000
0.000000
0.000000
0.000000
0.000000
0.000000
0.000000
0.000000
0.000000
0.000000
0.000000
0.000000
0.000139
0.000003
0.000000
0.000000
0.000000
0.000000
0.000087
0.000018
0.000233
0.000000
0.000002
0.000012
0.000000
0.000000
0.000000
0.000045
0.000195
0.000117
0.000000
0.000000
0.000004
0.000000
0.000000
0.000000
0.000000
0.000000
0.000000
0.000000
0.000000
0.000000
0.000000
0.000000
0.000000
0.000000
0.000000
0.000000
0.000000
0.000000
0.000000
0.000027
0.000000
0.000000
0.000014
0.000000
0.000000
0.000004
0.000000
0.000000
0.000016
0.000000
0.000002
0.000026
0.000000
0.000000
0.000019
0.000000
0.000000
0.000036
0.000000
0.000004
0.000000
0.000000
0.000000
0.000000
0.000000
0.000000
0.000000
0.000000
0.000000
0.000000
0.000000
0.000000
0.000000
0.000000
0.000000
0.000000
0.000000
0.000000
0.000012
0.000000
0.000000
0.000000
0.000007
0.000006
0.000000
0.000007
0.000008
0.000000
0.000029
0.000000
0.000000
0.000003
0.000000
0.000000
0.000054
0.000000
0.000000
0.000004
0.000006
0.000000
0.000000
0.000000
0.000000
0.000000
0.000000
0.000000
0.000000
0.000000
0.000000
0.000000
0.000000
0.000000
0.000000
0.000000
0.000000
0.000000
0.000000
0.000005
0.000000
0.000000
0.000000
0.000000
0.000007
0.000000
0.000000
0.000003
0.000000
0.000000
0.000026
0.000004
0.000006
0.000000
0.000017
0.000003
0.000006
0.000004
0.000000
0.000004
