0.004327
0.009240
0.014649
0.002869
0.010305
0.010178
0.003119
0.003479
0.010300
0.001674
0.004667
0.001644
0.000816
0.006295
0.001998
0.000283
0.000637
0.001282
0.479031
0.000514
0.042463
0.020402
0.011604
0.077690
0.020397
0.025137
0.069761
0.016489
0.013401
0.070836
0.004793
0.015834
0.007290
0.004429
0.017781
0.008881
0.001033
0.001133
0.003340
0.001736
0.000000
0.001187
0.000000
0.000000
0.000000
0.000546
0.000000
0.000276
0.000426
0.000000
0.000135
0.000000
0.000000
0.000000
0.000000
0.000000
0.000000
0.000000
0.000000
0.000038
0.000000
0.000000
0.000000
0.000000
0.000000
0.000000
0.000000
0.000000
0.000000
0.000000
0.000000
0.000000
0.000000
0.000000
0.000000
0.000000
0.000000
0.000000
0.000000
0.006386
0.000786
0.000000
0.000000
0.000000
0.000000
0.000427
0.000508
0.000000
0.001163
0.000000
0.000000
0.000000
0.000000
0.000000
0.000000
0.000000
0.000000
0.000000
0.000000
0.000000
0.000000
0.000000
0.000000
0.000000
0.000000
0.000000
0.000000
0.000000
0.000000
0.000000
0.000000
0.000000
0.000000
0.000000
0.000000
0.000000
0.000000
0.001464
0.001652
0.008961
0.000000
0.000000
0.000000
0.000343
0.000426
0.000898
0.000054
0.000195
0.000473
0.000000
0.000000
0.000000
0.000000
0.000000
0.000026
0.000000
0.000000
0.000260
0.000000
0.000000
0.000000
0.000000
0.000000
0.000000
0.000000
0.000000
0.000000
0.000000
0.000000
0.000000
0.000000
0.000000
0.000000
0.000000
0.000000
0.000000
0.000000
0.000000
0.000000
0.001207
0.000000
0.001256
0.000242
0.000000
0.000092
0.000000
0.000000
0.000000
0.000049
0.000000
0.000036
0.000000
0.000000
0.000000
0.000000
0.000000
0.000000
0.000000
0.000000
0.000000
0.000000
0.000000
0.000000
0.000000
0.000000
0.000000
0.000000
0.000000
0.000000
0.000000
0.000000
0.000000
0.000000
0.000000
0.000000
0.000000
0.000000
0.000000
0.000000
0.006920
0.000932
0.000000
0.000257
0.000693
0.000000
0.000000
0.000000
0.000000
0.001024
0.000018
0.000000
0.000000
0.000000
0.000000
0.000031
0.000476
0.000000
0.000000
0.000000
0.000000
0.000000
0.000000
0.000000
0.000000
0.000000
0.000000
0.000000
0.000000
0.000000
0.000000
0.000000
0.000000
0.000000
0.000000
0.000000
0.000000
0.000000
0.000540
0.001399
0.005943
0.000244
0.000329
0.001026
0.000000
0.000000
0.000000
0.000115
0.000144
0.000229
0.000000
0.000000
0.000036
0.000000
0.000000
0.000220
0.000000
0.000000
0.000000
0.000000
0.000000
0.000000
0.000000
0.000000
0.000000
0.000000
0.000000
0.000000
0.000000
0.000000
0.000000
0.000000
0.000000
0.000000
0.000524
0.000000
0.000225
0.000256
0.000000
0.000065
0.001115
0.000000
0.000494
0.000000
0.000000
0.000000
0.000091
0.000000
0.000000
0.000115
0.000000
0.000249
0.000000
0.000000
0.000000
0.000000
0.000000
0.000000
0.000000
0.000000
0.000000
0.000000
0.000000
0.000000
0.000000
0.000000
0.000000
0.000000
0.000000
0.000000
0.000000
0.000000
0.000000
0.000000
0.000232
0.000356
0.000000
0.000667
0.000201
0.000000
0.000670
0.000817
0.000000
0.000000
0.000000
0.000000
0.000090
0.000000
0.000000
0.000120
0.000000
0.000000
0.000000
0.000027
0.000000
0.000000
0.000000
0.000000
0.000000
0.000000
0.000000
0.000000
0.000000
0.000000
0.000000
0.000000
0.000000
0.000000
0.000000
0.000000
0.000000
0.000000
0.000321
0.000201
0.001943
0.000490
0.000203
0.001148
0.000452
0.000595
0.004352
0.000000
0.000000
0.000133
0.000000
0.000082
0.000038
0.000000
0.000072
0.000254
0.000000
0.000000
0.000064
0.000000
0.000000
0.000000
0.000000
0.000000
0.000000
0.000000
0.000000
0.000000
0.000000
0.000000
0.000000
0.000000
0.000000
0.000000
0.000000
0.000000
0.000000
0.000161
0.000000
0.000070
0.000000
0.000000
0.000000
0.000000
0.000000
0.000000
0.000648
0.000000
0.000087
0.000000
0.000000
0.000000
0.000018
0.000000
0.000000
0.000614
0.000000
0.000000
0.000000
0.000000
0.000000
0.000000
0.000000
0.000000
0.000000
0.000000
0.000000
0.000000
0.000085
0.000000
0.000000
0.000000
0.000000
0.000000
0.000000
0.000000
0.000000
0.000424
0.000237
0.000000
0.000000
0.000000
0.000000
0.000067
0.000036
0.000000
0.001917
0.000154
0.000000
0.000000
0.000000
0.000000
0.000111
0.000000
0.001586
0.000137
0.000000
0.000000
0.000000
0.000000
0.000000
0.000000
0.000000
0.000000
0.000000
0.000000
0.000000
0.000027
0.000000
0.000000
0.000000
0.000000
0.000000
0.000000
0.000000
0.000000
0.000000
0.000313
0.000000
0.000000
0.000000
0.000000
0.000031
0.000074
0.000135
0.000287
0.000381
0.000000
0.000000
0.000000
0.000000
0.000000
0.000107
0.000282
0.000038
0.000000
0.000000
0.000000
0.000000
0.000000
0.000000
0.000000
0.000000
0.000000
0.000000
0.000000
0.000000
0.000000
0.000000
0.000000
0.000000
0.000000
0.000000
0.000000
0.000000
0.000000
0.000000
0.000026
0.000000
0.000000
0.000049
0.000000
0.000000
0.000000
0.000000
0.000000
0.000254
0.000000
0.000137
0.000072
0.000000
0.000000
0.000281
0.000000
0.000000
0.000000
0.000000
0.000000
0.000000
0.000000
0.000000
0.000000
0.000000
0.000000
0.000000
0.000000
0.000000
0.000000
0.000000
0.000000
0.000000
0.000000
0.000000
0.000000
0.000000
0.000000
0.000000
0.000989
0.000172
0.000000
0.000118
0.000140
0.000000
0.000000
0.000000
0.000000
0.002550
0.000145
0.000000
0.000107
0.000276
0.001687
0.000000
0.000000
0.000000
0.000000
0.000000
0.000000
0.000000
0.000000
0.000000
0.000000
0.000000
0.000000
0.000000
0.000000
0.000000
0.000061
0.000000
0.000000
0.000000
0.000000
0.000000
0.000000
0.000000
0.000365
0.000000
0.000306
0.000000
0.000000
0.000052
0.000000
0.000000
0.000000
0.000026
0.000180
0.000584
0.000000
0.000000
0.000058
0.000194
0.000000
0.000000
0.000000
0.000000
0.000000
0.000000
0.000000
0.000000
0.000000
0.000000
0.000000
0.000000
0.000000
0.000000
0.000000
0.000249
0.000000
0.000000
0.000000
0.000000
0.000000
0.000000
0.000000
0.000000
0.000000
0.000000
0.000038
0.000000
0.000052
0.000000
0.000000
0.000000
0.000000
0.000000
0.000000
0.000079
0.000000
0.000000
0.000115
0.000000
0.000000
0.000000
0.000000
0.000000
0.000000
0.000000
0.000000
0.000000
0.000000
0.000000
0.000000
0.000000
0.000000
0.000000
0.000000
0.000000
0.000000
0.000000
0.000000
0.000000
0.000036
0.000000
0.000000
0.000058
0.000000
0.000000
0.000135
0.000120
0.000000
0.000082
0.000000
0.000000
0.000110
0.000000
0.000000
0.000063
0.000000
0.000036
0.000000
0.000000
0.000000
0.000000
0.000000
0.000000
0.000000
0.000000
0.000000
0.000000
0.000000
0.000000
0.000000
0.000000
0.000000
0.000000
0.000000
0.000000
0.000000
0.000000
0.000000
0.000000
0.000000
0.000000
0.000000
0.000049
0.000102
0.000036
0.000371
0.000085
0.000000
0.000000
0.000000
0.000053
0.000274
0.000000
0.000036
0.000139
0.000143
0.000000
0.000000
0.000000
0.000000
0.000000
0.000000
0.000000
0.000000
0.000000
0.000000
0.000000
0.000000
0.000000
0.000000
0.000000
0.000000
0.000000
0.000000
0.000000
0.000000
0.000000
0.000000
0.000000
0.000000
0.000000
0.000000
0.000000
0.000000
0.000000
0.000336
0.000967
0.000284
0.000234
0.001613
0.000171
0.000000
0.000130
0.000076
0.458154
0.000000
0.000146
0.000000
0.000000
0.000000
0.000000
0.000000
0.000000
0.000000
0.000000
0.000000
0.001260
0.002635
0.000633
0.001833
0.005458
0.001666
0.000081
0.000243
0.000405
0.000000
0.000000
0.000000
0.000000
0.000000
0.000000
0.000000
0.000000
0.000074
0.000000
0.000000
0.000000
0.000049
0.000117
0.000000
0.000000
0.000000
0.000038
0.000000
0.000031
0.000000
0.000000
0.000000
0.000000
0.000000
0.000000
0.000031
0.000000
0.000000
0.000000
0.000000
0.000000
0.000053
0.000000
0.000038
0.000000
0.000000
0.000000
0.000085
0.000138
0.000384
0.000672
0.000000
0.000090
0.000154
0.000000
0.000419
0.000274
0.000000
0.000024
0.000000
0.000000
0.000112
0.000053
0.000000
0.000000
0.000000
0.000064
0.000000
0.038348
0.000000
0.000249
0.000250
0.000148
0.000181
0.000220
0.000053
0.000084
0.000590
0.000000
0.000035
0.000000
0.000000
0.000038
0.000000
0.000000
0.000000
0.000000
0.000000
0.000000
0.000000
0.000000
0.000000
0.000000
0.000000
0.000000
0.000000
0.000000
0.000000
0.000000
0.000000
0.000000
0.000000
0.000000
0.000000
0.000000
0.000000
0.000000
0.000091
0.011552
0.000000
0.004404
0.000000
0.000000
0.000000
0.002189
0.000000
0.001739
0.000337
0.000000
0.000191
0.000000
0.000000
0.000000
0.000000
0.000000
0.000069
0.000000
0.000000
0.000000
0.000000
0.000000
0.000000
0.000000
0.000000
0.000000
0.000000
0.000000
0.000000
0.000000
0.000000
0.000000
0.000000
0.000000
0.000000
0.000000
0.000000
0.000201
0.000000
0.005094
0.002315
0.000000
0.000000
0.000000
0.000000
0.001493
0.000293
0.000000
0.002155
0.000085
0.000000
0.000000
0.000000
0.000000
0.000027
0.000000
0.000000
0.000000
0.000000
0.000000
0.000000
0.000000
0.000000
0.000000
0.000000
0.000000
0.000000
0.000000
0.000000
0.000000
0.000000
0.000000
0.000000
0.000000
0.000000
0.000000
0.000690
0.005247
0.004245
0.051613
0.000000
0.000000
0.000000
0.000536
0.001386
0.008196
0.000202
0.002751
0.003145
0.000000
0.000000
0.000000
0.000000
0.000000
0.000139
0.000000
0.000000
0.000000
0.000000
0.000000
0.000000
0.000000
0.000000
0.000000
0.000000
0.000000
0.000000
0.000000
0.000000
0.000000
0.000000
0.000000
0.000000
0.000000
0.000000
0.000088
0.000000
0.000000
0.000000
0.010937
0.000000
0.005255
0.002857
0.000000
0.001050
0.000000
0.000000
0.000000
0.000115
0.000000
0.000248
0.000000
0.000000
0.000000
0.000000
0.000000
0.000000
0.000000
0.000000
0.000000
0.000000
0.000000
0.000000
0.000000
0.000000
0.000000
0.000000
0.000000
0.000000
0.000000
0.000000
0.000000
0.000000
0.000000
0.000144
0.000000
0.000000
0.000000
0.000000
0.013888
0.006180
0.000000
0.001162
0.001646
0.000000
0.000000
0.000000
0.000000
0.002172
0.000026
0.000000
0.000024
0.000038
0.000000
0.000000
0.000000
0.000000
0.000000
0.000000
0.000000
0.000000
0.000000
0.000000
0.000000
0.000000
0.000000
0.000000
0.000000
0.000000
0.000000
0.000000
0.000000
0.000000
0.000760
0.000000
0.000000
0.000000
0.006568
0.005101
0.041387
0.000794
0.000941
0.012128
0.000000
0.000000
0.000000
0.000105
0.000574
0.001639
0.000000
0.000000
0.000000
0.000000
0.000000
0.000000
0.000000
0.000000
0.000000
0.000000
0.000000
0.000000
0.000000
0.000000
0.000000
0.000000
0.000000
0.000000
0.000000
0.000000
0.000000
0.000000
0.000000
0.000106
0.001074
0.000000
0.002804
0.000944
0.000000
0.000637
0.006106
0.000000
0.004197
0.000187
0.000000
0.000000
0.000055
0.000000
0.000027
0.000402
0.000000
0.000115
0.000000
0.000000
0.000000
0.000000
0.000000
0.000000
0.000000
0.000000
0.000000
0.000000
0.000000
0.000000
0.000000
0.000000
0.000000
0.000000
0.000000
0.000000
0.000000
0.000000
0.000000
0.000000
0.001074
0.000584
0.000000
0.002363
0.000778
0.000000
0.004903
0.003123
0.000000
0.000323
0.000000
0.000000
0.000115
0.000038
0.000000
0.000171
0.000017
0.000000
0.000000
0.000000
0.000000
0.000000
0.000000
0.000000
0.000000
0.000000
0.000000
0.000000
0.000000
0.000000
0.000000
0.000000
0.000000
0.000000
0.000000
0.000000
0.000000
0.000685
0.002025
0.000467
0.013719
0.000473
0.001850
0.007782
0.003979
0.003041
0.034540
0.000249
0.000000
0.000378
0.000027
0.000784
0.000369
0.000126
0.000086
0.000893
0.000000
0.000000
0.000000
0.000000
0.000000
0.000000
0.000000
0.000000
0.000000
0.000000
0.000000
0.000000
0.000000
0.000000
0.000000
0.000000
0.000000
0.000000
0.001921
0.000000
0.000000
0.000558
0.000000
0.000281
0.000000
0.000000
0.000000
0.000000
0.000000
0.000124
0.001491
0.000148
0.000251
0.000000
0.000000
0.000000
0.000047
0.000000
0.000000
0.000000
0.000000
0.000000
0.000000
0.000000
0.000000
0.000000
0.000000
0.000000
0.000000
0.000036
0.000000
0.000000
0.000000
0.000000
0.000000
0.000000
0.000000
0.006725
0.000064
0.000000
0.000000
0.000515
0.000445
0.000000
0.000000
0.000000
0.000000
0.000036
0.000074
0.000000
0.005761
0.001485
0.000498
0.000000
0.000000
0.000000
0.000140
0.000199
0.000000
0.000000
0.000000
0.000000
0.000000
0.000000
0.000000
0.000000
0.000000
0.000000
0.000027
0.000000
0.000000
0.000000
0.000329
0.000000
0.000000
0.000031
0.000708
0.000038
0.000000
0.000034
0.000017
0.001602
0.000000
0.000000
0.000000
0.000000
0.000000
0.000768
0.000848
0.001963
0.000966
0.000000
0.000000
0.000000
0.000000
0.000000
0.000000
0.000000
0.000000
0.000000
0.000000
0.000000
0.000000
0.000000
0.000000
0.000000
0.000000
0.000000
0.000000
0.000000
0.000000
0.000000
0.000000
0.000000
0.000000
0.000746
0.000000
0.000031
0.000000
0.000000
0.000000
0.001375
0.000000
0.000250
0.000000
0.000000
0.000000
0.000000
0.000000
0.000000
0.001236
0.000000
0.000350
0.000249
0.000000
0.000227
0.000000
0.000000
0.000000
0.000000
0.000000
0.000000
0.000000
0.000000
0.000000
0.000000
0.000000
0.000000
0.000000
0.000249
0.000000
0.000000
0.000000
0.000000
0.005711
0.000049
0.000026
0.000000
0.000000
0.000000
0.000000
0.001435
0.001101
0.000000
0.000043
0.000194
0.000000
0.000000
0.000000
0.000000
0.005789
0.002872
0.000000
0.000024
0.000408
0.000000
0.000000
0.000000
0.000000
0.000000
0.000000
0.000000
0.000000
0.000000
0.000000
0.000000
0.000000
0.000000
0.000000
0.000000
0.000000
0.000000
0.000000
0.000563
0.000074
0.000081
0.000000
0.000000
0.000000
0.000105
0.000000
0.003995
0.000024
0.000000
0.000424
0.000000
0.000000
0.000000
0.000072
0.001789
0.001422
0.000000
0.000000
0.000385
0.000000
0.000000
0.000000
0.000000
0.000000
0.000000
0.000000
0.000000
0.000000
0.000000
0.000000
0.000000
0.000000
0.000000
0.000000
0.000000
0.000000
0.000000
0.000054
0.000053
0.000249
0.000081
0.000000
0.000000
0.000000
0.000000
0.000000
0.000000
0.000000
0.000047
0.000164
0.000000
0.000000
0.000310
0.000000
0.000000
0.000081
0.000000
0.000000
0.000000
0.000000
0.000000
0.000000
0.000000
0.000000
0.000000
0.000000
0.000000
0.000000
0.000000
0.000000
0.000000
0.000000
0.000000
0.000000
0.000000
0.000000
0.000286
0.000000
0.000000
0.000000
0.000000
0.000027
0.000000
0.000000
0.000055
0.000000
0.000024
0.000193
0.000000
0.000043
0.000000
0.000000
0.000129
0.000000
0.000000
0.000271
0.000107
0.000000
0.000000
0.000000
0.000000
0.000000
0.000000
0.000000
0.000000
0.000000
0.000000
0.000000
0.000000
0.000000
0.000000
0.000000
0.000000
0.000000
0.000000
0.000104
0.000000
0.000000
0.000000
0.000000
0.000246
0.000000
0.000000
0.000053
0.000118
0.000000
0.001398
0.000082
0.000054
0.000144
0.000061
0.000468
0.000153
0.000054
0.000151
0.000266
