0.003804
0.006871
0.013394
0.001326
0.006166
0.009342
0.001745
0.002216
0.007142
0.001379
0.004558
0.002597
0.000904
0.005029
0.002056
0.000309
0.000824
0.001103
0.440691
0.001466
0.032379
0.029563
0.015232
0.110170
0.022067
0.026333
0.073644
0.017160
0.010508
0.072915
0.004847
0.018746
0.013618
0.003469
0.017814
0.010150
0.001315
0.002081
0.005065
0.002339
0.000000
0.000922
0.000000
0.000000
0.000000
0.000276
0.000000
0.000121
0.000018
0.000000
0.000005
0.000000
0.000000
0.000000
0.000000
0.000000
0.000000
0.000000
0.000000
0.000138
0.000000
0.000000
0.000000
0.000000
0.000000
0.000000
0.000000
0.000000
0.000000
0.000000
0.000000
0.000000
0.000000
0.000000
0.000000
0.000000
0.000000
0.000000
0.000000
0.004436
0.001270
0.000000
0.000000
0.000000
0.000000
0.000332
0.000122
0.000000
0.000423
0.000051
0.000000
0.000000
0.000000
0.000000
0.000019
0.000000
0.000000
0.000008
0.000211
0.000000
0.000000
0.000000
0.000000
0.000000
0.000000
0.000000
0.000000
0.000000
0.000000
0.000000
0.000000
0.000000
0.000000
0.000000
0.000000
0.000000
0.000000
0.000894
0.001219
0.007976
0.000000
0.000000
0.000000
0.000248
0.000182
0.001124
0.000134
0.000313
0.000671
0.000000
0.000000
0.000000
0.000006
0.000015
0.000081
0.000000
0.000167
0.000340
0.000000
0.000000
0.000000
0.000000
0.000000
0.000000
0.000000
0.000000
0.000000
0.000000
0.000000
0.000000
0.000000
0.000000
0.000000
0.000000
0.000000
0.000000
0.000000
0.000000
0.000000
0.000564
0.000000
0.000499
0.000139
0.000000
0.000030
0.000000
0.000000
0.000000
0.000057
0.000000
0.000009
0.000000
0.000000
0.000009
0.000000
0.000000
0.000025
0.000000
0.000000
0.000000
0.000000
0.000000
0.000000
0.000000
0.000000
0.000000
0.000000
0.000000
0.000000
0.000000
0.000000
0.000000
0.000000
0.000000
0.000000
0.000000
0.000000
0.000000
0.000000
0.003494
0.000965
0.000000
0.000276
0.000229
0.000000
0.000000
0.000000
0.000000
0.000746
0.000040
0.000000
0.000057
0.000000
0.000000
0.000009
0.000169
0.000000
0.000000
0.000000
0.000000
0.000000
0.000000
0.000000
0.000000
0.000000
0.000000
0.000000
0.000000
0.000000
0.000000
0.000000
0.000000
0.000000
0.000000
0.000000
0.000000
0.000000
0.000393
0.001250
0.005749
0.000027
0.000108
0.000675
0.000000
0.000000
0.000000
0.000088
0.000310
0.000374
0.000006
0.000000
0.000025
0.000000
0.000006
0.000218
0.000000
0.000000
0.000000
0.000000
0.000000
0.000000
0.000000
0.000000
0.000000
0.000000
0.000000
0.000000
0.000000
0.000000
0.000000
0.000000
0.000000
0.000000
0.000138
0.000000
0.000125
0.000185
0.000000
0.000100
0.000550
0.000000
0.000472
0.000010
0.000000
0.000000
0.000014
0.000000
0.000007
0.000047
0.000000
0.000040
0.000000
0.000000
0.000064
0.000000
0.000000
0.000000
0.000000
0.000000
0.000000
0.000000
0.000000
0.000000
0.000000
0.000000
0.000000
0.000000
0.000000
0.000000
0.000000
0.000000
0.000000
0.000000
0.000327
0.000061
0.000000
0.000281
0.000051
0.000000
0.000685
0.000370
0.000000
0.000012
0.000000
0.000000
0.000113
0.000007
0.000000
0.000157
0.000000
0.000000
0.000000
0.000087
0.000000
0.000000
0.000000
0.000000
0.000000
0.000000
0.000000
0.000000
0.000000
0.000000
0.000000
0.000000
0.000000
0.000000
0.000000
0.000000
0.000000
0.000000
0.000102
0.000110
0.000982
0.000083
0.000301
0.000867
0.000344
0.000408
0.002970
0.000011
0.000008
0.000026
0.000013
0.000117
0.000119
0.000005
0.000114
0.000363
0.000000
0.000007
0.000214
0.000000
0.000000
0.000000
0.000000
0.000000
0.000000
0.000000
0.000000
0.000000
0.000000
0.000000
0.000000
0.000000
0.000000
0.000000
0.000000
0.000000
0.000000
0.000066
0.000000
0.000257
0.000000
0.000000
0.000000
0.000009
0.000000
0.000008
0.000522
0.000000
0.000075
0.000000
0.000000
0.000000
0.000071
0.000000
0.000009
0.000303
0.000000
0.000000
0.000000
0.000000
0.000000
0.000000
0.000000
0.000000
0.000000
0.000000
0.000000
0.000000
0.000000
0.000000
0.000000
0.000000
0.000000
0.000000
0.000000
0.000000
0.000000
0.000489
0.000404
0.000000
0.000000
0.000000
0.000000
0.000062
0.000011
0.000000
0.001451
0.000649
0.000000
0.000000
0.000000
0.000000
0.000067
0.000116
0.001115
0.000015
0.000165
0.000000
0.000000
0.000000
0.000000
0.000000
0.000000
0.000000
0.000000
0.000000
0.000007
0.000043
0.000013
0.000000
0.000000
0.000000
0.000000
0.000000
0.000000
0.000174
0.000014
0.000937
0.000000
0.000000
0.000000
0.000000
0.000000
0.000054
0.000130
0.000176
0.000585
0.000000
0.000000
0.000000
0.000000
0.000000
0.000015
0.000411
0.000050
0.000014
0.000000
0.000000
0.000000
0.000000
0.000000
0.000000
0.000000
0.000000
0.000000
0.000000
0.000054
0.000000
0.000000
0.000000
0.000000
0.000000
0.000000
0.000000
0.000000
0.000000
0.000000
0.000055
0.000000
0.000023
0.000020
0.000000
0.000000
0.000000
0.000000
0.000000
0.000252
0.000000
0.000127
0.000017
0.000000
0.000071
0.000197
0.000013
0.000000
0.000000
0.000000
0.000000
0.000000
0.000000
0.000000
0.000000
0.000000
0.000000
0.000000
0.000000
0.000000
0.000025
0.000000
0.000010
0.000000
0.000000
0.000000
0.000000
0.000000
0.000000
0.000000
0.000650
0.000167
0.000000
0.000048
0.000164
0.000000
0.000000
0.000000
0.000000
0.001870
0.000222
0.000000
0.000082
0.000094
0.001489
0.000114
0.000046
0.000000
0.000000
0.000000
0.000000
0.000000
0.000000
0.000000
0.000000
0.000000
0.000000
0.000000
0.000000
0.000000
0.000049
0.000006
0.000000
0.000000
0.000000
0.000000
0.000000
0.000000
0.000005
0.000022
0.000583
0.000000
0.000005
0.000124
0.000000
0.000000
0.000000
0.000159
0.000122
0.000388
0.000000
0.000000
0.000129
0.000405
0.000054
0.000012
0.000000
0.000000
0.000000
0.000000
0.000000
0.000000
0.000000
0.000000
0.000000
0.000000
0.000000
0.000000
0.000000
0.000006
0.000000
0.000000
0.000000
0.000000
0.000000
0.000000
0.000017
0.000000
0.000000
0.000045
0.000074
0.000000
0.000037
0.000032
0.000000
0.000000
0.000015
0.000000
0.000000
0.000062
0.000000
0.000000
0.000017
0.000000
0.000012
0.000000
0.000000
0.000000
0.000000
0.000000
0.000000
0.000000
0.000000
0.000000
0.000000
0.000000
0.000000
0.000000
0.000000
0.000000
0.000000
0.000000
0.000000
0.000000
0.000005
0.000007
0.000000
0.000011
0.000000
0.000000
0.000077
0.000144
0.000000
0.000105
0.000000
0.000000
0.000166
0.000000
0.000000
0.000098
0.000044
0.000132
0.000000
0.000000
0.000000
0.000000
0.000000
0.000000
0.000000
0.000000
0.000000
0.000000
0.000000
0.000000
0.000000
0.000000
0.000000
0.000000
0.000041
0.000000
0.000000
0.000000
0.000019
0.000000
0.000007
0.000000
0.000000
0.000032
0.000017
0.000000
0.000450
0.000028
0.000046
0.000045
0.000000
0.000081
0.000143
0.000000
0.000082
0.000037
0.000030
0.000013
0.000019
0.000000
0.000000
0.000000
0.000000
0.000000
0.000000
0.000000
0.000000
0.000000
0.000000
0.000000
0.000000
0.000000
0.000000
0.000000
0.000000
0.000000
0.000000
0.000000
0.000000
0.000000
0.000000
0.000000
0.000000
0.000000
0.000000
0.000000
0.000392
0.001516
0.000373
0.000227
0.001368
0.000362
0.000098
0.000119
0.000028
0.415471
0.000000
0.000162
0.000000
0.000000
0.000000
0.000000
0.000000
0.000000
0.000000
0.000000
0.000000
0.001417
0.004707
0.002061
0.001479
0.005162
0.001985
0.000165
0.000186
0.000302
0.000014
0.000000
0.000087
0.000000
0.000073
0.000015
0.000000
0.000006
0.000000
0.000014
0.000123
0.000062
0.000000
0.000031
0.000201
0.000000
0.000010
0.000033
0.000000
0.000361
0.000000
0.000000
0.000000
0.000089
0.000009
0.000000
0.000074
0.000000
0.000000
0.000000
0.000000
0.000062
0.000038
0.000000
0.000100
0.000027
0.000000
0.000013
0.000044
0.000082
0.000152
0.000372
0.000022
0.000087
0.000295
0.000051
0.000045
0.000098
0.000000
0.000034
0.000025
0.000000
0.000058
0.000016
0.000000
0.000000
0.000014
0.000043
0.000000
0.029191
0.000221
0.000040
0.000470
0.000145
0.000095
0.000379
0.000143
0.000026
0.000409
0.000013
0.000017
0.000024
0.000000
0.000025
0.000007
0.000008
0.000000
0.000000
0.000000
0.000000
0.000000
0.000000
0.000000
0.000000
0.000000
0.000000
0.000000
0.000000
0.000000
0.000000
0.000000
0.000000
0.000000
0.000000
0.000000
0.000000
0.000000
0.000000
0.000077
0.015558
0.000000
0.009790
0.000000
0.000000
0.000000
0.002136
0.000000
0.001337
0.000438
0.000000
0.000382
0.000000
0.000000
0.000000
0.000060
0.000000
0.000036
0.000000
0.000000
0.000000
0.000000
0.000000
0.000000
0.000000
0.000000
0.000000
0.000000
0.000000
0.000000
0.000000
0.000000
0.000000
0.000000
0.000000
0.000000
0.000000
0.000019
0.000151
0.000000
0.006959
0.003508
0.000000
0.000000
0.000000
0.000000
0.001628
0.000622
0.000000
0.002252
0.000141
0.000000
0.000000
0.000000
0.000000
0.000088
0.000000
0.000000
0.000000
0.000000
0.000000
0.000000
0.000000
0.000000
0.000000
0.000000
0.000000
0.000000
0.000000
0.000000
0.000000
0.000000
0.000000
0.000000
0.000000
0.000000
0.000064
0.000287
0.009730
0.005990
0.074582
0.000000
0.000000
0.000000
0.001292
0.001110
0.010803
0.000333
0.002236
0.004143
0.000000
0.000000
0.000000
0.000019
0.000061
0.000604
0.000000
0.000000
0.000000
0.000000
0.000000
0.000000
0.000000
0.000000
0.000000
0.000000
0.000000
0.000000
0.000000
0.000000
0.000000
0.000000
0.000000
0.000000
0.000000
0.000000
0.000076
0.000000
0.000000
0.000000
0.012896
0.000000
0.005983
0.001566
0.000000
0.001200
0.000000
0.000000
0.000000
0.000190
0.000000
0.000173
0.000019
0.000000
0.000098
0.000000
0.000000
0.000000
0.000000
0.000000
0.000000
0.000000
0.000000
0.000000
0.000000
0.000000
0.000000
0.000000
0.000000
0.000000
0.000000
0.000000
0.000000
0.000000
0.000025
0.000177
0.000000
0.000000
0.000000
0.000000
0.014186
0.007218
0.000000
0.000856
0.002022
0.000000
0.000000
0.000000
0.000000
0.001973
0.000012
0.000000
0.000005
0.000000
0.000000
0.000000
0.000000
0.000000
0.000000
0.000000
0.000000
0.000000
0.000000
0.000000
0.000000
0.000000
0.000000
0.000000
0.000000
0.000000
0.000000
0.000000
0.000000
0.000000
0.000196
0.000000
0.000000
0.000000
0.006149
0.005945
0.044991
0.001534
0.000528
0.011317
0.000000
0.000000
0.000000
0.000033
0.001393
0.001883
0.000011
0.000000
0.000116
0.000000
0.000000
0.000000
0.000000
0.000000
0.000000
0.000000
0.000000
0.000000
0.000000
0.000000
0.000000
0.000000
0.000000
0.000000
0.000000
0.000000
0.000000
0.000000
0.000000
0.000050
0.001251
0.000000
0.001983
0.001038
0.000000
0.001124
0.006261
0.000000
0.004456
0.000191
0.000000
0.000085
0.000086
0.000000
0.000102
0.000366
0.000000
0.000331
0.000000
0.000000
0.000000
0.000000
0.000000
0.000000
0.000000
0.000000
0.000000
0.000000
0.000000
0.000000
0.000000
0.000000
0.000000
0.000000
0.000000
0.000000
0.000000
0.000005
0.000089
0.000000
0.000867
0.000523
0.000000
0.002209
0.000932
0.000000
0.003444
0.001761
0.000000
0.000115
0.000000
0.000000
0.000257
0.000007
0.000000
0.000381
0.000000
0.000000
0.000000
0.000000
0.000000
0.000000
0.000000
0.000000
0.000000
0.000000
0.000000
0.000000
0.000000
0.000000
0.000000
0.000000
0.000000
0.000000
0.000000
0.000000
0.000081
0.000197
0.001758
0.000988
0.014554
0.000877
0.001464
0.006906
0.003997
0.002757
0.035775
0.000085
0.000350
0.000548
0.000022
0.000359
0.001070
0.000064
0.000508
0.001285
0.000000
0.000000
0.000000
0.000000
0.000000
0.000000
0.000000
0.000000
0.000000
0.000012
0.000069
0.000000
0.000000
0.000000
0.000000
0.000000
0.000000
0.000000
0.001455
0.000000
0.000009
0.000524
0.000000
0.000337
0.000000
0.000000
0.000000
0.000077
0.000000
0.000016
0.001743
0.000061
0.000441
0.000000
0.000000
0.000015
0.000112
0.000000
0.000014
0.000000
0.000000
0.000000
0.000000
0.000000
0.000000
0.000000
0.000000
0.000000
0.000008
0.000118
0.000052
0.000000
0.000000
0.000000
0.000000
0.000000
0.000000
0.007690
0.000076
0.000016
0.000000
0.000487
0.001202
0.000000
0.000000
0.000000
0.000000
0.000007
0.000105
0.000014
0.005618
0.002765
0.000000
0.000071
0.000000
0.000000
0.000132
0.000406
0.000000
0.000000
0.000000
0.000000
0.000000
0.000000
0.000000
0.000000
0.000000
0.000000
0.000061
0.000000
0.000000
0.000039
0.000000
0.000000
0.000000
0.000000
0.001641
0.000054
0.000039
0.000619
0.000023
0.004018
0.000000
0.000000
0.000000
0.000046
0.000000
0.000527
0.000440
0.003027
0.002947
0.000000
0.000000
0.000000
0.000000
0.000000
0.000258
0.000000
0.000000
0.000000
0.000000
0.000000
0.000000
0.000000
0.000000
0.000000
0.000000
0.000000
0.000007
0.000000
0.000011
0.000000
0.000000
0.000000
0.000000
0.000824
0.000010
0.000010
0.000000
0.000000
0.000000
0.000612
0.000000
0.000239
0.000055
0.000000
0.000036
0.000000
0.000006
0.000000
0.001094
0.000000
0.000276
0.000197
0.000000
0.000116
0.000000
0.000000
0.000000
0.000000
0.000000
0.000000
0.000000
0.000000
0.000000
0.000074
0.000062
0.000000
0.000000
0.000018
0.000000
0.000000
0.000012
0.000007
0.006385
0.000104
0.000025
0.000000
0.000000
0.000000
0.000000
0.001018
0.001450
0.000000
0.000059
0.000273
0.000000
0.000000
0.000000
0.000011
0.005556
0.002108
0.000000
0.000157
0.000450
0.000000
0.000000
0.000000
0.000000
0.000000
0.000000
0.000000
0.000000
0.000000
0.000000
0.000000
0.000000
0.000085
0.000011
0.000013
0.000000
0.000000
0.000000
0.001509
0.000103
0.000006
0.000000
0.000000
0.000000
0.000414
0.000105
0.003312
0.000000
0.000000
0.000504
0.000000
0.000000
0.000000
0.000259
0.001610
0.002025
0.000000
0.000000
0.000171
0.000000
0.000000
0.000000
0.000000
0.000000
0.000000
0.000000
0.000000
0.000000
0.000000
0.000000
0.000000
0.000000
0.000000
0.000000
0.000000
0.000000
0.000000
0.000271
0.000000
0.000000
0.000077
0.000000
0.000013
0.000036
0.000000
0.000042
0.000103
0.000000
0.000114
0.000127
0.000000
0.000000
0.000255
0.000007
0.000000
0.000181
0.000000
0.000102
0.000000
0.000000
0.000000
0.000000
0.000000
0.000000
0.000000
0.000000
0.000000
0.000000
0.000072
0.000000
0.000000
0.000000
0.000000
0.000000
0.000000
0.000000
0.000479
0.000050
0.000000
0.000000
0.000014
0.000010
0.000000
0.000000
0.000005
0.000000
0.000081
0.000276
0.000000
0.000170
0.000000
0.000000
0.000614
0.000000
0.000000
0.000170
0.000159
0.000000
0.000000
0.000000
0.000000
0.000000
0.000000
0.000000
0.000000
0.000000
0.000000
0.000000
0.000000
0.000000
0.000000
0.000000
0.000000
0.000000
0.000000
0.000319
0.000076
0.000014
0.000068
0.000000
0.000214
0.000000
0.000000
0.000117
0.000100
0.000000
0.001474
0.000065
0.000220
0.000159
0.000013
0.000699
0.000456
0.000124
0.000387
0.000609
