0.010621
0.014753
0.007479
0.005143
0.014676
0.005961
0.001636
0.001469
0.001174
0.000577
0.001950
0.000210
0.000434
0.002119
0.000181
0.000012
0.000042
0.000008
0.477138
0.000116
0.027718
0.085977
0.058567
0.063435
0.058309
0.064446
0.042761
0.012707
0.008593
0.010806
0.001959
0.007646
0.000955
0.001396
0.007799
0.000831
0.000146
0.000168
0.000085
0.008504
0.000000
0.001389
0.000000
0.000000
0.000000
0.000474
0.000000
0.000056
0.000101
0.000000
0.000016
0.000000
0.000000
0.000000
0.000003
0.000000
0.000000
0.000000
0.000000
0.000075
0.000000
0.000000
0.000000
0.000000
0.000000
0.000000
0.000000
0.000000
0.000000
0.000000
0.000000
0.000000
0.000000
0.000000
0.000000
0.000000
0.000000
0.000000
0.000000
0.012389
0.001413
0.000000
0.000000
0.000000
0.000000
0.000363
0.000041
0.000000
0.000356
0.000002
0.000000
0.000000
0.000000
0.000000
0.000002
0.000000
0.000000
0.000002
0.000201
0.000000
0.000000
0.000000
0.000000
0.000000
0.000000
0.000000
0.000000
0.000000
0.000000
0.000000
0.000000
0.000000
0.000000
0.000000
0.000000
0.000000
0.000000
0.001525
0.001325
0.004126
0.000000
0.000000
0.000000
0.000046
0.000087
0.000193
0.000008
0.000064
0.000069
0.000000
0.000000
0.000000
0.000000
0.000000
0.000000
0.000000
0.000000
0.000054
0.000000
0.000000
0.000000
0.000000
0.000000
0.000000
0.000000
0.000000
0.000000
0.000000
0.000000
0.000000
0.000000
0.000000
0.000000
0.000000
0.000000
0.000000
0.000000
0.000000
0.000000
0.003702
0.000000
0.000935
0.000309
0.000000
0.000044
0.000000
0.000000
0.000000
0.000087
0.000000
0.000004
0.000000
0.000000
0.000000
0.000000
0.000000
0.000060
0.000000
0.000000
0.000000
0.000000
0.000000
0.000000
0.000000
0.000000
0.000000
0.000000
0.000000
0.000000
0.000000
0.000000
0.000000
0.000000
0.000000
0.000000
0.000000
0.000000
0.000000
0.000000
0.012233
0.001207
0.000000
0.000359
0.000088
0.000000
0.000000
0.000000
0.000000
0.000565
0.000016
0.000000
0.000002
0.000000
0.000000
0.000000
0.000087
0.000000
0.000000
0.000000
0.000000
0.000000
0.000000
0.000000
0.000000
0.000000
0.000000
0.000000
0.000000
0.000000
0.000000
0.000000
0.000000
0.000000
0.000000
0.000000
0.000000
0.000000
0.000805
0.001301
0.003390
0.000090
0.000034
0.000162
0.000000
0.000000
0.000000
0.000021
0.000072
0.000048
0.000000
0.000000
0.000000
0.000000
0.000003
0.000023
0.000000
0.000000
0.000000
0.000000
0.000000
0.000000
0.000000
0.000000
0.000000
0.000000
0.000000
0.000000
0.000000
0.000000
0.000000
0.000000
0.000000
0.000000
0.000301
0.000000
0.000100
0.000365
0.000000
0.000085
0.000594
0.000000
0.000153
0.000024
0.000000
0.000000
0.000000
0.000000
0.000000
0.000004
0.000000
0.000000
0.000000
0.000000
0.000004
0.000000
0.000000
0.000000
0.000000
0.000000
0.000000
0.000000
0.000000
0.000000
0.000000
0.000000
0.000000
0.000000
0.000000
0.000000
0.000000
0.000000
0.000000
0.000000
0.000312
0.000077
0.000000
0.000446
0.000014
0.000000
0.000480
0.000099
0.000000
0.000010
0.000000
0.000000
0.000009
0.000000
0.000000
0.000020
0.000000
0.000000
0.000000
0.000005
0.000000
0.000000
0.000000
0.000000
0.000000
0.000000
0.000000
0.000000
0.000000
0.000000
0.000000
0.000000
0.000000
0.000000
0.000000
0.000000
0.000000
0.000000
0.000089
0.000037
0.000212
0.000045
0.000088
0.000211
0.000083
0.000080
0.000310
0.000000
0.000000
0.000007
0.000000
0.000003
0.000000
0.000000
0.000000
0.000004
0.000000
0.000000
0.000008
0.000000
0.000000
0.000000
0.000000
0.000000
0.000000
0.000000
0.000000
0.000000
0.000000
0.000000
0.000000
0.000000
0.000000
0.000000
0.000000
0.000000
0.000000
0.000143
0.000000
0.000023
0.000000
0.000000
0.000000
0.000015
0.000000
0.000000
0.000235
0.000000
0.000016
0.000000
0.000000
0.000000
0.000000
0.000000
0.000000
0.000145
0.000003
0.000000
0.000000
0.000000
0.000000
0.000000
0.000000
0.000000
0.000000
0.000000
0.000000
0.000000
0.000000
0.000000
0.000000
0.000000
0.000000
0.000000
0.000000
0.000000
0.000000
0.000563
0.000051
0.000000
0.000000
0.000000
0.000000
0.000024
0.000000
0.000000
0.000764
0.000040
0.000000
0.000000
0.000000
0.000000
0.000000
0.000000
0.000454
0.000024
0.000018
0.000000
0.000000
0.000000
0.000000
0.000000
0.000000
0.000000
0.000000
0.000000
0.000000
0.000000
0.000000
0.000000
0.000000
0.000000
0.000000
0.000018
0.000000
0.000022
0.000001
0.000055
0.000000
0.000000
0.000000
0.000000
0.000000
0.000003
0.000010
0.000051
0.000033
0.000000
0.000000
0.000000
0.000000
0.000000
0.000000
0.000028
0.000008
0.000000
0.000000
0.000000
0.000000
0.000000
0.000000
0.000000
0.000000
0.000000
0.000000
0.000000
0.000000
0.000000
0.000000
0.000000
0.000000
0.000000
0.000000
0.000000
0.000000
0.000000
0.000000
0.000131
0.000000
0.000015
0.000003
0.000000
0.000000
0.000000
0.000000
0.000000
0.000149
0.000000
0.000021
0.000000
0.000000
0.000000
0.000112
0.000000
0.000004
0.000000
0.000000
0.000000
0.000000
0.000000
0.000000
0.000000
0.000000
0.000000
0.000000
0.000000
0.000000
0.000000
0.000000
0.000000
0.000000
0.000000
0.000000
0.000000
0.000000
0.000000
0.000000
0.000527
0.000022
0.000000
0.000026
0.000006
0.000000
0.000000
0.000000
0.000000
0.000796
0.000060
0.000000
0.000008
0.000002
0.000646
0.000000
0.000000
0.000000
0.000000
0.000000
0.000000
0.000000
0.000000
0.000000
0.000000
0.000000
0.000000
0.000014
0.000000
0.000000
0.000002
0.000000
0.000000
0.000000
0.000000
0.000000
0.000000
0.000000
0.000034
0.000000
0.000062
0.000000
0.000000
0.000005
0.000000
0.000000
0.000000
0.000016
0.000024
0.000012
0.000000
0.000000
0.000000
0.000025
0.000000
0.000000
0.000000
0.000000
0.000000
0.000000
0.000000
0.000000
0.000000
0.000000
0.000000
0.000000
0.000000
0.000000
0.000000
0.000002
0.000000
0.000000
0.000000
0.000000
0.000000
0.000000
0.000000
0.000000
0.000000
0.000000
0.000003
0.000000
0.000000
0.000002
0.000000
0.000000
0.000002
0.000000
0.000000
0.000002
0.000000
0.000000
0.000003
0.000000
0.000000
0.000000
0.000000
0.000000
0.000000
0.000000
0.000000
0.000000
0.000000
0.000000
0.000000
0.000000
0.000000
0.000000
0.000000
0.000000
0.000000
0.000000
0.000000
0.000000
0.000004
0.000000
0.000000
0.000000
0.000000
0.000000
0.000004
0.000006
0.000000
0.000012
0.000000
0.000000
0.000008
0.000000
0.000000
0.000004
0.000002
0.000004
0.000000
0.000000
0.000000
0.000000
0.000000
0.000000
0.000000
0.000000
0.000000
0.000000
0.000000
0.000000
0.000000
0.000000
0.000000
0.000000
0.000000
0.000000
0.000000
0.000000
0.000000
0.000000
0.000002
0.000000
0.000000
0.000000
0.000000
0.000000
0.000002
0.000002
0.000000
0.000003
0.000000
0.000000
0.000000
0.000000
0.000000
0.000000
0.000000
0.000000
0.000000
0.000000
0.000000
0.000000
0.000000
0.000000
0.000000
0.000000
0.000000
0.000000
0.000000
0.000000
0.000000
0.000000
0.000000
0.000000
0.000000
0.000000
0.000000
0.000000
0.000000
0.000000
0.000000
0.000000
0.000000
0.000000
0.000000
0.000000
0.000195
0.000673
0.000026
0.000160
0.000601
0.000018
0.000003
0.000007
0.000000
0.468896
0.000000
0.000002
0.000000
0.000000
0.000000
0.000000
0.000000
0.000000
0.000000
0.000000
0.000000
0.000600
0.001878
0.000166
0.000565
0.002169
0.000131
0.000029
0.000014
0.000002
0.000004
0.000021
0.000000
0.000000
0.000002
0.000000
0.000000
0.000003
0.000000
0.000000
0.000000
0.000000
0.000000
0.000015
0.000003
0.000000
0.000000
0.000000
0.000000
0.000029
0.000000
0.000000
0.000012
0.000000
0.000003
0.000002
0.000000
0.000000
0.000003
0.000000
0.000000
0.000004
0.000012
0.000000
0.000000
0.000000
0.000000
0.000004
0.000000
0.000044
0.000097
0.000040
0.000063
0.000095
0.000019
0.000024
0.000012
0.000011
0.000000
0.000000
0.000000
0.000000
0.000000
0.000000
0.000000
0.000000
0.000000
0.000019
0.000000
0.026761
0.000118
0.000047
0.000098
0.000114
0.000066
0.000082
0.000026
0.000012
0.000025
0.000000
0.000003
0.000000
0.000000
0.000004
0.000000
0.000000
0.000000
0.000000
0.000000
0.000000
0.000000
0.000000
0.000000
0.000000
0.000000
0.000000
0.000000
0.000000
0.000000
0.000000
0.000000
0.000000
0.000000
0.000000
0.000000
0.000000
0.000000
0.000000
0.000083
0.067350
0.000000
0.014843
0.000000
0.000000
0.000000
0.002823
0.000000
0.000624
0.000432
0.000000
0.000038
0.000000
0.000000
0.000000
0.000022
0.000000
0.000009
0.000000
0.000000
0.000000
0.000000
0.000000
0.000000
0.000000
0.000000
0.000000
0.000000
0.000000
0.000000
0.000000
0.000000
0.000000
0.000000
0.000000
0.000000
0.000000
0.000021
0.000056
0.000000
0.042593
0.011062
0.000000
0.000000
0.000000
0.000000
0.002142
0.000461
0.000000
0.002356
0.000033
0.000000
0.000000
0.000000
0.000000
0.000008
0.000000
0.000000
0.000000
0.000000
0.000000
0.000000
0.000000
0.000000
0.000000
0.000000
0.000000
0.000000
0.000000
0.000000
0.000000
0.000000
0.000000
0.000000
0.000000
0.000000
0.000000
0.000068
0.013796
0.012887
0.033461
0.000000
0.000000
0.000000
0.000611
0.000506
0.001609
0.000084
0.000299
0.000277
0.000000
0.000000
0.000000
0.000004
0.000003
0.000017
0.000000
0.000000
0.000000
0.000000
0.000000
0.000000
0.000000
0.000000
0.000000
0.000000
0.000000
0.000000
0.000000
0.000000
0.000000
0.000000
0.000000
0.000000
0.000000
0.000000
0.000044
0.000000
0.000000
0.000000
0.046142
0.000000
0.008472
0.002899
0.000000
0.000583
0.000000
0.000000
0.000000
0.000219
0.000000
0.000065
0.000003
0.000000
0.000000
0.000000
0.000000
0.000000
0.000000
0.000000
0.000000
0.000000
0.000000
0.000000
0.000000
0.000000
0.000000
0.000000
0.000000
0.000000
0.000000
0.000000
0.000000
0.000000
0.000004
0.000139
0.000000
0.000000
0.000000
0.000000
0.051187
0.008448
0.000000
0.001950
0.000803
0.000000
0.000000
0.000000
0.000000
0.001994
0.000037
0.000000
0.000000
0.000004
0.000000
0.000000
0.000000
0.000000
0.000000
0.000000
0.000000
0.000000
0.000000
0.000000
0.000000
0.000000
0.000000
0.000000
0.000000
0.000000
0.000000
0.000000
0.000000
0.000000
0.000028
0.000000
0.000000
0.000000
0.008582
0.007761
0.022901
0.000583
0.000425
0.002024
0.000000
0.000000
0.000000
0.000042
0.000272
0.000234
0.000000
0.000000
0.000000
0.000000
0.000000
0.000000
0.000000
0.000000
0.000000
0.000000
0.000000
0.000000
0.000000
0.000000
0.000000
0.000000
0.000000
0.000000
0.000000
0.000000
0.000000
0.000000
0.000000
0.000010
0.003342
0.000000
0.000677
0.002461
0.000000
0.000684
0.004565
0.000000
0.000913
0.000035
0.000000
0.000004
0.000019
0.000000
0.000000
0.000035
0.000000
0.000002
0.000000
0.000000
0.000000
0.000000
0.000000
0.000000
0.000000
0.000000
0.000000
0.000000
0.000000
0.000000
0.000000
0.000000
0.000000
0.000000
0.000000
0.000000
0.000000
0.000000
0.000011
0.000000
0.001592
0.000666
0.000000
0.002339
0.000270
0.000000
0.002566
0.000980
0.000000
0.000003
0.000000
0.000000
0.000141
0.000000
0.000000
0.000048
0.000000
0.000000
0.000000
0.000000
0.000000
0.000000
0.000000
0.000000
0.000000
0.000000
0.000000
0.000000
0.000000
0.000000
0.000000
0.000000
0.000000
0.000000
0.000000
0.000000
0.000000
0.000010
0.001096
0.000391
0.001944
0.000587
0.000660
0.001306
0.001173
0.000840
0.002719
0.000002
0.000032
0.000004
0.000004
0.000019
0.000023
0.000004
0.000008
0.000013
0.000000
0.000000
0.000000
0.000000
0.000000
0.000000
0.000000
0.000000
0.000000
0.000000
0.000000
0.000000
0.000000
0.000000
0.000000
0.000000
0.000000
0.000000
0.000618
0.000000
0.000000
0.000398
0.000000
0.000111
0.000000
0.000000
0.000000
0.000019
0.000000
0.000000
0.000705
0.000000
0.000090
0.000011
0.000000
0.000000
0.000011
0.000000
0.000000
0.000000
0.000000
0.000000
0.000000
0.000000
0.000000
0.000000
0.000000
0.000000
0.000000
0.000016
0.000000
0.000000
0.000000
0.000000
0.000000
0.000000
0.000000
0.002856
0.000000
0.000000
0.000000
0.001182
0.000363
0.000000
0.000000
0.000000
0.000000
0.000056
0.000018
0.000013
0.002860
0.000253
0.000000
0.000000
0.000000
0.000000
0.000020
0.000003
0.000000
0.000000
0.000000
0.000000
0.000000
0.000000
0.000000
0.000000
0.000000
0.000000
0.000000
0.000000
0.000000
0.000000
0.000000
0.000000
0.000000
0.000000
0.000093
0.000004
0.000000
0.000104
0.000021
0.000384
0.000000
0.000000
0.000000
0.000000
0.000000
0.000000
0.000062
0.000206
0.000079
0.000000
0.000000
0.000000
0.000000
0.000000
0.000000
0.000000
0.000000
0.000000
0.000000
0.000000
0.000000
0.000000
0.000000
0.000000
0.000000
0.000000
0.000000
0.000000
0.000000
0.000000
0.000000
0.000000
0.000000
0.000365
0.000000
0.000000
0.000000
0.000000
0.000000
0.000448
0.000000
0.000041
0.000032
0.000000
0.000005
0.000000
0.000000
0.000000
0.000454
0.000000
0.000053
0.000000
0.000000
0.000000
0.000000
0.000000
0.000000
0.000000
0.000000
0.000000
0.000000
0.000000
0.000000
0.000000
0.000007
0.000000
0.000000
0.000031
0.000000
0.000000
0.000000
0.000000
0.002599
0.000015
0.000011
0.000000
0.000000
0.000000
0.000000
0.001522
0.000394
0.000000
0.000030
0.000031
0.000000
0.000000
0.000000
0.000000
0.002962
0.000170
0.000000
0.000024
0.000017
0.000000
0.000000
0.000000
0.000000
0.000000
0.000000
0.000000
0.000000
0.000000
0.000000
0.000000
0.000000
0.000000
0.000000
0.000000
0.000000
0.000000
0.000000
0.000137
0.000003
0.000000
0.000000
0.000000
0.000000
0.000087
0.000018
0.000231
0.000000
0.000002
0.000012
0.000000
0.000000
0.000000
0.000045
0.000180
0.000115
0.000000
0.000000
0.000004
0.000000
0.000000
0.000000
0.000000
0.000000
0.000000
0.000000
0.000000
0.000000
0.000000
0.000000
0.000000
0.000000
0.000000
0.000000
0.000000
0.000000
0.000000
0.000027
0.000000
0.000000
0.000014
0.000000
0.000000
0.000004
0.000000
0.000000
0.000016
0.000000
0.000002
0.000026
0.000000
0.000000
0.000019
0.000000
0.000000
0.000036
0.000000
0.000004
0.000000
0.000000
0.000000
0.000000
0.000000
0.000000
0.000000
0.000000
0.000000
0.000000
0.000000
0.000000
0.000000
0.000000
0.000000
0.000000
0.000000
0.000000
0.000012
0.000000
0.000000
0.000000
0.000007
0.000006
0.000000
0.000007
0.000026
0.000000
0.000029
0.000000
0.000000
0.000003
0.000000
0.000000
0.000052
0.000000
0.000000
0.000021
0.000006
0.000000
0.000000
0.000000
0.000000
0.000000
0.000000
0.000000
0.000000
0.000000
0.000000
0.000000
0.000000
0.000000
0.000000
0.000000
0.000000
0.000000
0.000000
0.000006
0.000000
0.000000
0.000000
0.000000
0.000007
0.000000
0.000000
0.000003
0.000000
0.000000
0.000026
0.000004
0.000006
0.000000
0.000017
0.000003
0.000006
0.000004
0.000000
0.000004
