0.000000 0.000000 0.927500 0.062000 0.010500
0.000000 0.000000 0.809000 0.150500 0.040500
2.000000 1.000000 0.289500 0.358000 0.353000
2.000000 1.500000 0.235000 0.346500 0.418500
1.000000 1.500000 0.327500 0.256000 0.416500
0.000000 0.000000 0.836000 0.156000 0.008000
0.000000 0.000000 0.867000 0.081500 0.050500
0.000000 0.000000 0.480500 0.387500 0.131000
0.000000 0.000000 0.925500 0.049500 0.025000
0.000000 0.000000 0.963000 0.032000 0.005500
0.000000 0.000000 0.913500 0.078000 0.009000
0.000000 0.000000 0.911500 0.047500 0.041500
0.000000 0.000000 0.703000 0.179000 0.117500
0.000000 0.000000 0.887500 0.089000 0.023000
0.000000 0.000000 0.797000 0.167500 0.035500
0.000000 0.000000 0.608500 0.306000 0.085500
0.000000 0.500000 0.371500 0.332500 0.296000
0.000000 0.000000 0.872500 0.119500 0.008000
0.000000 0.000000 0.521500 0.330000 0.148500
1.000000 0.000000 0.784000 0.135500 0.081000
1.000000 0.000000 0.557500 0.315500 0.126500
0.000000 1.500000 0.298500 0.348500 0.353000
1.000000 0.500000 0.459500 0.311000 0.229000
0.000000 0.000000 0.852500 0.122000 0.025500
0.000000 0.000000 0.920500 0.049000 0.031000
0.000000 0.000000 0.935000 0.049000 0.016000
0.000000 1.000000 0.414000 0.314500 0.271000
1.000000 0.500000 0.494500 0.388500 0.117000
0.000000 0.000000 0.727500 0.208500 0.064000
0.000000 0.000000 0.894500 0.083000 0.022500
0.000000 0.000000 0.713000 0.165000 0.122500
0.000000 0.000000 0.528500 0.279000 0.192500
1.000000 2.000000 0.067500 0.153500 0.779000
0.000000 0.000000 0.882000 0.098500 0.019000
0.000000 0.000000 0.877500 0.110500 0.012000
2.000000 0.500000 0.606000 0.343500 0.050000
2.000000 0.000000 0.652000 0.179500 0.168500
2.000000 0.000000 0.745500 0.158500 0.096000
0.000000 0.000000 0.851000 0.115000 0.033500
0.000000 0.000000 0.832000 0.152000 0.016000
2.000000 0.000000 0.825000 0.132000 0.043000
1.000000 0.500000 0.396000 0.341500 0.262500
1.000000 0.000000 0.772000 0.204500 0.023500
0.000000 0.000000 0.934000 0.052000 0.014000
0.000000 0.000000 0.864000 0.094000 0.042500
1.000000 1.500000 0.267500 0.386500 0.345500
0.000000 0.000000 0.928000 0.054000 0.018000
0.000000 0.000000 0.775500 0.123000 0.101000
0.000000 0.000000 0.858500 0.095500 0.046000
0.000000 0.000000 0.884000 0.106500 0.009500
0.000000 1.500000 0.292000 0.297500 0.410000
0.000000 0.000000 0.829000 0.144500 0.026000
0.000000 0.000000 0.958500 0.037000 0.005000
0.000000 0.000000 0.857000 0.102500 0.040500
0.000000 0.000000 0.915500 0.073000 0.011500
0.000000 0.000000 0.793000 0.159000 0.048500
0.000000 0.000000 0.725000 0.112500 0.162500
0.000000 0.000000 0.953000 0.036500 0.010500
0.000000 0.000000 0.877000 0.084000 0.038500
0.000000 0.000000 0.901500 0.078000 0.021000
0.000000 0.000000 0.914500 0.051500 0.034500
0.000000 0.000000 0.797500 0.122000 0.080500
0.000000 0.000000 0.825000 0.143000 0.032000
0.000000 0.000000 0.826500 0.138000 0.035500
0.000000 0.000000 0.751000 0.181000 0.067500
0.000000 0.000000 0.740000 0.219500 0.040500
0.000000 0.000000 0.919000 0.074500 0.006500
2.000000 1.500000 0.128500 0.366500 0.505500
0.000000 0.000000 0.855000 0.102000 0.043500
0.000000 0.000000 0.919500 0.071000 0.009500
0.000000 0.000000 0.744500 0.224000 0.032000
0.000000 0.000000 0.663000 0.190000 0.147000
1.000000 2.000000 0.153000 0.303500 0.544000
0.000000 0.000000 0.769500 0.108000 0.122500
0.000000 0.000000 0.887500 0.083500 0.029000
0.000000 0.000000 0.865000 0.086000 0.049000
1.000000 0.000000 0.867000 0.112000 0.020500
2.000000 1.000000 0.097500 0.677500 0.224500
0.000000 0.000000 0.845500 0.115500 0.039000
0.000000 0.000000 0.734500 0.209000 0.056500
1.000000 1.000000 0.455000 0.267500 0.277500
0.000000 0.000000 0.956000 0.041500 0.002500
1.000000 0.500000 0.472500 0.415500 0.112000
0.000000 0.000000 0.899500 0.071500 0.029000
1.000000 0.000000 0.934500 0.057000 0.008500
0.000000 0.000000 0.708000 0.196500 0.095000
0.000000 2.000000 0.022000 0.159500 0.817500
0.000000 0.000000 0.938500 0.057500 0.004000
0.000000 0.000000 0.805500 0.090000 0.104500
0.000000 0.000000 0.782000 0.171000 0.046500
0.000000 0.000000 0.874000 0.104500 0.022500
0.000000 0.000000 0.803000 0.166000 0.031000
0.000000 0.000000 0.834500 0.123000 0.042500
0.000000 0.000000 0.884000 0.073000 0.043500
0.000000 0.000000 0.906000 0.075500 0.018500
0.000000 0.000000 0.832500 0.152000 0.015000
0.000000 0.000000 0.943000 0.044500 0.012500
0.000000 0.000000 0.904000 0.044500 0.052000
0.000000 0.000000 0.863000 0.095500 0.041500
0.000000 0.000000 0.827000 0.141500 0.031000
2.000000 0.000000 0.910000 0.079500 0.010500
0.000000 0.000000 0.804500 0.174500 0.020500
1.000000 1.500000 0.067500 0.542500 0.390500
2.000000 0.000000 0.718000 0.144500 0.137500
2.000000 1.500000 0.053500 0.460500 0.486000
0.000000 0.000000 0.862500 0.120500 0.016500
0.000000 0.000000 0.904500 0.084000 0.012000
0.000000 0.000000 0.887000 0.102000 0.011000
0.000000 0.000000 0.902000 0.047000 0.050500
0.000000 0.000000 0.764500 0.192500 0.043000
0.000000 0.000000 0.961500 0.026000 0.013000
0.000000 0.000000 0.654500 0.218500 0.127000
0.000000 0.000000 0.857500 0.112000 0.031000
0.000000 0.000000 0.920000 0.072000 0.007000
0.000000 0.000000 0.932500 0.058500 0.009000
0.000000 0.000000 0.824000 0.116000 0.060000
0.000000 0.000000 0.739000 0.158000 0.103000
0.000000 0.000000 0.837000 0.131000 0.032000
0.000000 0.000000 0.673500 0.157500 0.169000
0.000000 0.000000 0.834500 0.111000 0.054500
2.000000 2.000000 0.271000 0.329500 0.399000
0.000000 0.000000 0.964000 0.031000 0.005000
0.000000 0.000000 0.776500 0.205500 0.018500
0.000000 0.000000 0.942000 0.041000 0.016500
0.000000 0.000000 0.951500 0.038000 0.010500
0.000000 0.000000 0.942500 0.049000 0.009000
0.000000 0.000000 0.916500 0.074500 0.009500
0.000000 0.000000 0.815000 0.159000 0.025500
0.000000 0.000000 0.897000 0.069500 0.033500
0.000000 0.000000 0.936000 0.053000 0.011000
0.000000 0.000000 0.863000 0.117500 0.019500
0.000000 0.000000 0.963000 0.028000 0.008500
0.000000 0.000000 0.975000 0.018500 0.006500
0.000000 0.000000 0.930500 0.047000 0.022500
1.000000 0.000000 0.889500 0.085000 0.025500
2.000000 0.000000 0.914000 0.079000 0.006500
1.000000 0.000000 0.804500 0.153000 0.043000
1.000000 0.000000 0.712000 0.233000 0.055000
0.000000 0.000000 0.881000 0.084000 0.035500
0.000000 0.000000 0.952500 0.046500 0.001000
0.000000 0.000000 0.798000 0.157500 0.044500
0.000000 0.000000 0.859000 0.113000 0.028500
0.000000 0.000000 0.951500 0.046500 0.001500
0.000000 0.000000 0.943000 0.048500 0.008500
0.000000 0.000000 0.901500 0.074000 0.024000
1.000000 0.000000 0.637000 0.256500 0.106500
2.000000 0.000000 0.881000 0.087500 0.030500
1.000000 0.000000 0.965500 0.033500 0.000500
0.000000 0.000000 0.884500 0.080500 0.034500
2.000000 0.000000 0.841000 0.144000 0.015000
0.000000 0.000000 0.801500 0.192000 0.006500
1.000000 0.000000 0.899500 0.067500 0.033500
2.000000 0.000000 0.674500 0.295500 0.030000
1.000000 0.000000 0.822500 0.103500 0.074000
1.000000 0.000000 0.845000 0.147500 0.007000
2.000000 0.000000 0.908500 0.071500 0.019500
1.000000 0.000000 0.826000 0.099000 0.075000
0.000000 0.500000 0.568500 0.359000 0.073000
0.000000 0.000000 0.940000 0.051500 0.009500
2.000000 0.000000 0.866000 0.118000 0.016000
0.000000 0.000000 0.792500 0.129000 0.078500
0.000000 0.000000 0.769000 0.156500 0.074000
2.000000 0.000000 0.564500 0.158500 0.276000
0.000000 0.000000 0.849000 0.110500 0.040500
0.000000 0.000000 0.804500 0.177500 0.018000
0.000000 0.000000 0.751000 0.218000 0.031500
0.000000 0.000000 0.849000 0.124000 0.026500
0.000000 0.000000 0.826000 0.150000 0.024000
0.000000 0.000000 0.933000 0.052500 0.014500
0.000000 0.000000 0.922000 0.060500 0.018000
0.000000 0.000000 0.817500 0.158500 0.024000
0.000000 0.000000 0.897500 0.094500 0.008000
0.000000 0.000000 0.837500 0.136500 0.026000
0.000000 0.000000 0.791000 0.122000 0.087000
0.000000 0.000000 0.933500 0.057000 0.009500
1.000000 0.000000 0.816500 0.133500 0.050000
0.000000 0.000000 0.599000 0.213500 0.187500
0.000000 0.500000 0.325500 0.554500 0.120000
0.000000 0.000000 0.884000 0.089500 0.026500
0.000000 0.000000 0.831500 0.123500 0.044500
1.000000 0.000000 0.848000 0.107000 0.045000
0.000000 0.000000 0.966000 0.019000 0.014000
1.000000 0.000000 0.659500 0.275500 0.065000
0.000000 0.000000 0.718500 0.130000 0.151500
0.000000 0.000000 0.992500 0.007000 0.000500
1.000000 0.000000 0.713500 0.171500 0.115000
0.000000 0.000000 0.950000 0.046000 0.003500
0.000000 0.000000 0.532000 0.420500 0.047500
0.000000 0.000000 0.907500 0.058500 0.034000
0.000000 0.000000 0.847500 0.131000 0.021500
0.000000 0.000000 0.736000 0.214000 0.050000
0.000000 0.000000 0.907000 0.043500 0.050000
0.000000 0.000000 0.716000 0.218500 0.066000
0.000000 0.000000 0.872500 0.087500 0.040000
0.000000 0.000000 0.839500 0.119500 0.041000
1.000000 0.000000 0.684000 0.264500 0.052000
0.000000 0.000000 0.954000 0.043000 0.002500
0.000000 0.000000 0.854000 0.103000 0.043500
0.000000 0.000000 0.911000 0.075500 0.013500
0.000000 0.000000 0.903500 0.077000 0.019500
0.000000 0.000000 0.833000 0.129000 0.038000
0.000000 0.000000 0.932500 0.052500 0.015000
0.000000 0.000000 0.681000 0.246000 0.073500
0.000000 0.000000 0.784500 0.138000 0.077500
0.000000 0.000000 0.739500 0.226000 0.035000
0.000000 0.000000 0.753500 0.151500 0.095000
0.000000 0.000000 0.950500 0.046500 0.003000
0.000000 0.000000 0.857000 0.119000 0.024500
0.000000 0.000000 0.776000 0.136000 0.088000
0.000000 0.000000 0.758500 0.210000 0.031500
0.000000 0.000000 0.898000 0.076000 0.026000
1.000000 0.000000 0.874500 0.084000 0.041500
2.000000 1.000000 0.203000 0.632500 0.164000
0.000000 0.000000 0.918000 0.051000 0.031000
1.000000 0.000000 0.899000 0.087000 0.014000
0.000000 0.000000 0.508500 0.313000 0.178500
0.000000 0.000000 0.967000 0.027500 0.005000
0.000000 0.000000 0.891000 0.099000 0.010000
0.000000 0.000000 0.893000 0.083500 0.023500
0.000000 0.000000 0.813000 0.172500 0.015000
1.000000 0.500000 0.466000 0.363500 0.170500
0.000000 0.000000 0.914500 0.068500 0.016500
0.000000 0.000000 0.794500 0.176500 0.028500
0.000000 0.000000 0.846000 0.102500 0.051500
0.000000 0.000000 0.748000 0.203000 0.049000
0.000000 0.000000 0.763000 0.215000 0.022000
0.000000 0.500000 0.401500 0.467500 0.131000
0.000000 0.000000 0.820500 0.151500 0.028000
0.000000 0.000000 0.682500 0.192500 0.125500
0.000000 0.000000 0.854000 0.114000 0.032000
1.000000 0.500000 0.495000 0.384500 0.121000
0.000000 0.500000 0.621000 0.358500 0.021000
0.000000 0.000000 0.884500 0.104500 0.011000
0.000000 0.000000 0.834500 0.100000 0.065500
0.000000 0.000000 0.920500 0.050500 0.028500
0.000000 0.000000 0.847500 0.122500 0.030000
0.000000 0.000000 0.924000 0.055000 0.020500
0.000000 0.000000 0.808500 0.166000 0.026000
0.000000 0.000000 0.835000 0.116000 0.049000
0.000000 0.000000 0.795000 0.171500 0.033500
0.000000 0.000000 0.747500 0.229000 0.024000
0.000000 0.000000 0.978000 0.015500 0.006500
1.000000 0.500000 0.611000 0.341000 0.048000
0.000000 0.000000 0.828500 0.105000 0.066500
0.000000 0.000000 0.770000 0.202000 0.027500
0.000000 0.000000 0.792000 0.168500 0.039000
0.000000 0.000000 0.921000 0.059000 0.020500
0.000000 0.000000 0.857500 0.125500 0.017500
0.000000 0.000000 0.836000 0.116500 0.047500
0.000000 0.000000 0.880000 0.106500 0.013500
0.000000 0.000000 0.911000 0.077000 0.011500
2.000000 1.500000 0.127500 0.425500 0.446500
1.000000 0.000000 0.762000 0.203500 0.034500
0.000000 0.000000 0.833000 0.129500 0.037500
0.000000 0.000000 0.780500 0.183000 0.036500
0.000000 0.000000 0.837500 0.131000 0.031500
0.000000 0.000000 0.977000 0.013000 0.010500
0.000000 0.000000 0.732000 0.208000 0.061000
0.000000 0.000000 0.794500 0.155000 0.050500
0.000000 0.000000 0.804500 0.163500 0.032500
1.000000 0.000000 0.956500 0.041500 0.002000
0.000000 0.000000 0.928000 0.059500 0.013500
0.000000 0.000000 0.949000 0.045500 0.005500
0.000000 0.000000 0.878000 0.104500 0.018000
1.000000 0.000000 0.872500 0.102000 0.025500
0.000000 0.000000 0.815000 0.166500 0.018000
0.000000 0.500000 0.460500 0.297500 0.242000
1.000000 0.000000 0.520000 0.335000 0.145000
0.000000 0.000000 0.865500 0.113500 0.021500
1.000000 0.500000 0.545000 0.361500 0.093500
0.000000 0.000000 0.863500 0.131500 0.005000
0.000000 0.000000 0.959000 0.029000 0.011500
0.000000 0.000000 0.974000 0.023500 0.003000
0.000000 0.000000 0.816500 0.115000 0.068000
0.000000 0.000000 0.774000 0.193500 0.032000
0.000000 0.000000 0.863500 0.108500 0.028000
0.000000 0.000000 0.869000 0.123500 0.007500
1.000000 0.000000 0.744000 0.216500 0.039000
0.000000 0.000000 0.935000 0.056500 0.008500
0.000000 0.000000 0.917000 0.078000 0.005000
0.000000 0.000000 0.830500 0.125500 0.044000
0.000000 0.000000 0.882500 0.092000 0.025000
0.000000 0.500000 0.471500 0.442500 0.086500
0.000000 0.000000 0.811000 0.091500 0.098000
0.000000 0.000000 0.782500 0.192000 0.026000
0.000000 0.000000 0.882500 0.102500 0.015000
0.000000 0.000000 0.750000 0.204000 0.046500
0.000000 0.000000 0.915000 0.080000 0.006000
0.000000 0.000000 0.903500 0.072000 0.024000
0.000000 0.000000 0.851500 0.121000 0.028000
0.000000 0.000000 0.558500 0.359500 0.081500
0.000000 0.000000 0.949000 0.036500 0.015000
0.000000 0.000000 0.692000 0.253000 0.055000
0.000000 0.000000 0.902500 0.080500 0.017000
0.000000 0.000000 0.616500 0.323500 0.060000
0.000000 0.000000 0.927000 0.064500 0.009000
0.000000 0.000000 0.972000 0.024000 0.004000
0.000000 0.000000 0.913500 0.080500 0.005500
0.000000 0.000000 0.915500 0.071000 0.014000
1.000000 0.000000 0.867000 0.115000 0.018000
0.000000 0.000000 0.822500 0.164000 0.014000
0.000000 0.000000 0.961000 0.035500 0.003500
1.000000 0.000000 0.920000 0.073500 0.006000
0.000000 0.000000 0.896500 0.088500 0.015500
0.000000 0.000000 0.887500 0.102500 0.010000
0.000000 0.000000 0.860500 0.108500 0.030500
0.000000 0.000000 0.949500 0.041500 0.009000
0.000000 0.000000 0.928000 0.044000 0.028000
0.000000 0.000000 0.922000 0.054500 0.023500
0.000000 0.500000 0.534500 0.362000 0.103000
0.000000 0.000000 0.875500 0.119000 0.005500
0.000000 0.000000 0.865000 0.091000 0.044000
0.000000 0.000000 0.966000 0.028500 0.006000
0.000000 0.000000 0.858000 0.092500 0.049000
0.000000 0.000000 0.902500 0.081000 0.016500
1.000000 0.500000 0.501500 0.295000 0.203500
2.000000 2.000000 0.003000 0.117000 0.880000
2.000000 0.000000 0.669000 0.169000 0.161500
0.000000 0.000000 0.873500 0.092000 0.034500
2.000000 0.000000 0.839000 0.136500 0.024500
0.000000 0.000000 0.868500 0.114500 0.017000
0.000000 0.000000 0.550500 0.187500 0.261500
0.000000 0.000000 0.800000 0.156500 0.043500
0.000000 0.000000 0.864000 0.104000 0.031000
0.000000 0.000000 0.692000 0.268500 0.039500
0.000000 0.000000 0.902500 0.085000 0.012500
0.000000 0.000000 0.916500 0.073500 0.010000
0.000000 0.000000 0.715500 0.245500 0.039000
0.000000 0.000000 0.895000 0.083000 0.021500
0.000000 0.000000 0.954500 0.041500 0.004500
0.000000 0.000000 0.809000 0.169500 0.021000
0.000000 0.000000 0.920000 0.044000 0.036000
1.000000 0.000000 0.602000 0.242000 0.156000
0.000000 0.000000 0.914000 0.061500 0.024000
0.000000 0.000000 0.893000 0.084000 0.023000
0.000000 0.500000 0.595500 0.361500 0.043500
0.000000 0.000000 0.798000 0.197500 0.004500
0.000000 0.500000 0.441500 0.535000 0.023500
0.000000 0.000000 0.719500 0.256000 0.024000
0.000000 0.000000 0.861500 0.112000 0.027000
0.000000 0.000000 0.890500 0.095000 0.014000
0.000000 0.000000 0.922500 0.069500 0.007500
0.000000 0.000000 0.975500 0.021500 0.003000
0.000000 0.000000 0.935000 0.036000 0.029000
1.000000 0.000000 0.765000 0.213000 0.022000
0.000000 0.000000 0.836500 0.127500 0.036000
1.000000 0.000000 0.903500 0.077000 0.019000
0.000000 0.000000 0.925000 0.066000 0.009000
0.000000 0.000000 0.937000 0.048000 0.015000
0.000000 2.000000 0.032500 0.156000 0.811500
0.000000 0.000000 0.906500 0.091000 0.002000
0.000000 0.000000 0.652500 0.290000 0.057500
1.000000 0.000000 0.904500 0.083000 0.012500
0.000000 0.000000 0.749000 0.070500 0.180500
0.000000 0.000000 0.828000 0.130500 0.041500
0.000000 0.000000 0.897500 0.099000 0.004000
0.000000 0.000000 0.908000 0.068500 0.023500
0.000000 0.000000 0.937000 0.047000 0.016500
0.000000 0.000000 0.862500 0.099500 0.038000
0.000000 0.000000 0.899500 0.085000 0.015000
1.000000 0.000000 0.730000 0.244500 0.026000
2.000000 0.000000 0.950500 0.025000 0.025000
2.000000 0.500000 0.408000 0.375000 0.217000
0.000000 0.500000 0.473000 0.466000 0.060000
2.000000 0.000000 0.841000 0.145000 0.013500
0.000000 0.000000 0.686500 0.255000 0.059000
0.000000 0.000000 0.856000 0.106000 0.038000
1.000000 0.000000 0.834500 0.122500 0.042500
0.000000 0.000000 0.893500 0.081500 0.025500
1.000000 0.000000 0.944500 0.043500 0.012000
