0.003966
0.006958
0.013610
0.001354
0.006431
0.009765
0.001699
0.002354
0.007610
0.001460
0.004642
0.002567
0.000938
0.005050
0.002111
0.000316
0.000875
0.001168
0.440943
0.001393
0.033165
0.029319
0.015140
0.109616
0.021847
0.026202
0.071807
0.017316
0.010308
0.073311
0.004959
0.018580
0.013449
0.003522
0.017559
0.010147
0.001323
0.002089
0.005133
0.002433
0.000000
0.000947
0.000000
0.000000
0.000000
0.000282
0.000000
0.000143
0.000019
0.000000
0.000012
0.000000
0.000000
0.000000
0.000000
0.000000
0.000000
0.000000
0.000000
0.000146
0.000000
0.000000
0.000000
0.000000
0.000000
0.000000
0.000000
0.000000
0.000000
0.000000
0.000000
0.000000
0.000000
0.000000
0.000000
0.000000
0.000000
0.000000
0.000000
0.004497
0.001257
0.000000
0.000000
0.000000
0.000000
0.000345
0.000125
0.000000
0.000432
0.000052
0.000000
0.000000
0.000000
0.000000
0.000019
0.000000
0.000000
0.000008
0.000223
0.000000
0.000000
0.000000
0.000000
0.000000
0.000000
0.000000
0.000000
0.000000
0.000000
0.000000
0.000000
0.000000
0.000000
0.000000
0.000000
0.000000
0.000000
0.000924
0.001218
0.008149
0.000000
0.000000
0.000000
0.000186
0.000186
0.001130
0.000136
0.000333
0.000639
0.000000
0.000000
0.000000
0.000006
0.000016
0.000083
0.000000
0.000171
0.000347
0.000000
0.000000
0.000000
0.000000
0.000000
0.000000
0.000000
0.000000
0.000000
0.000000
0.000000
0.000000
0.000000
0.000000
0.000000
0.000000
0.000000
0.000000
0.000000
0.000000
0.000000
0.000576
0.000000
0.000509
0.000142
0.000000
0.000031
0.000000
0.000000
0.000000
0.000059
0.000000
0.000010
0.000000
0.000000
0.000010
0.000000
0.000000
0.000025
0.000000
0.000000
0.000000
0.000000
0.000000
0.000000
0.000000
0.000000
0.000000
0.000000
0.000000
0.000000
0.000000
0.000000
0.000000
0.000000
0.000000
0.000000
0.000000
0.000000
0.000000
0.000000
0.003610
0.001053
0.000000
0.000304
0.000240
0.000000
0.000000
0.000000
0.000000
0.000761
0.000041
0.000000
0.000058
0.000000
0.000000
0.000010
0.000173
0.000000
0.000000
0.000000
0.000000
0.000000
0.000000
0.000000
0.000000
0.000000
0.000000
0.000000
0.000000
0.000000
0.000000
0.000000
0.000000
0.000000
0.000000
0.000000
0.000000
0.000000
0.000402
0.001277
0.006035
0.000028
0.000042
0.000814
0.000000
0.000000
0.000000
0.000090
0.000324
0.000382
0.000007
0.000000
0.000026
0.000000
0.000006
0.000222
0.000000
0.000000
0.000000
0.000000
0.000000
0.000000
0.000000
0.000000
0.000000
0.000000
0.000000
0.000000
0.000000
0.000000
0.000000
0.000000
0.000000
0.000000
0.000148
0.000000
0.000090
0.000189
0.000000
0.000102
0.000569
0.000000
0.000421
0.000010
0.000000
0.000000
0.000015
0.000000
0.000007
0.000048
0.000000
0.000041
0.000000
0.000000
0.000065
0.000000
0.000000
0.000000
0.000000
0.000000
0.000000
0.000000
0.000000
0.000000
0.000000
0.000000
0.000000
0.000000
0.000000
0.000000
0.000000
0.000000
0.000000
0.000000
0.000327
0.000069
0.000000
0.000354
0.000052
0.000000
0.000819
0.000278
0.000000
0.000012
0.000000
0.000000
0.000115
0.000007
0.000000
0.000167
0.000000
0.000000
0.000000
0.000088
0.000000
0.000000
0.000000
0.000000
0.000000
0.000000
0.000000
0.000000
0.000000
0.000000
0.000000
0.000000
0.000000
0.000000
0.000000
0.000000
0.000000
0.000000
0.000123
0.000113
0.001053
0.000084
0.000314
0.000891
0.000320
0.000416
0.003345
0.000011
0.000008
0.000034
0.000013
0.000051
0.000121
0.000005
0.000137
0.000370
0.000000
0.000008
0.000218
0.000000
0.000000
0.000000
0.000000
0.000000
0.000000
0.000000
0.000000
0.000000
0.000000
0.000000
0.000000
0.000000
0.000000
0.000000
0.000000
0.000000
0.000000
0.000067
0.000000
0.000262
0.000000
0.000000
0.000000
0.000009
0.000000
0.000008
0.000533
0.000000
0.000076
0.000000
0.000000
0.000000
0.000072
0.000000
0.000010
0.000361
0.000000
0.000000
0.000000
0.000000
0.000000
0.000000
0.000000
0.000000
0.000000
0.000000
0.000000
0.000000
0.000000
0.000000
0.000000
0.000000
0.000000
0.000000
0.000000
0.000000
0.000000
0.000506
0.000413
0.000000
0.000000
0.000000
0.000000
0.000063
0.000011
0.000000
0.001502
0.000601
0.000000
0.000000
0.000000
0.000000
0.000069
0.000118
0.001159
0.000015
0.000168
0.000000
0.000000
0.000000
0.000000
0.000000
0.000000
0.000000
0.000000
0.000000
0.000007
0.000044
0.000013
0.000000
0.000000
0.000000
0.000000
0.000000
0.000000
0.000178
0.000014
0.000895
0.000000
0.000000
0.000000
0.000000
0.000000
0.000055
0.000125
0.000187
0.000605
0.000000
0.000000
0.000000
0.000000
0.000000
0.000015
0.000427
0.000013
0.000014
0.000000
0.000000
0.000000
0.000000
0.000000
0.000000
0.000000
0.000000
0.000000
0.000000
0.000055
0.000000
0.000000
0.000000
0.000000
0.000000
0.000000
0.000000
0.000000
0.000000
0.000000
0.000056
0.000000
0.000023
0.000028
0.000000
0.000000
0.000000
0.000000
0.000000
0.000265
0.000000
0.000130
0.000017
0.000000
0.000072
0.000201
0.000013
0.000000
0.000000
0.000000
0.000000
0.000000
0.000000
0.000000
0.000000
0.000000
0.000000
0.000000
0.000000
0.000000
0.000025
0.000000
0.000010
0.000000
0.000000
0.000000
0.000000
0.000000
0.000000
0.000000
0.000686
0.000170
0.000000
0.000055
0.000168
0.000000
0.000000
0.000000
0.000000
0.001876
0.000233
0.000000
0.000083
0.000103
0.001426
0.000117
0.000047
0.000000
0.000000
0.000000
0.000000
0.000000
0.000000
0.000000
0.000000
0.000000
0.000000
0.000000
0.000000
0.000000
0.000050
0.000006
0.000000
0.000000
0.000000
0.000000
0.000000
0.000000
0.000005
0.000023
0.000587
0.000000
0.000005
0.000133
0.000000
0.000000
0.000000
0.000162
0.000125
0.000397
0.000000
0.000000
0.000144
0.000414
0.000055
0.000012
0.000000
0.000000
0.000000
0.000000
0.000000
0.000000
0.000000
0.000000
0.000000
0.000000
0.000000
0.000000
0.000000
0.000006
0.000000
0.000000
0.000000
0.000000
0.000000
0.000000
0.000017
0.000000
0.000000
0.000046
0.000076
0.000000
0.000038
0.000033
0.000000
0.000000
0.000016
0.000000
0.000000
0.000063
0.000000
0.000000
0.000018
0.000000
0.000012
0.000000
0.000000
0.000000
0.000000
0.000000
0.000000
0.000000
0.000000
0.000000
0.000000
0.000000
0.000000
0.000000
0.000000
0.000000
0.000000
0.000000
0.000000
0.000000
0.000005
0.000007
0.000000
0.000012
0.000000
0.000000
0.000079
0.000147
0.000000
0.000107
0.000000
0.000000
0.000196
0.000000
0.000000
0.000100
0.000053
0.000135
0.000000
0.000000
0.000000
0.000000
0.000000
0.000000
0.000000
0.000000
0.000000
0.000000
0.000000
0.000000
0.000000
0.000000
0.000000
0.000000
0.000042
0.000000
0.000000
0.000000
0.000020
0.000000
0.000013
0.000000
0.000000
0.000033
0.000017
0.000000
0.000489
0.000089
0.000047
0.000046
0.000000
0.000022
0.000146
0.000000
0.000084
0.000045
0.000031
0.000013
0.000019
0.000000
0.000000
0.000000
0.000000
0.000000
0.000000
0.000000
0.000000
0.000000
0.000000
0.000000
0.000000
0.000000
0.000000
0.000000
0.000000
0.000000
0.000000
0.000000
0.000000
0.000000
0.000000
0.000000
0.000000
0.000000
0.000000
0.000000
0.000400
0.001494
0.000380
0.000239
0.001430
0.000443
0.000100
0.000129
0.000028
0.415743
0.000000
0.000165
0.000000
0.000000
0.000000
0.000000
0.000000
0.000000
0.000000
0.000000
0.000000
0.001426
0.004605
0.002029
0.001528
0.005089
0.002023
0.000168
0.000190
0.000314
0.000014
0.000000
0.000089
0.000000
0.000075
0.000015
0.000000
0.000006
0.000000
0.000015
0.000126
0.000063
0.000000
0.000032
0.000137
0.000000
0.000010
0.000033
0.000000
0.000369
0.000000
0.000000
0.000000
0.000091
0.000010
0.000000
0.000076
0.000000
0.000000
0.000000
0.000000
0.000063
0.000000
0.000000
0.000102
0.000028
0.000000
0.000013
0.000045
0.000084
0.000156
0.000380
0.000023
0.000088
0.000302
0.000052
0.000046
0.000100
0.000000
0.000034
0.000025
0.000000
0.000059
0.000017
0.000000
0.000000
0.000014
0.000044
0.000000
0.029906
0.000226
0.000041
0.000492
0.000148
0.000097
0.000387
0.000146
0.000026
0.000410
0.000013
0.000017
0.000025
0.000000
0.000026
0.000007
0.000008
0.000000
0.000000
0.000000
0.000000
0.000000
0.000000
0.000000
0.000000
0.000000
0.000000
0.000000
0.000000
0.000000
0.000000
0.000000
0.000000
0.000000
0.000000
0.000000
0.000000
0.000000
0.000000
0.000085
0.015490
0.000000
0.009617
0.000000
0.000000
0.000000
0.002089
0.000000
0.001334
0.000479
0.000000
0.000390
0.000000
0.000000
0.000000
0.000062
0.000000
0.000025
0.000000
0.000000
0.000000
0.000000
0.000000
0.000000
0.000000
0.000000
0.000000
0.000000
0.000000
0.000000
0.000000
0.000000
0.000000
0.000000
0.000000
0.000000
0.000000
0.000020
0.000154
0.000000
0.006901
0.003487
0.000000
0.000000
0.000000
0.000000
0.001584
0.000631
0.000000
0.002266
0.000144
0.000000
0.000000
0.000000
0.000000
0.000090
0.000000
0.000000
0.000000
0.000000
0.000000
0.000000
0.000000
0.000000
0.000000
0.000000
0.000000
0.000000
0.000000
0.000000
0.000000
0.000000
0.000000
0.000000
0.000000
0.000000
0.000065
0.000293
0.009615
0.006017
0.074288
0.000000
0.000000
0.000000
0.001270
0.001050
0.010814
0.000340
0.002241
0.004082
0.000000
0.000000
0.000000
0.000019
0.000063
0.000541
0.000000
0.000000
0.000000
0.000000
0.000000
0.000000
0.000000
0.000000
0.000000
0.000000
0.000000
0.000000
0.000000
0.000000
0.000000
0.000000
0.000000
0.000000
0.000000
0.000000
0.000078
0.000000
0.000000
0.000000
0.012924
0.000000
0.005850
0.001568
0.000000
0.001067
0.000000
0.000000
0.000000
0.000194
0.000000
0.000177
0.000020
0.000000
0.000100
0.000000
0.000000
0.000000
0.000000
0.000000
0.000000
0.000000
0.000000
0.000000
0.000000
0.000000
0.000000
0.000000
0.000000
0.000000
0.000000
0.000000
0.000000
0.000000
0.000025
0.000181
0.000000
0.000000
0.000000
0.000000
0.014290
0.007026
0.000000
0.000860
0.002108
0.000000
0.000000
0.000000
0.000000
0.001830
0.000013
0.000000
0.000006
0.000000
0.000000
0.000000
0.000000
0.000000
0.000000
0.000000
0.000000
0.000000
0.000000
0.000000
0.000000
0.000000
0.000000
0.000000
0.000000
0.000000
0.000000
0.000000
0.000000
0.000000
0.000200
0.000000
0.000000
0.000000
0.005997
0.005695
0.043534
0.001541
0.000524
0.011337
0.000000
0.000000
0.000000
0.000033
0.001401
0.001865
0.000000
0.000000
0.000107
0.000000
0.000000
0.000000
0.000000
0.000000
0.000000
0.000000
0.000000
0.000000
0.000000
0.000000
0.000000
0.000000
0.000000
0.000000
0.000000
0.000000
0.000000
0.000000
0.000000
0.000051
0.001309
0.000000
0.002015
0.001000
0.000000
0.001097
0.006296
0.000000
0.004523
0.000195
0.000000
0.000087
0.000088
0.000000
0.000104
0.000373
0.000000
0.000345
0.000000
0.000000
0.000000
0.000000
0.000000
0.000000
0.000000
0.000000
0.000000
0.000000
0.000000
0.000000
0.000000
0.000000
0.000000
0.000000
0.000000
0.000000
0.000000
0.000005
0.000091
0.000000
0.000814
0.000523
0.000000
0.002159
0.000859
0.000000
0.003357
0.001802
0.000000
0.000117
0.000000
0.000000
0.000263
0.000007
0.000000
0.000389
0.000000
0.000000
0.000000
0.000000
0.000000
0.000000
0.000000
0.000000
0.000000
0.000000
0.000000
0.000000
0.000000
0.000000
0.000000
0.000000
0.000000
0.000000
0.000000
0.000000
0.000083
0.000201
0.001632
0.000968
0.014576
0.000814
0.001566
0.006915
0.004124
0.002759
0.036092
0.000087
0.000358
0.000549
0.000023
0.000367
0.001092
0.000000
0.000507
0.001351
0.000000
0.000000
0.000000
0.000000
0.000000
0.000000
0.000000
0.000000
0.000000
0.000012
0.000071
0.000000
0.000000
0.000000
0.000000
0.000000
0.000000
0.000000
0.001524
0.000000
0.000010
0.000525
0.000000
0.000333
0.000000
0.000000
0.000000
0.000079
0.000000
0.000016
0.001790
0.000062
0.000450
0.000000
0.000000
0.000000
0.000115
0.000000
0.000014
0.000000
0.000000
0.000000
0.000000
0.000000
0.000000
0.000000
0.000000
0.000000
0.000009
0.000120
0.000053
0.000000
0.000000
0.000000
0.000000
0.000000
0.000000
0.007620
0.000078
0.000017
0.000000
0.000497
0.001154
0.000000
0.000000
0.000000
0.000000
0.000007
0.000107
0.000014
0.005618
0.002681
0.000000
0.000072
0.000000
0.000000
0.000135
0.000415
0.000000
0.000000
0.000000
0.000000
0.000000
0.000000
0.000000
0.000000
0.000000
0.000000
0.000062
0.000000
0.000000
0.000040
0.000000
0.000000
0.000000
0.000007
0.001598
0.000055
0.000040
0.000617
0.000023
0.003860
0.000000
0.000000
0.000000
0.000047
0.000000
0.000538
0.000439
0.002999
0.002975
0.000000
0.000000
0.000000
0.000000
0.000000
0.000263
0.000000
0.000000
0.000000
0.000000
0.000000
0.000000
0.000000
0.000000
0.000000
0.000000
0.000000
0.000007
0.000000
0.000011
0.000000
0.000000
0.000000
0.000000
0.000823
0.000010
0.000010
0.000000
0.000000
0.000000
0.000615
0.000000
0.000244
0.000056
0.000000
0.000029
0.000000
0.000006
0.000000
0.001099
0.000000
0.000270
0.000248
0.000000
0.000118
0.000000
0.000000
0.000000
0.000000
0.000000
0.000000
0.000000
0.000000
0.000000
0.000075
0.000063
0.000000
0.000000
0.000025
0.000000
0.000000
0.000012
0.000007
0.006299
0.000106
0.000026
0.000000
0.000000
0.000000
0.000000
0.001020
0.001467
0.000000
0.000052
0.000260
0.000000
0.000000
0.000000
0.000011
0.005426
0.002038
0.000000
0.000129
0.000487
0.000000
0.000000
0.000000
0.000000
0.000000
0.000000
0.000000
0.000000
0.000000
0.000000
0.000000
0.000000
0.000087
0.000012
0.000013
0.000000
0.000000
0.000000
0.001534
0.000106
0.000006
0.000000
0.000000
0.000000
0.000407
0.000107
0.003269
0.000000
0.000000
0.000515
0.000000
0.000000
0.000000
0.000256
0.001601
0.002051
0.000000
0.000000
0.000159
0.000000
0.000000
0.000000
0.000000
0.000000
0.000000
0.000000
0.000000
0.000000
0.000000
0.000000
0.000000
0.000000
0.000000
0.000000
0.000000
0.000000
0.000000
0.000271
0.000000
0.000000
0.000078
0.000000
0.000013
0.000037
0.000000
0.000043
0.000153
0.000000
0.000116
0.000130
0.000000
0.000000
0.000249
0.000007
0.000000
0.000135
0.000000
0.000104
0.000000
0.000000
0.000000
0.000000
0.000000
0.000000
0.000000
0.000000
0.000000
0.000000
0.000074
0.000000
0.000000
0.000000
0.000000
0.000000
0.000000
0.000000
0.000495
0.000051
0.000000
0.000000
0.000014
0.000010
0.000000
0.000000
0.000006
0.000000
0.000071
0.000263
0.000000
0.000162
0.000000
0.000000
0.000627
0.000000
0.000000
0.000174
0.000162
0.000000
0.000000
0.000000
0.000000
0.000000
0.000000
0.000000
0.000000
0.000000
0.000000
0.000000
0.000000
0.000000
0.000000
0.000000
0.000000
0.000000
0.000000
0.000321
0.000010
0.000014
0.000069
0.000000
0.000278
0.000000
0.000000
0.000120
0.000102
0.000000
0.001462
0.000066
0.000157
0.000151
0.000013
0.000749
0.000466
0.000187
0.000401
0.000617
