0.007868
0.011784
0.010919
0.003210
0.011408
0.008136
0.001979
0.002150
0.002995
0.000857
0.002964
0.000730
0.000716
0.003384
0.000644
0.000093
0.000175
0.000056
0.465814
0.000383
0.029229
0.060942
0.038115
0.090230
0.043003
0.049719
0.059369
0.017317
0.011018
0.027216
0.002998
0.011935
0.003377
0.002343
0.012451
0.002706
0.000478
0.000683
0.000605
0.005539
0.000000
0.001448
0.000000
0.000000
0.000000
0.000471
0.000000
0.000209
0.000086
0.000000
0.000033
0.000000
0.000000
0.000000
0.000005
0.000000
0.000000
0.000000
0.000000
0.000101
0.000000
0.000000
0.000000
0.000000
0.000000
0.000000
0.000000
0.000000
0.000000
0.000000
0.000000
0.000000
0.000000
0.000000
0.000000
0.000000
0.000000
0.000000
0.000000
0.008832
0.001615
0.000000
0.000000
0.000000
0.000000
0.000528
0.000038
0.000000
0.000447
0.000003
0.000000
0.000000
0.000000
0.000000
0.000009
0.000000
0.000000
0.000045
0.000283
0.000000
0.000000
0.000000
0.000000
0.000000
0.000000
0.000000
0.000000
0.000000
0.000000
0.000000
0.000000
0.000000
0.000000
0.000000
0.000000
0.000000
0.000000
0.001598
0.001658
0.006478
0.000000
0.000000
0.000000
0.000063
0.000046
0.000554
0.000017
0.000120
0.000243
0.000000
0.000000
0.000000
0.000000
0.000000
0.000000
0.000000
0.000013
0.000142
0.000000
0.000000
0.000000
0.000000
0.000000
0.000000
0.000000
0.000000
0.000000
0.000000
0.000000
0.000000
0.000000
0.000000
0.000000
0.000000
0.000000
0.000000
0.000000
0.000000
0.000000
0.001986
0.000000
0.000835
0.000205
0.000000
0.000030
0.000000
0.000000
0.000000
0.000094
0.000000
0.000003
0.000003
0.000000
0.000000
0.000000
0.000000
0.000062
0.000000
0.000000
0.000000
0.000000
0.000000
0.000000
0.000000
0.000000
0.000000
0.000000
0.000000
0.000000
0.000000
0.000000
0.000000
0.000000
0.000000
0.000000
0.000000
0.000000
0.000000
0.000000
0.008523
0.001307
0.000000
0.000450
0.000116
0.000000
0.000000
0.000000
0.000000
0.000705
0.000026
0.000000
0.000020
0.000003
0.000000
0.000000
0.000133
0.000000
0.000000
0.000000
0.000000
0.000000
0.000000
0.000000
0.000000
0.000000
0.000000
0.000000
0.000000
0.000000
0.000000
0.000000
0.000000
0.000000
0.000000
0.000000
0.000000
0.000000
0.000737
0.001561
0.004772
0.000109
0.000077
0.000506
0.000000
0.000000
0.000000
0.000052
0.000061
0.000148
0.000000
0.000000
0.000000
0.000000
0.000005
0.000057
0.000000
0.000000
0.000000
0.000000
0.000000
0.000000
0.000000
0.000000
0.000000
0.000000
0.000000
0.000000
0.000000
0.000000
0.000000
0.000000
0.000000
0.000000
0.000298
0.000000
0.000084
0.000259
0.000000
0.000225
0.000832
0.000000
0.000248
0.000006
0.000000
0.000000
0.000005
0.000000
0.000003
0.000010
0.000000
0.000006
0.000000
0.000000
0.000011
0.000000
0.000000
0.000000
0.000000
0.000000
0.000000
0.000000
0.000000
0.000000
0.000000
0.000000
0.000000
0.000000
0.000000
0.000000
0.000000
0.000000
0.000000
0.000000
0.000350
0.000074
0.000000
0.000428
0.000095
0.000000
0.000668
0.000241
0.000000
0.000052
0.000000
0.000000
0.000085
0.000000
0.000000
0.000051
0.000000
0.000000
0.000000
0.000021
0.000000
0.000000
0.000000
0.000000
0.000000
0.000000
0.000000
0.000000
0.000000
0.000000
0.000000
0.000000
0.000000
0.000000
0.000000
0.000000
0.000000
0.000000
0.000148
0.000068
0.000556
0.000056
0.000146
0.000378
0.000188
0.000267
0.000949
0.000007
0.000000
0.000005
0.000006
0.000042
0.000082
0.000033
0.000022
0.000005
0.000000
0.000000
0.000028
0.000000
0.000000
0.000000
0.000000
0.000000
0.000000
0.000000
0.000000
0.000000
0.000000
0.000000
0.000000
0.000000
0.000000
0.000000
0.000000
0.000000
0.000000
0.000188
0.000000
0.000029
0.000000
0.000000
0.000000
0.000032
0.000000
0.000000
0.000297
0.000000
0.000042
0.000000
0.000000
0.000000
0.000024
0.000000
0.000004
0.000244
0.000000
0.000000
0.000000
0.000000
0.000000
0.000000
0.000000
0.000000
0.000000
0.000000
0.000000
0.000000
0.000000
0.000000
0.000000
0.000000
0.000000
0.000000
0.000000
0.000000
0.000000
0.000645
0.000265
0.000000
0.000000
0.000000
0.000000
0.000027
0.000012
0.000000
0.001109
0.000121
0.000000
0.000000
0.000000
0.000000
0.000016
0.000000
0.000713
0.000030
0.000017
0.000000
0.000000
0.000000
0.000000
0.000000
0.000000
0.000000
0.000000
0.000000
0.000000
0.000025
0.000000
0.000000
0.000000
0.000000
0.000000
0.000000
0.000000
0.000032
0.000013
0.000253
0.000000
0.000000
0.000000
0.000005
0.000000
0.000007
0.000081
0.000107
0.000122
0.000000
0.000000
0.000000
0.000000
0.000000
0.000000
0.000108
0.000000
0.000005
0.000000
0.000000
0.000000
0.000000
0.000000
0.000000
0.000000
0.000000
0.000000
0.000000
0.000000
0.000000
0.000000
0.000000
0.000000
0.000000
0.000000
0.000000
0.000000
0.000000
0.000000
0.000074
0.000000
0.000078
0.000027
0.000000
0.000000
0.000000
0.000000
0.000000
0.000268
0.000000
0.000090
0.000003
0.000000
0.000000
0.000165
0.000000
0.000007
0.000000
0.000000
0.000000
0.000000
0.000000
0.000000
0.000000
0.000000
0.000000
0.000000
0.000000
0.000000
0.000000
0.000006
0.000000
0.000000
0.000000
0.000000
0.000000
0.000000
0.000000
0.000000
0.000664
0.000126
0.000000
0.000056
0.000006
0.000000
0.000000
0.000000
0.000000
0.001312
0.000102
0.000000
0.000017
0.000023
0.000967
0.000026
0.000017
0.000000
0.000000
0.000000
0.000000
0.000000
0.000000
0.000000
0.000000
0.000000
0.000000
0.000000
0.000000
0.000000
0.000008
0.000004
0.000000
0.000000
0.000000
0.000000
0.000000
0.000000
0.000015
0.000008
0.000219
0.000000
0.000000
0.000056
0.000000
0.000000
0.000000
0.000033
0.000136
0.000083
0.000000
0.000000
0.000003
0.000090
0.000003
0.000000
0.000000
0.000000
0.000000
0.000000
0.000000
0.000000
0.000000
0.000000
0.000000
0.000000
0.000000
0.000000
0.000000
0.000000
0.000000
0.000000
0.000000
0.000000
0.000000
0.000000
0.000000
0.000000
0.000000
0.000000
0.000030
0.000000
0.000000
0.000036
0.000000
0.000000
0.000003
0.000000
0.000000
0.000009
0.000000
0.000003
0.000009
0.000004
0.000000
0.000000
0.000000
0.000000
0.000000
0.000000
0.000000
0.000000
0.000000
0.000000
0.000000
0.000000
0.000000
0.000000
0.000000
0.000000
0.000000
0.000000
0.000000
0.000000
0.000000
0.000006
0.000000
0.000000
0.000000
0.000000
0.000036
0.000002
0.000000
0.000033
0.000000
0.000000
0.000043
0.000000
0.000000
0.000026
0.000004
0.000025
0.000000
0.000000
0.000000
0.000000
0.000000
0.000000
0.000000
0.000000
0.000000
0.000000
0.000000
0.000000
0.000000
0.000000
0.000000
0.000000
0.000000
0.000000
0.000000
0.000000
0.000013
0.000000
0.000007
0.000000
0.000000
0.000000
0.000000
0.000000
0.000020
0.000007
0.000000
0.000000
0.000000
0.000000
0.000000
0.000000
0.000000
0.000003
0.000000
0.000006
0.000000
0.000000
0.000000
0.000000
0.000000
0.000000
0.000000
0.000000
0.000000
0.000000
0.000000
0.000000
0.000000
0.000000
0.000000
0.000000
0.000000
0.000000
0.000000
0.000000
0.000000
0.000000
0.000000
0.000000
0.000000
0.000000
0.000000
0.000000
0.000306
0.001042
0.000143
0.000224
0.000891
0.000099
0.000006
0.000015
0.000000
0.452339
0.000000
0.000022
0.000000
0.000000
0.000000
0.000000
0.000000
0.000000
0.000000
0.000000
0.000000
0.000900
0.002791
0.000549
0.000936
0.003487
0.000361
0.000054
0.000049
0.000034
0.000000
0.000035
0.000000
0.000000
0.000005
0.000000
0.000000
0.000005
0.000000
0.000007
0.000033
0.000004
0.000000
0.000069
0.000005
0.000000
0.000000
0.000000
0.000000
0.000091
0.000000
0.000000
0.000021
0.000020
0.000005
0.000004
0.000000
0.000000
0.000000
0.000000
0.000000
0.000034
0.000000
0.000000
0.000006
0.000000
0.000000
0.000013
0.000030
0.000060
0.000146
0.000130
0.000080
0.000091
0.000107
0.000026
0.000000
0.000015
0.000000
0.000004
0.000012
0.000000
0.000006
0.000000
0.000000
0.000000
0.000000
0.000022
0.000000
0.027627
0.000148
0.000052
0.000202
0.000110
0.000088
0.000176
0.000101
0.000003
0.000105
0.000006
0.000009
0.000000
0.000000
0.000013
0.000000
0.000000
0.000000
0.000000
0.000000
0.000000
0.000000
0.000000
0.000000
0.000000
0.000000
0.000000
0.000000
0.000000
0.000000
0.000000
0.000000
0.000000
0.000000
0.000000
0.000000
0.000000
0.000000
0.000000
0.000061
0.042097
0.000000
0.014166
0.000000
0.000000
0.000000
0.003146
0.000000
0.000968
0.000586
0.000000
0.000154
0.000000
0.000000
0.000000
0.000033
0.000000
0.000015
0.000000
0.000000
0.000000
0.000000
0.000000
0.000000
0.000000
0.000000
0.000000
0.000000
0.000000
0.000000
0.000000
0.000000
0.000000
0.000000
0.000000
0.000000
0.000000
0.000035
0.000096
0.000000
0.022737
0.009318
0.000000
0.000000
0.000000
0.000000
0.002114
0.000880
0.000000
0.002944
0.000074
0.000000
0.000000
0.000000
0.000000
0.000096
0.000000
0.000000
0.000000
0.000000
0.000000
0.000000
0.000000
0.000000
0.000000
0.000000
0.000000
0.000000
0.000000
0.000000
0.000000
0.000000
0.000000
0.000000
0.000000
0.000000
0.000007
0.000162
0.013495
0.012037
0.057150
0.000000
0.000000
0.000000
0.000809
0.000910
0.004147
0.000125
0.000860
0.000906
0.000000
0.000000
0.000000
0.000006
0.000009
0.000046
0.000000
0.000000
0.000000
0.000000
0.000000
0.000000
0.000000
0.000000
0.000000
0.000000
0.000000
0.000000
0.000000
0.000000
0.000000
0.000000
0.000000
0.000000
0.000000
0.000000
0.000057
0.000000
0.000000
0.000000
0.030530
0.000000
0.008195
0.003026
0.000000
0.001038
0.000000
0.000000
0.000000
0.000197
0.000000
0.000083
0.000015
0.000000
0.000000
0.000000
0.000000
0.000000
0.000000
0.000000
0.000000
0.000000
0.000000
0.000000
0.000000
0.000000
0.000000
0.000000
0.000000
0.000000
0.000000
0.000000
0.000000
0.000000
0.000010
0.000171
0.000000
0.000000
0.000000
0.000000
0.034720
0.009175
0.000000
0.001671
0.001680
0.000000
0.000000
0.000000
0.000000
0.002420
0.000016
0.000000
0.000005
0.000000
0.000000
0.000000
0.000000
0.000000
0.000000
0.000000
0.000000
0.000000
0.000000
0.000000
0.000000
0.000000
0.000000
0.000000
0.000000
0.000000
0.000000
0.000000
0.000000
0.000005
0.000085
0.000000
0.000000
0.000000
0.008628
0.007951
0.035645
0.000953
0.000661
0.004222
0.000000
0.000000
0.000000
0.000068
0.000558
0.000778
0.000009
0.000000
0.000012
0.000000
0.000000
0.000000
0.000000
0.000000
0.000000
0.000000
0.000000
0.000000
0.000000
0.000000
0.000000
0.000000
0.000000
0.000000
0.000000
0.000000
0.000000
0.000000
0.000000
0.000017
0.002979
0.000000
0.001713
0.002297
0.000000
0.000957
0.006895
0.000000
0.002249
0.000017
0.000000
0.000006
0.000075
0.000000
0.000031
0.000119
0.000000
0.000055
0.000000
0.000000
0.000000
0.000000
0.000000
0.000000
0.000000
0.000000
0.000000
0.000000
0.000000
0.000000
0.000000
0.000000
0.000000
0.000000
0.000000
0.000000
0.000000
0.000000
0.000030
0.000000
0.001471
0.000800
0.000000
0.002512
0.000507
0.000000
0.003659
0.001593
0.000000
0.000048
0.000008
0.000000
0.000196
0.000024
0.000000
0.000188
0.000029
0.000000
0.000000
0.000000
0.000000
0.000000
0.000000
0.000000
0.000000
0.000000
0.000000
0.000000
0.000000
0.000000
0.000000
0.000000
0.000000
0.000000
0.000000
0.000000
0.000000
0.000029
0.001604
0.000676
0.005336
0.000854
0.001171
0.003035
0.002271
0.001809
0.009936
0.000004
0.000050
0.000043
0.000006
0.000132
0.000147
0.000039
0.000056
0.000146
0.000000
0.000000
0.000000
0.000000
0.000000
0.000000
0.000000
0.000000
0.000000
0.000000
0.000000
0.000000
0.000000
0.000000
0.000000
0.000000
0.000000
0.000000
0.000960
0.000000
0.000000
0.000529
0.000000
0.000171
0.000000
0.000000
0.000000
0.000028
0.000000
0.000000
0.001065
0.000000
0.000208
0.000000
0.000000
0.000000
0.000040
0.000000
0.000009
0.000000
0.000000
0.000000
0.000000
0.000000
0.000000
0.000000
0.000000
0.000000
0.000007
0.000027
0.000000
0.000000
0.000000
0.000000
0.000000
0.000000
0.000000
0.004475
0.000004
0.000000
0.000000
0.001243
0.000608
0.000000
0.000000
0.000000
0.000000
0.000046
0.000011
0.000027
0.004574
0.000782
0.000000
0.000000
0.000000
0.000000
0.000110
0.000036
0.000000
0.000000
0.000000
0.000000
0.000000
0.000000
0.000000
0.000000
0.000000
0.000000
0.000000
0.000000
0.000000
0.000000
0.000000
0.000000
0.000000
0.000000
0.000364
0.000027
0.000019
0.000363
0.000044
0.001101
0.000000
0.000000
0.000000
0.000000
0.000000
0.000036
0.000178
0.000581
0.000662
0.000000
0.000000
0.000000
0.000000
0.000000
0.000012
0.000000
0.000000
0.000000
0.000000
0.000000
0.000000
0.000000
0.000000
0.000000
0.000000
0.000000
0.000000
0.000000
0.000000
0.000000
0.000000
0.000000
0.000000
0.000534
0.000000
0.000000
0.000000
0.000000
0.000000
0.000503
0.000000
0.000126
0.000121
0.000000
0.000017
0.000000
0.000000
0.000000
0.000869
0.000000
0.000122
0.000027
0.000000
0.000019
0.000000
0.000000
0.000000
0.000000
0.000000
0.000000
0.000000
0.000000
0.000000
0.000000
0.000000
0.000005
0.000033
0.000045
0.000005
0.000000
0.000000
0.000003
0.004065
0.000069
0.000049
0.000000
0.000000
0.000000
0.000000
0.001724
0.000737
0.000000
0.000080
0.000111
0.000000
0.000000
0.000000
0.000000
0.004683
0.000708
0.000000
0.000054
0.000077
0.000000
0.000000
0.000000
0.000000
0.000000
0.000000
0.000000
0.000000
0.000000
0.000000
0.000000
0.000000
0.000000
0.000000
0.000000
0.000000
0.000000
0.000000
0.000357
0.000007
0.000000
0.000000
0.000000
0.000000
0.000190
0.000052
0.000917
0.000010
0.000004
0.000043
0.000000
0.000000
0.000000
0.000124
0.000578
0.000392
0.000000
0.000000
0.000019
0.000000
0.000000
0.000000
0.000000
0.000000
0.000000
0.000000
0.000000
0.000000
0.000000
0.000000
0.000000
0.000000
0.000000
0.000000
0.000000
0.000000
0.000000
0.000096
0.000000
0.000000
0.000006
0.000000
0.000023
0.000023
0.000000
0.000000
0.000029
0.000000
0.000022
0.000095
0.000000
0.000000
0.000072
0.000000
0.000018
0.000088
0.000000
0.000007
0.000000
0.000000
0.000000
0.000000
0.000000
0.000000
0.000000
0.000000
0.000000
0.000000
0.000000
0.000000
0.000000
0.000000
0.000000
0.000000
0.000000
0.000000
0.000082
0.000000
0.000000
0.000000
0.000012
0.000012
0.000000
0.000009
0.000012
0.000000
0.000084
0.000098
0.000000
0.000011
0.000000
0.000000
0.000266
0.000002
0.000000
0.000086
0.000012
0.000000
0.000000
0.000000
0.000000
0.000000
0.000000
0.000000
0.000000
0.000000
0.000000
0.000000
0.000000
0.000000
0.000000
0.000000
0.000000
0.000000
0.000000
0.000031
0.000000
0.000000
0.000000
0.000000
0.000056
0.000000
0.000000
0.000060
0.000012
0.000000
0.000126
0.000000
0.000067
0.000000
0.000003
0.000128
0.000019
0.000048
0.000007
0.000051
