0.010266
0.015092
0.010846
0.006313
0.016893
0.008114
0.003093
0.003461
0.004119
0.000879
0.002515
0.000497
0.000515
0.003835
0.000695
0.000107
0.000207
0.000223
0.500068
0.000060
0.037495
0.042850
0.032588
0.067038
0.040889
0.049060
0.057537
0.017545
0.012071
0.023762
0.003057
0.009525
0.001683
0.002796
0.011203
0.002062
0.000126
0.000464
0.000453
0.006902
0.000000
0.002055
0.000000
0.000000
0.000000
0.000679
0.000000
0.000283
0.000244
0.000000
0.000069
0.000000
0.000000
0.000000
0.000040
0.000000
0.000000
0.000000
0.000000
0.000019
0.000000
0.000000
0.000000
0.000000
0.000000
0.000000
0.000000
0.000000
0.000000
0.000000
0.000000
0.000000
0.000000
0.000000
0.000000
0.000000
0.000000
0.000000
0.000000
0.011882
0.001808
0.000000
0.000000
0.000000
0.000000
0.000626
0.000139
0.000000
0.000646
0.000000
0.000000
0.000000
0.000000
0.000000
0.000028
0.000000
0.000000
0.000000
0.000000
0.000000
0.000000
0.000000
0.000000
0.000000
0.000000
0.000000
0.000000
0.000000
0.000000
0.000000
0.000000
0.000000
0.000000
0.000000
0.000000
0.000000
0.000000
0.002117
0.001894
0.005718
0.000000
0.000000
0.000000
0.000065
0.000147
0.000604
0.000030
0.000031
0.000154
0.000000
0.000000
0.000000
0.000000
0.000000
0.000000
0.000000
0.000000
0.000119
0.000000
0.000000
0.000000
0.000000
0.000000
0.000000
0.000000
0.000000
0.000000
0.000000
0.000000
0.000000
0.000000
0.000000
0.000000
0.000000
0.000000
0.000000
0.000000
0.000000
0.000000
0.004252
0.000000
0.001331
0.000450
0.000000
0.000066
0.000000
0.000000
0.000000
0.000129
0.000000
0.000025
0.000000
0.000000
0.000000
0.000000
0.000000
0.000036
0.000000
0.000000
0.000000
0.000000
0.000000
0.000000
0.000000
0.000000
0.000000
0.000000
0.000000
0.000000
0.000000
0.000000
0.000000
0.000000
0.000000
0.000000
0.000000
0.000000
0.000000
0.000000
0.013259
0.001145
0.000000
0.001074
0.000253
0.000000
0.000000
0.000000
0.000000
0.000764
0.000019
0.000000
0.000000
0.000000
0.000000
0.000016
0.000213
0.000000
0.000000
0.000000
0.000000
0.000000
0.000000
0.000000
0.000000
0.000000
0.000000
0.000000
0.000000
0.000000
0.000000
0.000000
0.000000
0.000000
0.000000
0.000000
0.000000
0.000000
0.001272
0.001666
0.004423
0.000124
0.000051
0.000392
0.000000
0.000000
0.000000
0.000000
0.000046
0.000047
0.000000
0.000000
0.000019
0.000000
0.000000
0.000092
0.000000
0.000000
0.000000
0.000000
0.000000
0.000000
0.000000
0.000000
0.000000
0.000000
0.000000
0.000000
0.000000
0.000000
0.000000
0.000000
0.000000
0.000000
0.000560
0.000000
0.000134
0.000519
0.000000
0.000145
0.001279
0.000000
0.000275
0.000000
0.000000
0.000000
0.000018
0.000000
0.000000
0.000000
0.000000
0.000125
0.000000
0.000000
0.000043
0.000000
0.000000
0.000000
0.000000
0.000000
0.000000
0.000000
0.000000
0.000000
0.000000
0.000000
0.000000
0.000000
0.000000
0.000000
0.000000
0.000000
0.000000
0.000000
0.000484
0.000130
0.000000
0.000806
0.000046
0.000000
0.001045
0.000822
0.000000
0.000024
0.000000
0.000000
0.000078
0.000000
0.000000
0.000036
0.000000
0.000000
0.000000
0.000000
0.000000
0.000000
0.000000
0.000000
0.000000
0.000000
0.000000
0.000000
0.000000
0.000000
0.000000
0.000000
0.000000
0.000000
0.000000
0.000000
0.000000
0.000000
0.000434
0.000126
0.000701
0.000148
0.000160
0.000618
0.000428
0.000246
0.001170
0.000000
0.000000
0.000000
0.000000
0.000014
0.000000
0.000000
0.000027
0.000054
0.000000
0.000000
0.000000
0.000000
0.000000
0.000000
0.000000
0.000000
0.000000
0.000000
0.000000
0.000000
0.000000
0.000000
0.000000
0.000000
0.000000
0.000000
0.000000
0.000000
0.000000
0.000118
0.000000
0.000017
0.000000
0.000000
0.000000
0.000000
0.000000
0.000000
0.000390
0.000000
0.000060
0.000000
0.000000
0.000000
0.000009
0.000000
0.000000
0.000286
0.000000
0.000000
0.000000
0.000000
0.000000
0.000000
0.000000
0.000000
0.000000
0.000000
0.000000
0.000000
0.000000
0.000000
0.000000
0.000000
0.000000
0.000000
0.000000
0.000000
0.000000
0.000389
0.000019
0.000000
0.000000
0.000000
0.000000
0.000043
0.000000
0.000000
0.001095
0.000100
0.000000
0.000000
0.000000
0.000000
0.000016
0.000000
0.000798
0.000000
0.000000
0.000000
0.000000
0.000000
0.000000
0.000000
0.000000
0.000000
0.000000
0.000000
0.000000
0.000043
0.000000
0.000000
0.000019
0.000000
0.000000
0.000000
0.000000
0.000000
0.000000
0.000167
0.000000
0.000000
0.000000
0.000000
0.000000
0.000037
0.000013
0.000123
0.000070
0.000000
0.000000
0.000000
0.000000
0.000000
0.000000
0.000087
0.000000
0.000000
0.000000
0.000000
0.000000
0.000000
0.000000
0.000000
0.000000
0.000000
0.000000
0.000000
0.000000
0.000000
0.000000
0.000000
0.000000
0.000000
0.000000
0.000000
0.000000
0.000000
0.000000
0.000038
0.000000
0.000019
0.000019
0.000000
0.000000
0.000000
0.000000
0.000000
0.000165
0.000000
0.000037
0.000017
0.000000
0.000025
0.000195
0.000000
0.000000
0.000000
0.000000
0.000000
0.000000
0.000000
0.000000
0.000000
0.000000
0.000000
0.000000
0.000000
0.000000
0.000000
0.000000
0.000000
0.000000
0.000000
0.000000
0.000000
0.000000
0.000000
0.000000
0.000740
0.000017
0.000000
0.000199
0.000000
0.000000
0.000000
0.000000
0.000000
0.001600
0.000271
0.000000
0.000000
0.000000
0.000975
0.000000
0.000043
0.000000
0.000000
0.000000
0.000000
0.000000
0.000000
0.000000
0.000000
0.000000
0.000000
0.000000
0.000000
0.000000
0.000000
0.000000
0.000000
0.000000
0.000000
0.000000
0.000000
0.000000
0.000061
0.000013
0.000315
0.000000
0.000000
0.000000
0.000000
0.000000
0.000000
0.000047
0.000019
0.000051
0.000000
0.000000
0.000000
0.000192
0.000000
0.000000
0.000000
0.000000
0.000000
0.000000
0.000000
0.000000
0.000000
0.000000
0.000000
0.000000
0.000000
0.000000
0.000000
0.000000
0.000000
0.000000
0.000000
0.000000
0.000000
0.000000
0.000000
0.000000
0.000000
0.000000
0.000027
0.000000
0.000000
0.000000
0.000000
0.000000
0.000000
0.000000
0.000000
0.000040
0.000000
0.000000
0.000040
0.000000
0.000000
0.000000
0.000000
0.000000
0.000000
0.000000
0.000000
0.000000
0.000000
0.000000
0.000000
0.000000
0.000000
0.000000
0.000000
0.000000
0.000000
0.000000
0.000000
0.000000
0.000018
0.000000
0.000000
0.000016
0.000000
0.000000
0.000000
0.000016
0.000000
0.000036
0.000000
0.000000
0.000000
0.000000
0.000000
0.000047
0.000000
0.000075
0.000000
0.000000
0.000000
0.000000
0.000000
0.000000
0.000000
0.000000
0.000000
0.000000
0.000000
0.000000
0.000000
0.000000
0.000000
0.000000
0.000000
0.000000
0.000000
0.000000
0.000000
0.000000
0.000000
0.000000
0.000000
0.000000
0.000000
0.000000
0.000025
0.000000
0.000000
0.000000
0.000000
0.000013
0.000167
0.000000
0.000019
0.000000
0.000000
0.000000
0.000000
0.000000
0.000000
0.000000
0.000000
0.000000
0.000000
0.000000
0.000000
0.000000
0.000000
0.000000
0.000000
0.000000
0.000000
0.000000
0.000000
0.000000
0.000000
0.000000
0.000000
0.000000
0.000000
0.000000
0.000000
0.000000
0.000000
0.000000
0.000204
0.000567
0.000045
0.000131
0.001135
0.000044
0.000000
0.000034
0.000000
0.488770
0.000000
0.000016
0.000000
0.000000
0.000000
0.000000
0.000000
0.000000
0.000000
0.000000
0.000000
0.000678
0.001635
0.000165
0.001294
0.003583
0.000346
0.000016
0.000108
0.000017
0.000000
0.000000
0.000000
0.000000
0.000000
0.000000
0.000000
0.000000
0.000000
0.000000
0.000000
0.000000
0.000000
0.000028
0.000000
0.000000
0.000000
0.000000
0.000000
0.000016
0.000000
0.000000
0.000000
0.000000
0.000000
0.000000
0.000016
0.000000
0.000000
0.000000
0.000000
0.000000
0.000000
0.000000
0.000000
0.000000
0.000000
0.000000
0.000000
0.000161
0.000358
0.000130
0.000038
0.000262
0.000073
0.000028
0.000041
0.000043
0.000000
0.000000
0.000000
0.000000
0.000041
0.000000
0.000000
0.000000
0.000000
0.000000
0.000000
0.035470
0.000027
0.000144
0.000292
0.000065
0.000144
0.000117
0.000000
0.000071
0.000036
0.000033
0.000000
0.000000
0.000000
0.000000
0.000000
0.000000
0.000000
0.000000
0.000000
0.000000
0.000000
0.000000
0.000000
0.000000
0.000000
0.000000
0.000000
0.000000
0.000000
0.000000
0.000000
0.000000
0.000000
0.000000
0.000000
0.000000
0.000000
0.000000
0.000124
0.029301
0.000000
0.009214
0.000000
0.000000
0.000000
0.002861
0.000000
0.000850
0.000607
0.000000
0.000074
0.000000
0.000000
0.000000
0.000000
0.000000
0.000000
0.000000
0.000000
0.000000
0.000000
0.000000
0.000000
0.000000
0.000000
0.000000
0.000000
0.000000
0.000000
0.000000
0.000000
0.000000
0.000000
0.000000
0.000000
0.000000
0.000000
0.000427
0.000000
0.019564
0.007111
0.000000
0.000000
0.000000
0.000000
0.002133
0.000164
0.000000
0.003223
0.000072
0.000000
0.000000
0.000000
0.000000
0.000000
0.000000
0.000000
0.000000
0.000000
0.000000
0.000000
0.000000
0.000000
0.000000
0.000000
0.000000
0.000000
0.000000
0.000000
0.000000
0.000000
0.000000
0.000000
0.000000
0.000000
0.000000
0.000153
0.007957
0.010099
0.042824
0.000000
0.000000
0.000000
0.000437
0.000540
0.004060
0.000282
0.000303
0.000585
0.000000
0.000000
0.000000
0.000000
0.000035
0.000000
0.000000
0.000000
0.000000
0.000000
0.000000
0.000000
0.000000
0.000000
0.000000
0.000000
0.000000
0.000000
0.000000
0.000000
0.000000
0.000000
0.000000
0.000000
0.000000
0.000000
0.000045
0.000000
0.000000
0.000000
0.029075
0.000000
0.007753
0.003090
0.000000
0.000912
0.000000
0.000000
0.000000
0.000114
0.000000
0.000058
0.000000
0.000000
0.000000
0.000000
0.000000
0.000000
0.000000
0.000000
0.000000
0.000000
0.000000
0.000000
0.000000
0.000000
0.000000
0.000000
0.000000
0.000000
0.000000
0.000000
0.000000
0.000000
0.000000
0.000330
0.000000
0.000000
0.000000
0.000000
0.033946
0.008745
0.000000
0.002448
0.001572
0.000000
0.000000
0.000000
0.000000
0.002083
0.000000
0.000000
0.000055
0.000000
0.000000
0.000000
0.000000
0.000000
0.000000
0.000000
0.000000
0.000000
0.000000
0.000000
0.000000
0.000000
0.000000
0.000000
0.000000
0.000000
0.000000
0.000000
0.000000
0.000000
0.000226
0.000000
0.000000
0.000000
0.008222
0.007671
0.034307
0.001451
0.000472
0.004295
0.000000
0.000000
0.000000
0.000037
0.000617
0.000390
0.000000
0.000000
0.000000
0.000000
0.000000
0.000000
0.000000
0.000000
0.000000
0.000000
0.000000
0.000000
0.000000
0.000000
0.000000
0.000000
0.000000
0.000000
0.000000
0.000000
0.000000
0.000000
0.000000
0.000158
0.003909
0.000000
0.001506
0.001949
0.000000
0.000667
0.007069
0.000000
0.002119
0.000027
0.000000
0.000028
0.000143
0.000000
0.000000
0.000027
0.000000
0.000028
0.000000
0.000000
0.000000
0.000000
0.000000
0.000000
0.000000
0.000000
0.000000
0.000000
0.000000
0.000000
0.000000
0.000000
0.000000
0.000000
0.000000
0.000000
0.000000
0.000000
0.000033
0.000000
0.001490
0.000707
0.000000
0.002983
0.000747
0.000000
0.004460
0.001610
0.000000
0.000009
0.000000
0.000000
0.000035
0.000009
0.000000
0.000000
0.000000
0.000000
0.000000
0.000000
0.000000
0.000000
0.000000
0.000000
0.000000
0.000000
0.000000
0.000000
0.000000
0.000000
0.000000
0.000000
0.000000
0.000000
0.000000
0.000000
0.000000
0.000038
0.001276
0.000693
0.004542
0.000805
0.001359
0.002607
0.002437
0.001891
0.007731
0.000028
0.000027
0.000075
0.000031
0.000035
0.000031
0.000017
0.000077
0.000161
0.000000
0.000000
0.000000
0.000000
0.000000
0.000000
0.000000
0.000000
0.000000
0.000000
0.000000
0.000000
0.000000
0.000000
0.000000
0.000000
0.000000
0.000000
0.001161
0.000000
0.000000
0.000523
0.000000
0.000052
0.000000
0.000000
0.000000
0.000024
0.000000
0.000000
0.001184
0.000000
0.000078
0.000000
0.000000
0.000000
0.000000
0.000000
0.000000
0.000000
0.000000
0.000000
0.000000
0.000000
0.000000
0.000000
0.000000
0.000000
0.000000
0.000000
0.000000
0.000000
0.000052
0.000000
0.000000
0.000000
0.000000
0.003742
0.000000
0.000000
0.000000
0.000666
0.000469
0.000000
0.000000
0.000000
0.000000
0.000071
0.000069
0.000000
0.004093
0.000370
0.000000
0.000000
0.000000
0.000000
0.000000
0.000033
0.000000
0.000000
0.000000
0.000000
0.000000
0.000000
0.000000
0.000000
0.000000
0.000000
0.000000
0.000000
0.000000
0.000000
0.000000
0.000000
0.000000
0.000000
0.000387
0.000000
0.000000
0.000037
0.000009
0.000567
0.000000
0.000000
0.000000
0.000000
0.000000
0.000000
0.000227
0.000219
0.000239
0.000000
0.000000
0.000000
0.000000
0.000000
0.000000
0.000000
0.000000
0.000000
0.000000
0.000000
0.000000
0.000000
0.000000
0.000000
0.000000
0.000000
0.000000
0.000000
0.000027
0.000000
0.000000
0.000000
0.000000
0.000358
0.000000
0.000016
0.000000
0.000000
0.000000
0.000867
0.000000
0.000131
0.000125
0.000000
0.000000
0.000000
0.000000
0.000000
0.001051
0.000000
0.000073
0.000065
0.000000
0.000093
0.000000
0.000000
0.000000
0.000000
0.000000
0.000000
0.000000
0.000000
0.000000
0.000000
0.000000
0.000000
0.000025
0.000028
0.000038
0.000000
0.000000
0.000000
0.003143
0.000028
0.000013
0.000000
0.000000
0.000000
0.000000
0.001663
0.000916
0.000000
0.000000
0.000040
0.000000
0.000000
0.000000
0.000000
0.004294
0.000919
0.000000
0.000054
0.000078
0.000000
0.000000
0.000000
0.000000
0.000000
0.000000
0.000000
0.000000
0.000000
0.000000
0.000000
0.000000
0.000000
0.000000
0.000000
0.000000
0.000000
0.000000
0.000189
0.000000
0.000000
0.000000
0.000000
0.000000
0.000064
0.000000
0.001090
0.000018
0.000000
0.000122
0.000000
0.000000
0.000000
0.000032
0.000295
0.000213
0.000000
0.000000
0.000044
0.000000
0.000000
0.000000
0.000000
0.000000
0.000000
0.000000
0.000000
0.000000
0.000000
0.000000
0.000000
0.000000
0.000000
0.000000
0.000000
0.000000
0.000000
0.000017
0.000000
0.000000
0.000000
0.000000
0.000000
0.000000
0.000000
0.000000
0.000041
0.000000
0.000040
0.000000
0.000000
0.000000
0.000027
0.000000
0.000000
0.000000
0.000000
0.000000
0.000000
0.000000
0.000000
0.000000
0.000000
0.000000
0.000000
0.000000
0.000000
0.000000
0.000000
0.000000
0.000000
0.000000
0.000000
0.000000
0.000000
0.000000
0.000120
0.000000
0.000000
0.000000
0.000028
0.000000
0.000000
0.000028
0.000000
0.000000
0.000032
0.000073
0.000000
0.000012
0.000000
0.000000
0.000035
0.000000
0.000000
0.000135
0.000000
0.000000
0.000000
0.000000
0.000000
0.000000
0.000000
0.000000
0.000000
0.000000
0.000000
0.000000
0.000000
0.000000
0.000000
0.000000
0.000000
0.000000
0.000000
0.000000
0.000000
0.000000
0.000000
0.000000
0.000019
0.000000
0.000000
0.000000
0.000078
0.000000
0.000168
0.000000
0.000000
0.000000
0.000000
0.000161
0.000028
0.000000
0.000000
0.000000
