0.007857
0.011741
0.010908
0.003243
0.011466
0.008127
0.002010
0.002151
0.002997
0.000862
0.002983
0.000727
0.000714
0.003424
0.000645
0.000096
0.000177
0.000056
0.468563
0.000382
0.029190
0.060721
0.037878
0.089897
0.043134
0.049209
0.058629
0.017253
0.010829
0.026745
0.002920
0.012018
0.003390
0.002292
0.012401
0.002627
0.000455
0.000681
0.000603
0.005528
0.000000
0.001445
0.000000
0.000000
0.000000
0.000472
0.000000
0.000208
0.000088
0.000000
0.000033
0.000000
0.000000
0.000000
0.000005
0.000000
0.000000
0.000000
0.000000
0.000100
0.000000
0.000000
0.000000
0.000000
0.000000
0.000000
0.000000
0.000000
0.000000
0.000000
0.000000
0.000000
0.000000
0.000000
0.000000
0.000000
0.000000
0.000000
0.000000
0.008804
0.001604
0.000000
0.000000
0.000000
0.000000
0.000523
0.000037
0.000000
0.000448
0.000003
0.000000
0.000000
0.000000
0.000000
0.000009
0.000000
0.000000
0.000044
0.000282
0.000000
0.000000
0.000000
0.000000
0.000000
0.000000
0.000000
0.000000
0.000000
0.000000
0.000000
0.000000
0.000000
0.000000
0.000000
0.000000
0.000000
0.000000
0.001595
0.001654
0.006470
0.000000
0.000000
0.000000
0.000062
0.000057
0.000551
0.000017
0.000120
0.000242
0.000000
0.000000
0.000000
0.000000
0.000000
0.000000
0.000000
0.000013
0.000138
0.000000
0.000000
0.000000
0.000000
0.000000
0.000000
0.000000
0.000000
0.000000
0.000000
0.000000
0.000000
0.000000
0.000000
0.000000
0.000000
0.000000
0.000000
0.000000
0.000000
0.000000
0.002008
0.000000
0.000836
0.000215
0.000000
0.000030
0.000000
0.000000
0.000000
0.000094
0.000000
0.000003
0.000003
0.000000
0.000000
0.000000
0.000000
0.000062
0.000000
0.000000
0.000000
0.000000
0.000000
0.000000
0.000000
0.000000
0.000000
0.000000
0.000000
0.000000
0.000000
0.000000
0.000000
0.000000
0.000000
0.000000
0.000000
0.000000
0.000000
0.000000
0.008578
0.001309
0.000000
0.000445
0.000118
0.000000
0.000000
0.000000
0.000000
0.000711
0.000026
0.000000
0.000020
0.000003
0.000000
0.000000
0.000133
0.000000
0.000000
0.000000
0.000000
0.000000
0.000000
0.000000
0.000000
0.000000
0.000000
0.000000
0.000000
0.000000
0.000000
0.000000
0.000000
0.000000
0.000000
0.000000
0.000000
0.000000
0.000741
0.001555
0.004765
0.000109
0.000076
0.000504
0.000000
0.000000
0.000000
0.000052
0.000060
0.000151
0.000000
0.000000
0.000000
0.000000
0.000005
0.000057
0.000000
0.000000
0.000000
0.000000
0.000000
0.000000
0.000000
0.000000
0.000000
0.000000
0.000000
0.000000
0.000000
0.000000
0.000000
0.000000
0.000000
0.000000
0.000303
0.000000
0.000089
0.000263
0.000000
0.000224
0.000848
0.000000
0.000247
0.000006
0.000000
0.000000
0.000005
0.000000
0.000003
0.000013
0.000000
0.000006
0.000000
0.000000
0.000011
0.000000
0.000000
0.000000
0.000000
0.000000
0.000000
0.000000
0.000000
0.000000
0.000000
0.000000
0.000000
0.000000
0.000000
0.000000
0.000000
0.000000
0.000000
0.000000
0.000342
0.000074
0.000000
0.000431
0.000095
0.000000
0.000671
0.000243
0.000000
0.000052
0.000000
0.000000
0.000085
0.000000
0.000000
0.000053
0.000000
0.000000
0.000000
0.000021
0.000000
0.000000
0.000000
0.000000
0.000000
0.000000
0.000000
0.000000
0.000000
0.000000
0.000000
0.000000
0.000000
0.000000
0.000000
0.000000
0.000000
0.000000
0.000148
0.000067
0.000557
0.000058
0.000145
0.000377
0.000192
0.000263
0.000950
0.000007
0.000000
0.000005
0.000006
0.000042
0.000082
0.000033
0.000022
0.000005
0.000000
0.000000
0.000028
0.000000
0.000000
0.000000
0.000000
0.000000
0.000000
0.000000
0.000000
0.000000
0.000000
0.000000
0.000000
0.000000
0.000000
0.000000
0.000000
0.000000
0.000000
0.000188
0.000000
0.000029
0.000000
0.000000
0.000000
0.000032
0.000000
0.000000
0.000298
0.000000
0.000042
0.000000
0.000000
0.000000
0.000024
0.000000
0.000004
0.000249
0.000000
0.000000
0.000000
0.000000
0.000000
0.000000
0.000000
0.000000
0.000000
0.000000
0.000000
0.000000
0.000000
0.000000
0.000000
0.000000
0.000000
0.000000
0.000000
0.000000
0.000000
0.000649
0.000269
0.000000
0.000000
0.000000
0.000000
0.000027
0.000012
0.000000
0.001121
0.000121
0.000000
0.000000
0.000000
0.000000
0.000016
0.000000
0.000713
0.000030
0.000017
0.000000
0.000000
0.000000
0.000000
0.000000
0.000000
0.000000
0.000000
0.000000
0.000000
0.000025
0.000000
0.000000
0.000000
0.000000
0.000000
0.000000
0.000000
0.000032
0.000013
0.000252
0.000000
0.000000
0.000000
0.000005
0.000000
0.000007
0.000081
0.000106
0.000122
0.000000
0.000000
0.000000
0.000000
0.000000
0.000000
0.000107
0.000000
0.000005
0.000000
0.000000
0.000000
0.000000
0.000000
0.000000
0.000000
0.000000
0.000000
0.000000
0.000000
0.000000
0.000000
0.000000
0.000000
0.000000
0.000000
0.000000
0.000000
0.000000
0.000000
0.000074
0.000000
0.000077
0.000027
0.000000
0.000000
0.000000
0.000000
0.000000
0.000267
0.000000
0.000090
0.000003
0.000000
0.000000
0.000165
0.000000
0.000007
0.000000
0.000000
0.000000
0.000000
0.000000
0.000000
0.000000
0.000000
0.000000
0.000000
0.000000
0.000000
0.000000
0.000006
0.000000
0.000000
0.000000
0.000000
0.000000
0.000000
0.000000
0.000000
0.000670
0.000126
0.000000
0.000059
0.000009
0.000000
0.000000
0.000000
0.000000
0.001327
0.000101
0.000000
0.000016
0.000023
0.000975
0.000026
0.000017
0.000000
0.000000
0.000000
0.000000
0.000000
0.000000
0.000000
0.000000
0.000000
0.000000
0.000000
0.000000
0.000000
0.000008
0.000004
0.000000
0.000000
0.000000
0.000000
0.000000
0.000000
0.000015
0.000008
0.000219
0.000000
0.000000
0.000055
0.000000
0.000000
0.000000
0.000033
0.000139
0.000083
0.000000
0.000000
0.000003
0.000089
0.000003
0.000000
0.000000
0.000000
0.000000
0.000000
0.000000
0.000000
0.000000
0.000000
0.000000
0.000000
0.000000
0.000000
0.000000
0.000000
0.000000
0.000000
0.000000
0.000000
0.000000
0.000000
0.000000
0.000000
0.000000
0.000000
0.000030
0.000000
0.000000
0.000039
0.000000
0.000000
0.000003
0.000000
0.000000
0.000009
0.000000
0.000003
0.000009
0.000004
0.000000
0.000000
0.000000
0.000000
0.000000
0.000000
0.000000
0.000000
0.000000
0.000000
0.000000
0.000000
0.000000
0.000000
0.000000
0.000000
0.000000
0.000000
0.000000
0.000000
0.000000
0.000006
0.000000
0.000000
0.000000
0.000000
0.000036
0.000002
0.000000
0.000033
0.000000
0.000000
0.000042
0.000000
0.000000
0.000026
0.000004
0.000029
0.000000
0.000000
0.000000
0.000000
0.000000
0.000000
0.000000
0.000000
0.000000
0.000000
0.000000
0.000000
0.000000
0.000000
0.000000
0.000000
0.000000
0.000000
0.000000
0.000000
0.000013
0.000000
0.000007
0.000000
0.000000
0.000000
0.000000
0.000000
0.000020
0.000007
0.000000
0.000000
0.000000
0.000000
0.000000
0.000000
0.000000
0.000003
0.000000
0.000006
0.000000
0.000000
0.000000
0.000000
0.000000
0.000000
0.000000
0.000000
0.000000
0.000000
0.000000
0.000000
0.000000
0.000000
0.000000
0.000000
0.000000
0.000000
0.000000
0.000000
0.000000
0.000000
0.000000
0.000000
0.000000
0.000000
0.000000
0.000000
0.000305
0.001050
0.000143
0.000224
0.000903
0.000099
0.000006
0.000015
0.000000
0.455093
0.000000
0.000022
0.000000
0.000000
0.000000
0.000000
0.000000
0.000000
0.000000
0.000000
0.000000
0.000879
0.002863
0.000523
0.000912
0.003470
0.000346
0.000047
0.000049
0.000033
0.000000
0.000035
0.000000
0.000000
0.000005
0.000000
0.000000
0.000005
0.000000
0.000007
0.000033
0.000004
0.000000
0.000069
0.000005
0.000000
0.000000
0.000000
0.000000
0.000091
0.000000
0.000000
0.000020
0.000020
0.000005
0.000004
0.000000
0.000000
0.000000
0.000000
0.000000
0.000034
0.000000
0.000000
0.000006
0.000000
0.000000
0.000013
0.000030
0.000060
0.000142
0.000130
0.000079
0.000091
0.000106
0.000026
0.000000
0.000015
0.000000
0.000004
0.000012
0.000000
0.000006
0.000000
0.000000
0.000000
0.000000
0.000021
0.000000
0.027593
0.000148
0.000051
0.000202
0.000113
0.000087
0.000175
0.000101
0.000003
0.000105
0.000006
0.000009
0.000000
0.000000
0.000013
0.000000
0.000000
0.000000
0.000000
0.000000
0.000000
0.000000
0.000000
0.000000
0.000000
0.000000
0.000000
0.000000
0.000000
0.000000
0.000000
0.000000
0.000000
0.000000
0.000000
0.000000
0.000000
0.000000
0.000000
0.000064
0.041956
0.000000
0.014129
0.000000
0.000000
0.000000
0.003153
0.000000
0.000935
0.000564
0.000000
0.000154
0.000000
0.000000
0.000000
0.000033
0.000000
0.000014
0.000000
0.000000
0.000000
0.000000
0.000000
0.000000
0.000000
0.000000
0.000000
0.000000
0.000000
0.000000
0.000000
0.000000
0.000000
0.000000
0.000000
0.000000
0.000000
0.000035
0.000099
0.000000
0.022515
0.009421
0.000000
0.000000
0.000000
0.000000
0.002044
0.000883
0.000000
0.002885
0.000074
0.000000
0.000000
0.000000
0.000000
0.000096
0.000000
0.000000
0.000000
0.000000
0.000000
0.000000
0.000000
0.000000
0.000000
0.000000
0.000000
0.000000
0.000000
0.000000
0.000000
0.000000
0.000000
0.000000
0.000000
0.000000
0.000007
0.000161
0.013472
0.011980
0.056887
0.000000
0.000000
0.000000
0.000801
0.000905
0.004085
0.000125
0.000910
0.000938
0.000000
0.000000
0.000000
0.000006
0.000009
0.000046
0.000000
0.000000
0.000000
0.000000
0.000000
0.000000
0.000000
0.000000
0.000000
0.000000
0.000000
0.000000
0.000000
0.000000
0.000000
0.000000
0.000000
0.000000
0.000000
0.000000
0.000060
0.000000
0.000000
0.000000
0.030737
0.000000
0.008118
0.003030
0.000000
0.001033
0.000000
0.000000
0.000000
0.000197
0.000000
0.000083
0.000015
0.000000
0.000000
0.000000
0.000000
0.000000
0.000000
0.000000
0.000000
0.000000
0.000000
0.000000
0.000000
0.000000
0.000000
0.000000
0.000000
0.000000
0.000000
0.000000
0.000000
0.000000
0.000010
0.000167
0.000000
0.000000
0.000000
0.000000
0.034525
0.008979
0.000000
0.001664
0.001623
0.000000
0.000000
0.000000
0.000000
0.002371
0.000016
0.000000
0.000005
0.000000
0.000000
0.000000
0.000000
0.000000
0.000000
0.000000
0.000000
0.000000
0.000000
0.000000
0.000000
0.000000
0.000000
0.000000
0.000000
0.000000
0.000000
0.000000
0.000000
0.000005
0.000085
0.000000
0.000000
0.000000
0.008570
0.007807
0.035239
0.000936
0.000651
0.004093
0.000000
0.000000
0.000000
0.000067
0.000574
0.000778
0.000009
0.000000
0.000012
0.000000
0.000000
0.000000
0.000000
0.000000
0.000000
0.000000
0.000000
0.000000
0.000000
0.000000
0.000000
0.000000
0.000000
0.000000
0.000000
0.000000
0.000000
0.000000
0.000000
0.000017
0.002958
0.000000
0.001657
0.002294
0.000000
0.000990
0.006884
0.000000
0.002243
0.000017
0.000000
0.000006
0.000074
0.000000
0.000031
0.000119
0.000000
0.000055
0.000000
0.000000
0.000000
0.000000
0.000000
0.000000
0.000000
0.000000
0.000000
0.000000
0.000000
0.000000
0.000000
0.000000
0.000000
0.000000
0.000000
0.000000
0.000000
0.000000
0.000026
0.000000
0.001472
0.000797
0.000000
0.002442
0.000460
0.000000
0.003619
0.001583
0.000000
0.000045
0.000005
0.000000
0.000196
0.000017
0.000000
0.000184
0.000029
0.000000
0.000000
0.000000
0.000000
0.000000
0.000000
0.000000
0.000000
0.000000
0.000000
0.000000
0.000000
0.000000
0.000000
0.000000
0.000000
0.000000
0.000000
0.000000
0.000000
0.000029
0.001582
0.000682
0.005217
0.000866
0.001082
0.003012
0.002239
0.001745
0.009788
0.000004
0.000049
0.000050
0.000006
0.000132
0.000147
0.000039
0.000056
0.000145
0.000000
0.000000
0.000000
0.000000
0.000000
0.000000
0.000000
0.000000
0.000000
0.000000
0.000000
0.000000
0.000000
0.000000
0.000000
0.000000
0.000000
0.000000
0.000937
0.000000
0.000000
0.000517
0.000000
0.000170
0.000000
0.000000
0.000000
0.000028
0.000000
0.000000
0.001031
0.000000
0.000207
0.000000
0.000000
0.000000
0.000033
0.000000
0.000009
0.000000
0.000000
0.000000
0.000000
0.000000
0.000000
0.000000
0.000000
0.000000
0.000007
0.000027
0.000000
0.000000
0.000000
0.000000
0.000000
0.000000
0.000000
0.004467
0.000004
0.000000
0.000000
0.001273
0.000668
0.000000
0.000000
0.000000
0.000000
0.000046
0.000011
0.000027
0.004594
0.000761
0.000000
0.000000
0.000000
0.000000
0.000113
0.000036
0.000000
0.000000
0.000000
0.000000
0.000000
0.000000
0.000000
0.000000
0.000000
0.000000
0.000000
0.000000
0.000000
0.000000
0.000000
0.000000
0.000000
0.000000
0.000392
0.000027
0.000019
0.000362
0.000044
0.001079
0.000000
0.000000
0.000000
0.000000
0.000000
0.000012
0.000177
0.000589
0.000688
0.000000
0.000000
0.000000
0.000000
0.000000
0.000012
0.000000
0.000000
0.000000
0.000000
0.000000
0.000000
0.000000
0.000000
0.000000
0.000000
0.000000
0.000000
0.000000
0.000000
0.000000
0.000000
0.000000
0.000000
0.000533
0.000000
0.000000
0.000000
0.000000
0.000000
0.000487
0.000000
0.000118
0.000121
0.000000
0.000017
0.000000
0.000000
0.000000
0.000845
0.000000
0.000122
0.000027
0.000000
0.000019
0.000000
0.000000
0.000000
0.000000
0.000000
0.000000
0.000000
0.000000
0.000000
0.000000
0.000000
0.000005
0.000033
0.000051
0.000005
0.000000
0.000000
0.000003
0.004068
0.000069
0.000049
0.000000
0.000000
0.000000
0.000000
0.001733
0.000748
0.000000
0.000082
0.000107
0.000000
0.000000
0.000000
0.000000
0.004682
0.000675
0.000000
0.000054
0.000076
0.000000
0.000000
0.000000
0.000000
0.000000
0.000000
0.000000
0.000000
0.000000
0.000000
0.000000
0.000000
0.000000
0.000000
0.000000
0.000000
0.000000
0.000000
0.000349
0.000006
0.000000
0.000000
0.000000
0.000000
0.000182
0.000044
0.000883
0.000010
0.000004
0.000043
0.000000
0.000000
0.000000
0.000124
0.000579
0.000369
0.000000
0.000000
0.000019
0.000000
0.000000
0.000000
0.000000
0.000000
0.000000
0.000000
0.000000
0.000000
0.000000
0.000000
0.000000
0.000000
0.000000
0.000000
0.000000
0.000000
0.000000
0.000096
0.000000
0.000000
0.000006
0.000000
0.000023
0.000016
0.000000
0.000000
0.000022
0.000000
0.000022
0.000095
0.000000
0.000000
0.000072
0.000000
0.000018
0.000081
0.000000
0.000007
0.000000
0.000000
0.000000
0.000000
0.000000
0.000000
0.000000
0.000000
0.000000
0.000000
0.000000
0.000000
0.000000
0.000000
0.000000
0.000000
0.000000
0.000000
0.000082
0.000000
0.000000
0.000000
0.000012
0.000012
0.000000
0.000009
0.000012
0.000000
0.000087
0.000097
0.000000
0.000008
0.000000
0.000000
0.000265
0.000002
0.000000
0.000085
0.000012
0.000000
0.000000
0.000000
0.000000
0.000000
0.000000
0.000000
0.000000
0.000000
0.000000
0.000000
0.000000
0.000000
0.000000
0.000000
0.000000
0.000000
0.000000
0.000031
0.000000
0.000000
0.000000
0.000000
0.000055
0.000000
0.000000
0.000060
0.000012
0.000000
0.000125
0.000000
0.000066
0.000000
0.000003
0.000127
0.000018
0.000048
0.000007
0.000051
