0.001382
0.007380
0.013389
0.002057
0.005721
0.005989
0.002186
0.002081
0.005490
0.001071
0.004205
0.001389
0.000819
0.003720
0.002609
0.000433
0.000229
0.000344
0.551067
0.000609
0.035190
0.028106
0.019157
0.071395
0.022279
0.016897
0.054050
0.023486
0.007860
0.049633
0.004283
0.017043
0.007870
0.008746
0.009541
0.007348
0.001059
0.001210
0.002677
0.000615
0.000000
0.000389
0.000000
0.000000
0.000000
0.000195
0.000000
0.000000
0.000044
0.000000
0.000000
0.000000
0.000000
0.000000
0.000000
0.000000
0.000000
0.000000
0.000000
0.000070
0.000000
0.000000
0.000000
0.000000
0.000000
0.000000
0.000000
0.000000
0.000000
0.000000
0.000000
0.000000
0.000000
0.000000
0.000000
0.000000
0.000000
0.000000
0.000000
0.004958
0.001058
0.000000
0.000000
0.000000
0.000000
0.000000
0.000600
0.000000
0.000565
0.000119
0.000000
0.000000
0.000000
0.000000
0.000000
0.000000
0.000000
0.000000
0.000144
0.000000
0.000000
0.000000
0.000000
0.000000
0.000000
0.000000
0.000000
0.000000
0.000000
0.000000
0.000000
0.000000
0.000000
0.000000
0.000000
0.000000
0.000000
0.000184
0.001185
0.008821
0.000000
0.000000
0.000000
0.000044
0.000074
0.001769
0.000085
0.000397
0.000252
0.000000
0.000000
0.000000
0.000000
0.000000
0.000040
0.000000
0.000000
0.000074
0.000000
0.000000
0.000000
0.000000
0.000000
0.000000
0.000000
0.000000
0.000000
0.000000
0.000000
0.000000
0.000000
0.000000
0.000000
0.000000
0.000000
0.000000
0.000000
0.000000
0.000000
0.001028
0.000000
0.000392
0.000343
0.000000
0.000115
0.000000
0.000000
0.000000
0.000182
0.000000
0.000000
0.000000
0.000000
0.000000
0.000000
0.000000
0.000000
0.000000
0.000000
0.000000
0.000000
0.000000
0.000000
0.000000
0.000000
0.000000
0.000000
0.000000
0.000000
0.000000
0.000000
0.000000
0.000000
0.000000
0.000000
0.000000
0.000000
0.000000
0.000000
0.003448
0.001114
0.000000
0.000089
0.000000
0.000000
0.000000
0.000000
0.000000
0.001104
0.000000
0.000000
0.000000
0.000000
0.000000
0.000000
0.000000
0.000000
0.000000
0.000000
0.000000
0.000000
0.000000
0.000000
0.000000
0.000000
0.000000
0.000000
0.000000
0.000000
0.000000
0.000000
0.000000
0.000000
0.000000
0.000000
0.000000
0.000000
0.000315
0.001233
0.002803
0.000085
0.000556
0.000170
0.000000
0.000000
0.000000
0.000040
0.000085
0.000693
0.000000
0.000000
0.000040
0.000000
0.000000
0.000000
0.000000
0.000000
0.000000
0.000000
0.000000
0.000000
0.000000
0.000000
0.000000
0.000000
0.000000
0.000000
0.000000
0.000000
0.000000
0.000000
0.000000
0.000000
0.000339
0.000000
0.000245
0.000403
0.000000
0.000052
0.000866
0.000000
0.000119
0.000081
0.000000
0.000000
0.000000
0.000000
0.000000
0.000085
0.000000
0.000000
0.000000
0.000000
0.000000
0.000000
0.000000
0.000000
0.000000
0.000000
0.000000
0.000000
0.000000
0.000000
0.000000
0.000000
0.000000
0.000000
0.000000
0.000000
0.000000
0.000000
0.000000
0.000000
0.000044
0.000600
0.000000
0.000630
0.000040
0.000000
0.000600
0.000074
0.000000
0.000040
0.000000
0.000000
0.000000
0.000000
0.000000
0.000000
0.000000
0.000000
0.000000
0.000074
0.000000
0.000000
0.000000
0.000000
0.000000
0.000000
0.000000
0.000000
0.000000
0.000000
0.000000
0.000000
0.000000
0.000000
0.000000
0.000000
0.000000
0.000000
0.000085
0.000070
0.000408
0.000044
0.000000
0.001079
0.000266
0.000745
0.002215
0.000000
0.000000
0.000000
0.000044
0.000000
0.000409
0.000040
0.000000
0.000126
0.000000
0.000000
0.000000
0.000000
0.000000
0.000000
0.000000
0.000000
0.000000
0.000000
0.000000
0.000000
0.000000
0.000000
0.000000
0.000000
0.000000
0.000000
0.000000
0.000000
0.000000
0.000159
0.000000
0.000123
0.000000
0.000000
0.000000
0.000000
0.000000
0.000000
0.000451
0.000000
0.000000
0.000000
0.000000
0.000000
0.000000
0.000000
0.000000
0.000339
0.000000
0.000000
0.000000
0.000000
0.000000
0.000000
0.000000
0.000000
0.000000
0.000000
0.000000
0.000000
0.000000
0.000000
0.000000
0.000000
0.000000
0.000000
0.000000
0.000000
0.000000
0.000412
0.000449
0.000000
0.000000
0.000000
0.000000
0.000000
0.000040
0.000000
0.001533
0.000447
0.000000
0.000000
0.000000
0.000000
0.000081
0.000040
0.001066
0.000107
0.000000
0.000000
0.000000
0.000000
0.000000
0.000000
0.000000
0.000000
0.000000
0.000000
0.000000
0.000000
0.000041
0.000000
0.000000
0.000000
0.000000
0.000000
0.000000
0.000000
0.000000
0.000332
0.000000
0.000000
0.000000
0.000000
0.000000
0.000233
0.000085
0.000167
0.000369
0.000000
0.000000
0.000000
0.000000
0.000000
0.000000
0.000163
0.000000
0.000000
0.000000
0.000000
0.000000
0.000000
0.000000
0.000000
0.000000
0.000000
0.000000
0.000000
0.000000
0.000000
0.000000
0.000040
0.000000
0.000000
0.000000
0.000000
0.000000
0.000000
0.000000
0.000085
0.000000
0.000000
0.000000
0.000000
0.000000
0.000000
0.000000
0.000000
0.000255
0.000000
0.000044
0.000045
0.000000
0.000000
0.000351
0.000000
0.000000
0.000000
0.000000
0.000000
0.000000
0.000000
0.000000
0.000000
0.000000
0.000000
0.000000
0.000000
0.000000
0.000000
0.000040
0.000000
0.000000
0.000000
0.000000
0.000000
0.000000
0.000000
0.000000
0.000182
0.000092
0.000000
0.000000
0.000000
0.000000
0.000000
0.000000
0.000000
0.001344
0.000474
0.000000
0.000000
0.000000
0.001094
0.000000
0.000000
0.000000
0.000000
0.000000
0.000000
0.000000
0.000000
0.000000
0.000000
0.000000
0.000000
0.000000
0.000000
0.000000
0.000556
0.000000
0.000000
0.000000
0.000000
0.000000
0.000000
0.000000
0.000040
0.000074
0.000448
0.000000
0.000000
0.000115
0.000000
0.000000
0.000000
0.000044
0.000460
0.000713
0.000000
0.000000
0.000057
0.000598
0.000000
0.000074
0.000000
0.000000
0.000000
0.000000
0.000000
0.000000
0.000000
0.000000
0.000000
0.000000
0.000000
0.000000
0.000000
0.000000
0.000000
0.000000
0.000000
0.000000
0.000000
0.000000
0.000000
0.000000
0.000000
0.000000
0.000194
0.000000
0.000000
0.000044
0.000000
0.000000
0.000081
0.000000
0.000000
0.000074
0.000000
0.000000
0.000040
0.000000
0.000000
0.000000
0.000000
0.000000
0.000000
0.000000
0.000000
0.000000
0.000000
0.000000
0.000000
0.000000
0.000000
0.000000
0.000000
0.000000
0.000000
0.000000
0.000000
0.000000
0.000074
0.000000
0.000000
0.000000
0.000000
0.000000
0.000040
0.000040
0.000000
0.000000
0.000000
0.000000
0.000000
0.000000
0.000000
0.000074
0.000000
0.000000
0.000000
0.000000
0.000000
0.000000
0.000000
0.000000
0.000000
0.000000
0.000000
0.000000
0.000000
0.000000
0.000000
0.000000
0.000000
0.000000
0.000000
0.000000
0.000000
0.000000
0.000000
0.000000
0.000000
0.000000
0.000000
0.000000
0.000057
0.000000
0.000040
0.000000
0.000000
0.000040
0.000000
0.000000
0.000000
0.000040
0.000000
0.000040
0.000085
0.000040
0.000000
0.000000
0.000000
0.000000
0.000000
0.000000
0.000000
0.000000
0.000000
0.000000
0.000000
0.000000
0.000000
0.000000
0.000000
0.000000
0.000000
0.000000
0.000000
0.000000
0.000000
0.000000
0.000000
0.000000
0.000000
0.000000
0.000000
0.000000
0.000241
0.001386
0.000163
0.000174
0.000704
0.000246
0.000149
0.000074
0.000000
0.531776
0.000000
0.000070
0.000000
0.000000
0.000000
0.000000
0.000000
0.000000
0.000000
0.000000
0.000000
0.000883
0.003551
0.001274
0.003399
0.002973
0.000993
0.000041
0.000146
0.000150
0.000000
0.000000
0.000000
0.000074
0.000000
0.000000
0.000070
0.000000
0.000000
0.000041
0.000044
0.000000
0.000000
0.000045
0.000044
0.000000
0.000000
0.000000
0.000000
0.000144
0.000000
0.000000
0.000000
0.000000
0.000000
0.000000
0.000000
0.000000
0.000000
0.000000
0.000000
0.000000
0.000107
0.000000
0.000000
0.000000
0.000000
0.000040
0.000000
0.000000
0.000699
0.001016
0.000070
0.000188
0.000000
0.000070
0.000000
0.000000
0.000000
0.000000
0.000000
0.000000
0.000000
0.000000
0.000000
0.000000
0.000000
0.000000
0.000000
0.032669
0.000000
0.000144
0.000213
0.000070
0.000000
0.000000
0.000223
0.000000
0.000144
0.000000
0.000000
0.000000
0.000000
0.000000
0.000000
0.000000
0.000000
0.000000
0.000000
0.000000
0.000000
0.000000
0.000000
0.000000
0.000000
0.000000
0.000000
0.000000
0.000000
0.000000
0.000000
0.000000
0.000000
0.000000
0.000000
0.000000
0.000000
0.000000
0.000000
0.018433
0.000000
0.006079
0.000000
0.000000
0.000000
0.001774
0.000000
0.000858
0.001051
0.000000
0.000162
0.000000
0.000000
0.000000
0.000000
0.000000
0.000000
0.000000
0.000000
0.000000
0.000000
0.000000
0.000000
0.000000
0.000000
0.000000
0.000000
0.000000
0.000000
0.000000
0.000000
0.000000
0.000000
0.000000
0.000000
0.000000
0.000000
0.000000
0.000000
0.010823
0.003762
0.000000
0.000000
0.000000
0.000000
0.001015
0.000534
0.000000
0.003036
0.000000
0.000000
0.000000
0.000000
0.000000
0.000107
0.000000
0.000000
0.000000
0.000000
0.000000
0.000000
0.000000
0.000000
0.000000
0.000000
0.000000
0.000000
0.000000
0.000000
0.000000
0.000000
0.000000
0.000000
0.000000
0.000000
0.000070
0.001178
0.005169
0.006405
0.046715
0.000000
0.000000
0.000000
0.000259
0.000524
0.005645
0.000274
0.002582
0.002437
0.000000
0.000000
0.000000
0.000000
0.000000
0.000609
0.000000
0.000000
0.000000
0.000000
0.000000
0.000000
0.000000
0.000000
0.000000
0.000000
0.000000
0.000000
0.000000
0.000000
0.000000
0.000000
0.000000
0.000000
0.000000
0.000000
0.000000
0.000000
0.000000
0.000000
0.012059
0.000000
0.006414
0.001667
0.000000
0.001948
0.000000
0.000000
0.000000
0.000185
0.000000
0.000163
0.000000
0.000000
0.000000
0.000000
0.000000
0.000000
0.000000
0.000000
0.000000
0.000000
0.000000
0.000000
0.000000
0.000000
0.000000
0.000000
0.000000
0.000000
0.000000
0.000000
0.000000
0.000000
0.000000
0.000000
0.000000
0.000000
0.000000
0.000000
0.010641
0.003746
0.000000
0.001209
0.000441
0.000000
0.000000
0.000000
0.000000
0.000746
0.000094
0.000000
0.000119
0.000000
0.000000
0.000000
0.000000
0.000000
0.000000
0.000000
0.000000
0.000000
0.000000
0.000000
0.000000
0.000000
0.000000
0.000000
0.000000
0.000000
0.000000
0.000000
0.000000
0.000074
0.000600
0.000000
0.000000
0.000000
0.003872
0.002965
0.031934
0.002345
0.000520
0.008838
0.000000
0.000000
0.000000
0.000885
0.000552
0.001929
0.000000
0.000000
0.000000
0.000000
0.000000
0.000000
0.000000
0.000000
0.000000
0.000000
0.000000
0.000000
0.000000
0.000000
0.000000
0.000000
0.000000
0.000000
0.000000
0.000000
0.000000
0.000000
0.000000
0.000144
0.003680
0.000000
0.003193
0.001711
0.000000
0.001704
0.009844
0.000000
0.002942
0.000000
0.000000
0.000147
0.000144
0.000000
0.000000
0.000044
0.000000
0.000141
0.000000
0.000000
0.000000
0.000000
0.000000
0.000000
0.000000
0.000000
0.000000
0.000000
0.000000
0.000000
0.000000
0.000000
0.000000
0.000000
0.000000
0.000000
0.000000
0.000000
0.000052
0.000000
0.000877
0.001306
0.000000
0.001123
0.000309
0.000000
0.002898
0.001283
0.000000
0.000000
0.000000
0.000000
0.000000
0.000000
0.000000
0.000053
0.000000
0.000000
0.000000
0.000000
0.000000
0.000000
0.000000
0.000000
0.000000
0.000000
0.000000
0.000000
0.000000
0.000000
0.000000
0.000000
0.000000
0.000000
0.000000
0.000000
0.000000
0.000070
0.000567
0.000144
0.008405
0.001363
0.000312
0.004975
0.006947
0.001476
0.023958
0.000000
0.000093
0.000222
0.000000
0.000134
0.000463
0.000274
0.000119
0.000495
0.000000
0.000000
0.000000
0.000000
0.000000
0.000000
0.000000
0.000000
0.000000
0.000000
0.000000
0.000000
0.000000
0.000000
0.000000
0.000000
0.000000
0.000000
0.001930
0.000000
0.000000
0.000241
0.000000
0.000000
0.000000
0.000000
0.000000
0.000107
0.000000
0.000000
0.001503
0.000000
0.000293
0.000000
0.000000
0.000000
0.000107
0.000000
0.000134
0.000000
0.000000
0.000000
0.000000
0.000000
0.000000
0.000000
0.000000
0.000000
0.000000
0.000040
0.000000
0.000000
0.000000
0.000000
0.000000
0.000000
0.000000
0.007422
0.000000
0.000000
0.000000
0.000885
0.000579
0.000000
0.000000
0.000000
0.000000
0.000000
0.000000
0.000000
0.005896
0.002002
0.000000
0.000000
0.000134
0.000000
0.000000
0.000236
0.000000
0.000000
0.000000
0.000000
0.000000
0.000000
0.000000
0.000000
0.000000
0.000000
0.000044
0.000000
0.000000
0.000000
0.000000
0.000000
0.000000
0.000000
0.000496
0.000044
0.000000
0.000267
0.000000
0.001560
0.000000
0.000000
0.000000
0.000000
0.000000
0.001833
0.000605
0.001738
0.001234
0.000000
0.000000
0.000000
0.000000
0.000000
0.000097
0.000000
0.000000
0.000000
0.000000
0.000000
0.000000
0.000000
0.000000
0.000000
0.000000
0.000000
0.000000
0.000000
0.000000
0.000000
0.000000
0.000000
0.000000
0.001648
0.000044
0.000000
0.000000
0.000000
0.000000
0.002487
0.000000
0.000119
0.000189
0.000000
0.000041
0.000000
0.000000
0.000000
0.003756
0.000000
0.000281
0.000189
0.000000
0.000093
0.000000
0.000000
0.000000
0.000000
0.000000
0.000000
0.000000
0.000000
0.000000
0.000000
0.000000
0.000000
0.000000
0.000000
0.000000
0.000000
0.000000
0.000000
0.003632
0.000041
0.000000
0.000000
0.000000
0.000000
0.000000
0.000276
0.000603
0.000000
0.000257
0.000138
0.000000
0.000000
0.000000
0.000000
0.002306
0.002159
0.000000
0.000089
0.000088
0.000000
0.000000
0.000000
0.000000
0.000000
0.000000
0.000000
0.000000
0.000000
0.000000
0.000000
0.000000
0.000000
0.000000
0.000000
0.000000
0.000000
0.000000
0.000365
0.000045
0.000144
0.000000
0.000000
0.000000
0.000532
0.000123
0.002243
0.000000
0.000000
0.000265
0.000000
0.000000
0.000000
0.000389
0.001850
0.001179
0.000000
0.000000
0.000261
0.000000
0.000000
0.000000
0.000000
0.000000
0.000000
0.000000
0.000000
0.000000
0.000000
0.000000
0.000000
0.000000
0.000000
0.000000
0.000000
0.000000
0.000000
0.000409
0.000000
0.000000
0.000000
0.000000
0.000000
0.000000
0.000000
0.000000
0.000218
0.000000
0.000119
0.000000
0.000000
0.000000
0.000044
0.000000
0.000000
0.000274
0.000000
0.000000
0.000000
0.000000
0.000000
0.000000
0.000000
0.000000
0.000000
0.000000
0.000000
0.000000
0.000000
0.000000
0.000000
0.000000
0.000000
0.000000
0.000000
0.000000
0.000495
0.000000
0.000000
0.000000
0.000000
0.000000
0.000000
0.000000
0.000045
0.000000
0.000000
0.000174
0.000000
0.000000
0.000000
0.000000
0.000172
0.000000
0.000000
0.000271
0.000057
0.000000
0.000000
0.000000
0.000000
0.000000
0.000000
0.000000
0.000000
0.000000
0.000000
0.000000
0.000000
0.000000
0.000000
0.000000
0.000000
0.000000
0.000000
0.000240
0.000000
0.000000
0.000000
0.000000
0.000057
0.000191
0.000000
0.000000
0.000053
0.000000
0.000856
0.000000
0.000297
0.000000
0.000045
0.000219
0.000000
0.000134
0.000269
0.000322
