0.007830
0.011726
0.010880
0.003231
0.011430
0.008099
0.002003
0.002157
0.002994
0.000859
0.002976
0.000725
0.000711
0.003415
0.000643
0.000095
0.000180
0.000055
0.467391
0.000381
0.028960
0.061012
0.038339
0.090480
0.042755
0.049370
0.058740
0.016977
0.010977
0.027125
0.002989
0.011941
0.003428
0.002311
0.012359
0.002697
0.000475
0.000682
0.000601
0.005508
0.000000
0.001440
0.000000
0.000000
0.000000
0.000470
0.000000
0.000207
0.000088
0.000000
0.000033
0.000000
0.000000
0.000000
0.000005
0.000000
0.000000
0.000000
0.000000
0.000100
0.000000
0.000000
0.000000
0.000000
0.000000
0.000000
0.000000
0.000000
0.000000
0.000000
0.000000
0.000000
0.000000
0.000000
0.000000
0.000000
0.000000
0.000000
0.000000
0.008793
0.001604
0.000000
0.000000
0.000000
0.000000
0.000525
0.000037
0.000000
0.000450
0.000003
0.000000
0.000000
0.000000
0.000000
0.000008
0.000000
0.000000
0.000044
0.000276
0.000000
0.000000
0.000000
0.000000
0.000000
0.000000
0.000000
0.000000
0.000000
0.000000
0.000000
0.000000
0.000000
0.000000
0.000000
0.000000
0.000000
0.000000
0.001590
0.001646
0.006453
0.000000
0.000000
0.000000
0.000062
0.000057
0.000553
0.000016
0.000119
0.000241
0.000000
0.000000
0.000000
0.000000
0.000000
0.000000
0.000000
0.000012
0.000141
0.000000
0.000000
0.000000
0.000000
0.000000
0.000000
0.000000
0.000000
0.000000
0.000000
0.000000
0.000000
0.000000
0.000000
0.000000
0.000000
0.000000
0.000000
0.000000
0.000000
0.000000
0.002001
0.000000
0.000833
0.000215
0.000000
0.000030
0.000000
0.000000
0.000000
0.000094
0.000000
0.000003
0.000003
0.000000
0.000000
0.000000
0.000000
0.000062
0.000000
0.000000
0.000000
0.000000
0.000000
0.000000
0.000000
0.000000
0.000000
0.000000
0.000000
0.000000
0.000000
0.000000
0.000000
0.000000
0.000000
0.000000
0.000000
0.000000
0.000000
0.000000
0.008548
0.001304
0.000000
0.000447
0.000118
0.000000
0.000000
0.000000
0.000000
0.000708
0.000026
0.000000
0.000020
0.000003
0.000000
0.000000
0.000132
0.000000
0.000000
0.000000
0.000000
0.000000
0.000000
0.000000
0.000000
0.000000
0.000000
0.000000
0.000000
0.000000
0.000000
0.000000
0.000000
0.000000
0.000000
0.000000
0.000000
0.000000
0.000738
0.001550
0.004748
0.000108
0.000076
0.000503
0.000000
0.000000
0.000000
0.000052
0.000060
0.000151
0.000000
0.000000
0.000000
0.000000
0.000005
0.000057
0.000000
0.000000
0.000000
0.000000
0.000000
0.000000
0.000000
0.000000
0.000000
0.000000
0.000000
0.000000
0.000000
0.000000
0.000000
0.000000
0.000000
0.000000
0.000302
0.000000
0.000089
0.000262
0.000000
0.000223
0.000845
0.000000
0.000247
0.000006
0.000000
0.000000
0.000005
0.000000
0.000003
0.000013
0.000000
0.000006
0.000000
0.000000
0.000011
0.000000
0.000000
0.000000
0.000000
0.000000
0.000000
0.000000
0.000000
0.000000
0.000000
0.000000
0.000000
0.000000
0.000000
0.000000
0.000000
0.000000
0.000000
0.000000
0.000347
0.000074
0.000000
0.000430
0.000094
0.000000
0.000672
0.000242
0.000000
0.000052
0.000000
0.000000
0.000085
0.000000
0.000000
0.000056
0.000000
0.000000
0.000000
0.000021
0.000000
0.000000
0.000000
0.000000
0.000000
0.000000
0.000000
0.000000
0.000000
0.000000
0.000000
0.000000
0.000000
0.000000
0.000000
0.000000
0.000000
0.000000
0.000147
0.000067
0.000556
0.000058
0.000145
0.000375
0.000192
0.000265
0.000950
0.000007
0.000000
0.000005
0.000006
0.000042
0.000081
0.000032
0.000022
0.000005
0.000000
0.000000
0.000028
0.000000
0.000000
0.000000
0.000000
0.000000
0.000000
0.000000
0.000000
0.000000
0.000000
0.000000
0.000000
0.000000
0.000000
0.000000
0.000000
0.000000
0.000000
0.000187
0.000000
0.000029
0.000000
0.000000
0.000000
0.000032
0.000000
0.000000
0.000297
0.000000
0.000042
0.000000
0.000000
0.000000
0.000024
0.000000
0.000004
0.000248
0.000000
0.000000
0.000000
0.000000
0.000000
0.000000
0.000000
0.000000
0.000000
0.000000
0.000000
0.000000
0.000000
0.000000
0.000000
0.000000
0.000000
0.000000
0.000000
0.000000
0.000000
0.000646
0.000268
0.000000
0.000000
0.000000
0.000000
0.000027
0.000012
0.000000
0.001117
0.000120
0.000000
0.000000
0.000000
0.000000
0.000016
0.000000
0.000714
0.000030
0.000017
0.000000
0.000000
0.000000
0.000000
0.000000
0.000000
0.000000
0.000000
0.000000
0.000000
0.000025
0.000000
0.000000
0.000000
0.000000
0.000000
0.000000
0.000000
0.000032
0.000013
0.000251
0.000000
0.000000
0.000000
0.000005
0.000000
0.000007
0.000081
0.000106
0.000121
0.000000
0.000000
0.000000
0.000000
0.000000
0.000000
0.000107
0.000000
0.000005
0.000000
0.000000
0.000000
0.000000
0.000000
0.000000
0.000000
0.000000
0.000000
0.000000
0.000000
0.000000
0.000000
0.000000
0.000000
0.000000
0.000000
0.000000
0.000000
0.000000
0.000000
0.000074
0.000000
0.000077
0.000027
0.000000
0.000000
0.000000
0.000000
0.000000
0.000266
0.000000
0.000089
0.000003
0.000000
0.000000
0.000164
0.000000
0.000007
0.000000
0.000000
0.000000
0.000000
0.000000
0.000000
0.000000
0.000000
0.000000
0.000000
0.000000
0.000000
0.000000
0.000006
0.000000
0.000000
0.000000
0.000000
0.000000
0.000000
0.000000
0.000000
0.000668
0.000125
0.000000
0.000059
0.000009
0.000000
0.000000
0.000000
0.000000
0.001322
0.000101
0.000000
0.000016
0.000023
0.000975
0.000026
0.000017
0.000000
0.000000
0.000000
0.000000
0.000000
0.000000
0.000000
0.000000
0.000000
0.000000
0.000000
0.000000
0.000000
0.000008
0.000004
0.000000
0.000000
0.000000
0.000000
0.000000
0.000000
0.000015
0.000008
0.000218
0.000000
0.000000
0.000055
0.000000
0.000000
0.000000
0.000033
0.000139
0.000082
0.000000
0.000000
0.000003
0.000089
0.000003
0.000000
0.000000
0.000000
0.000000
0.000000
0.000000
0.000000
0.000000
0.000000
0.000000
0.000000
0.000000
0.000000
0.000000
0.000000
0.000000
0.000000
0.000000
0.000000
0.000000
0.000000
0.000000
0.000000
0.000000
0.000000
0.000030
0.000000
0.000000
0.000039
0.000000
0.000000
0.000003
0.000000
0.000000
0.000009
0.000000
0.000003
0.000009
0.000004
0.000000
0.000000
0.000000
0.000000
0.000000
0.000000
0.000000
0.000000
0.000000
0.000000
0.000000
0.000000
0.000000
0.000000
0.000000
0.000000
0.000000
0.000000
0.000000
0.000000
0.000000
0.000006
0.000000
0.000000
0.000000
0.000000
0.000036
0.000002
0.000000
0.000033
0.000000
0.000000
0.000046
0.000000
0.000000
0.000026
0.000003
0.000028
0.000000
0.000000
0.000000
0.000000
0.000000
0.000000
0.000000
0.000000
0.000000
0.000000
0.000000
0.000000
0.000000
0.000000
0.000000
0.000000
0.000000
0.000000
0.000000
0.000000
0.000012
0.000000
0.000007
0.000000
0.000000
0.000000
0.000000
0.000000
0.000020
0.000007
0.000000
0.000000
0.000000
0.000000
0.000000
0.000000
0.000000
0.000003
0.000000
0.000006
0.000000
0.000000
0.000000
0.000000
0.000000
0.000000
0.000000
0.000000
0.000000
0.000000
0.000000
0.000000
0.000000
0.000000
0.000000
0.000000
0.000000
0.000000
0.000000
0.000000
0.000000
0.000000
0.000000
0.000000
0.000000
0.000000
0.000000
0.000000
0.000304
0.001046
0.000142
0.000223
0.000900
0.000098
0.000006
0.000015
0.000000
0.453921
0.000000
0.000022
0.000000
0.000000
0.000000
0.000000
0.000000
0.000000
0.000000
0.000000
0.000000
0.000894
0.002836
0.000545
0.000930
0.003464
0.000359
0.000054
0.000049
0.000033
0.000000
0.000034
0.000000
0.000000
0.000005
0.000000
0.000000
0.000005
0.000000
0.000007
0.000033
0.000004
0.000000
0.000068
0.000005
0.000000
0.000000
0.000000
0.000000
0.000091
0.000000
0.000000
0.000020
0.000020
0.000005
0.000004
0.000000
0.000000
0.000000
0.000000
0.000000
0.000034
0.000000
0.000000
0.000006
0.000000
0.000000
0.000012
0.000030
0.000060
0.000139
0.000129
0.000079
0.000094
0.000106
0.000026
0.000000
0.000015
0.000000
0.000004
0.000012
0.000000
0.000006
0.000000
0.000000
0.000000
0.000000
0.000021
0.000000
0.027369
0.000147
0.000051
0.000201
0.000112
0.000087
0.000178
0.000095
0.000003
0.000105
0.000006
0.000008
0.000000
0.000000
0.000013
0.000000
0.000000
0.000000
0.000000
0.000000
0.000000
0.000000
0.000000
0.000000
0.000000
0.000000
0.000000
0.000000
0.000000
0.000000
0.000000
0.000000
0.000000
0.000000
0.000000
0.000000
0.000000
0.000000
0.000000
0.000064
0.042247
0.000000
0.014149
0.000000
0.000000
0.000000
0.003088
0.000000
0.000961
0.000588
0.000000
0.000153
0.000000
0.000000
0.000000
0.000033
0.000000
0.000014
0.000000
0.000000
0.000000
0.000000
0.000000
0.000000
0.000000
0.000000
0.000000
0.000000
0.000000
0.000000
0.000000
0.000000
0.000000
0.000000
0.000000
0.000000
0.000000
0.000034
0.000099
0.000000
0.023018
0.009310
0.000000
0.000000
0.000000
0.000000
0.002101
0.000878
0.000000
0.002909
0.000074
0.000000
0.000000
0.000000
0.000000
0.000095
0.000000
0.000000
0.000000
0.000000
0.000000
0.000000
0.000000
0.000000
0.000000
0.000000
0.000000
0.000000
0.000000
0.000000
0.000000
0.000000
0.000000
0.000000
0.000000
0.000000
0.000007
0.000161
0.013502
0.011985
0.057467
0.000000
0.000000
0.000000
0.000809
0.000905
0.004088
0.000124
0.000882
0.000930
0.000000
0.000000
0.000000
0.000006
0.000009
0.000046
0.000000
0.000000
0.000000
0.000000
0.000000
0.000000
0.000000
0.000000
0.000000
0.000000
0.000000
0.000000
0.000000
0.000000
0.000000
0.000000
0.000000
0.000000
0.000000
0.000000
0.000060
0.000000
0.000000
0.000000
0.030457
0.000000
0.008117
0.002927
0.000000
0.001037
0.000000
0.000000
0.000000
0.000196
0.000000
0.000083
0.000015
0.000000
0.000000
0.000000
0.000000
0.000000
0.000000
0.000000
0.000000
0.000000
0.000000
0.000000
0.000000
0.000000
0.000000
0.000000
0.000000
0.000000
0.000000
0.000000
0.000000
0.000000
0.000010
0.000170
0.000000
0.000000
0.000000
0.000000
0.034603
0.008961
0.000000
0.001658
0.001695
0.000000
0.000000
0.000000
0.000000
0.002400
0.000016
0.000000
0.000005
0.000000
0.000000
0.000000
0.000000
0.000000
0.000000
0.000000
0.000000
0.000000
0.000000
0.000000
0.000000
0.000000
0.000000
0.000000
0.000000
0.000000
0.000000
0.000000
0.000000
0.000005
0.000079
0.000000
0.000000
0.000000
0.008457
0.007791
0.035376
0.000912
0.000671
0.004226
0.000000
0.000000
0.000000
0.000062
0.000576
0.000764
0.000009
0.000000
0.000012
0.000000
0.000000
0.000000
0.000000
0.000000
0.000000
0.000000
0.000000
0.000000
0.000000
0.000000
0.000000
0.000000
0.000000
0.000000
0.000000
0.000000
0.000000
0.000000
0.000000
0.000016
0.002876
0.000000
0.001663
0.002289
0.000000
0.000988
0.006751
0.000000
0.002181
0.000017
0.000000
0.000006
0.000074
0.000000
0.000031
0.000118
0.000000
0.000054
0.000000
0.000000
0.000000
0.000000
0.000000
0.000000
0.000000
0.000000
0.000000
0.000000
0.000000
0.000000
0.000000
0.000000
0.000000
0.000000
0.000000
0.000000
0.000000
0.000000
0.000030
0.000000
0.001478
0.000789
0.000000
0.002492
0.000503
0.000000
0.003651
0.001592
0.000000
0.000048
0.000008
0.000000
0.000195
0.000024
0.000000
0.000187
0.000029
0.000000
0.000000
0.000000
0.000000
0.000000
0.000000
0.000000
0.000000
0.000000
0.000000
0.000000
0.000000
0.000000
0.000000
0.000000
0.000000
0.000000
0.000000
0.000000
0.000000
0.000029
0.001629
0.000680
0.005300
0.000857
0.001134
0.002955
0.002277
0.001792
0.009974
0.000004
0.000049
0.000050
0.000006
0.000131
0.000146
0.000039
0.000056
0.000145
0.000000
0.000000
0.000000
0.000000
0.000000
0.000000
0.000000
0.000000
0.000000
0.000000
0.000000
0.000000
0.000000
0.000000
0.000000
0.000000
0.000000
0.000000
0.000959
0.000000
0.000000
0.000525
0.000000
0.000170
0.000000
0.000000
0.000000
0.000028
0.000000
0.000000
0.001063
0.000000
0.000206
0.000000
0.000000
0.000000
0.000040
0.000000
0.000009
0.000000
0.000000
0.000000
0.000000
0.000000
0.000000
0.000000
0.000000
0.000000
0.000007
0.000027
0.000000
0.000000
0.000000
0.000000
0.000000
0.000000
0.000000
0.004463
0.000004
0.000000
0.000000
0.001229
0.000669
0.000000
0.000000
0.000000
0.000000
0.000046
0.000006
0.000027
0.004548
0.000783
0.000000
0.000000
0.000000
0.000000
0.000113
0.000036
0.000000
0.000000
0.000000
0.000000
0.000000
0.000000
0.000000
0.000000
0.000000
0.000000
0.000000
0.000000
0.000000
0.000000
0.000000
0.000000
0.000000
0.000000
0.000394
0.000027
0.000019
0.000360
0.000044
0.001100
0.000000
0.000000
0.000000
0.000000
0.000000
0.000036
0.000176
0.000582
0.000689
0.000000
0.000000
0.000000
0.000000
0.000000
0.000012
0.000000
0.000000
0.000000
0.000000
0.000000
0.000000
0.000000
0.000000
0.000000
0.000000
0.000000
0.000000
0.000000
0.000000
0.000000
0.000000
0.000000
0.000000
0.000520
0.000000
0.000000
0.000000
0.000000
0.000000
0.000499
0.000000
0.000125
0.000121
0.000000
0.000017
0.000000
0.000000
0.000000
0.000858
0.000000
0.000122
0.000027
0.000000
0.000019
0.000000
0.000000
0.000000
0.000000
0.000000
0.000000
0.000000
0.000000
0.000000
0.000000
0.000000
0.000005
0.000033
0.000051
0.000005
0.000000
0.000000
0.000003
0.004044
0.000068
0.000049
0.000000
0.000000
0.000000
0.000000
0.001723
0.000704
0.000000
0.000082
0.000110
0.000000
0.000000
0.000000
0.000000
0.004627
0.000721
0.000000
0.000054
0.000076
0.000000
0.000000
0.000000
0.000000
0.000000
0.000000
0.000000
0.000000
0.000000
0.000000
0.000000
0.000000
0.000000
0.000000
0.000000
0.000000
0.000000
0.000000
0.000354
0.000006
0.000000
0.000000
0.000000
0.000000
0.000188
0.000051
0.000928
0.000010
0.000004
0.000042
0.000000
0.000000
0.000000
0.000118
0.000571
0.000389
0.000000
0.000000
0.000019
0.000000
0.000000
0.000000
0.000000
0.000000
0.000000
0.000000
0.000000
0.000000
0.000000
0.000000
0.000000
0.000000
0.000000
0.000000
0.000000
0.000000
0.000000
0.000096
0.000000
0.000000
0.000006
0.000000
0.000023
0.000023
0.000000
0.000000
0.000029
0.000000
0.000022
0.000094
0.000000
0.000000
0.000072
0.000000
0.000018
0.000088
0.000000
0.000007
0.000000
0.000000
0.000000
0.000000
0.000000
0.000000
0.000000
0.000000
0.000000
0.000000
0.000000
0.000000
0.000000
0.000000
0.000000
0.000000
0.000000
0.000000
0.000082
0.000000
0.000000
0.000000
0.000012
0.000012
0.000000
0.000009
0.000012
0.000000
0.000087
0.000097
0.000000
0.000011
0.000000
0.000000
0.000264
0.000002
0.000000
0.000085
0.000012
0.000000
0.000000
0.000000
0.000000
0.000000
0.000000
0.000000
0.000000
0.000000
0.000000
0.000000
0.000000
0.000000
0.000000
0.000000
0.000000
0.000000
0.000000
0.000031
0.000000
0.000000
0.000000
0.000000
0.000055
0.000000
0.000000
0.000060
0.000012
0.000000
0.000125
0.000000
0.000066
0.000000
0.000003
0.000127
0.000018
0.000048
0.000007
0.000051
