0.007795
0.011671
0.010857
0.003210
0.011242
0.008045
0.001991
0.002166
0.002986
0.000799
0.002956
0.000711
0.000694
0.003357
0.000633
0.000092
0.000181
0.000056
0.466862
0.000380
0.028655
0.061248
0.038279
0.090987
0.042753
0.049547
0.059208
0.017093
0.011025
0.027071
0.002937
0.012081
0.003372
0.002208
0.012414
0.002706
0.000458
0.000683
0.000588
0.005494
0.000000
0.001422
0.000000
0.000000
0.000000
0.000470
0.000000
0.000205
0.000089
0.000000
0.000033
0.000000
0.000000
0.000000
0.000005
0.000000
0.000000
0.000000
0.000000
0.000101
0.000000
0.000000
0.000000
0.000000
0.000000
0.000000
0.000000
0.000000
0.000000
0.000000
0.000000
0.000000
0.000000
0.000000
0.000000
0.000000
0.000000
0.000000
0.000000
0.008758
0.001587
0.000000
0.000000
0.000000
0.000000
0.000528
0.000038
0.000000
0.000435
0.000003
0.000000
0.000000
0.000000
0.000000
0.000009
0.000000
0.000000
0.000045
0.000283
0.000000
0.000000
0.000000
0.000000
0.000000
0.000000
0.000000
0.000000
0.000000
0.000000
0.000000
0.000000
0.000000
0.000000
0.000000
0.000000
0.000000
0.000000
0.001582
0.001623
0.006459
0.000000
0.000000
0.000000
0.000063
0.000057
0.000556
0.000017
0.000120
0.000236
0.000000
0.000000
0.000000
0.000000
0.000000
0.000000
0.000000
0.000013
0.000142
0.000000
0.000000
0.000000
0.000000
0.000000
0.000000
0.000000
0.000000
0.000000
0.000000
0.000000
0.000000
0.000000
0.000000
0.000000
0.000000
0.000000
0.000000
0.000000
0.000000
0.000000
0.002004
0.000000
0.000813
0.000216
0.000000
0.000030
0.000000
0.000000
0.000000
0.000094
0.000000
0.000003
0.000003
0.000000
0.000000
0.000000
0.000000
0.000056
0.000000
0.000000
0.000000
0.000000
0.000000
0.000000
0.000000
0.000000
0.000000
0.000000
0.000000
0.000000
0.000000
0.000000
0.000000
0.000000
0.000000
0.000000
0.000000
0.000000
0.000000
0.000000
0.008397
0.001296
0.000000
0.000443
0.000115
0.000000
0.000000
0.000000
0.000000
0.000683
0.000026
0.000000
0.000020
0.000003
0.000000
0.000000
0.000133
0.000000
0.000000
0.000000
0.000000
0.000000
0.000000
0.000000
0.000000
0.000000
0.000000
0.000000
0.000000
0.000000
0.000000
0.000000
0.000000
0.000000
0.000000
0.000000
0.000000
0.000000
0.000737
0.001513
0.004733
0.000109
0.000077
0.000506
0.000000
0.000000
0.000000
0.000049
0.000057
0.000152
0.000000
0.000000
0.000000
0.000000
0.000005
0.000057
0.000000
0.000000
0.000000
0.000000
0.000000
0.000000
0.000000
0.000000
0.000000
0.000000
0.000000
0.000000
0.000000
0.000000
0.000000
0.000000
0.000000
0.000000
0.000304
0.000000
0.000089
0.000242
0.000000
0.000225
0.000851
0.000000
0.000245
0.000006
0.000000
0.000000
0.000005
0.000000
0.000003
0.000013
0.000000
0.000006
0.000000
0.000000
0.000011
0.000000
0.000000
0.000000
0.000000
0.000000
0.000000
0.000000
0.000000
0.000000
0.000000
0.000000
0.000000
0.000000
0.000000
0.000000
0.000000
0.000000
0.000000
0.000000
0.000350
0.000074
0.000000
0.000433
0.000095
0.000000
0.000677
0.000237
0.000000
0.000052
0.000000
0.000000
0.000085
0.000000
0.000000
0.000057
0.000000
0.000000
0.000000
0.000021
0.000000
0.000000
0.000000
0.000000
0.000000
0.000000
0.000000
0.000000
0.000000
0.000000
0.000000
0.000000
0.000000
0.000000
0.000000
0.000000
0.000000
0.000000
0.000148
0.000068
0.000559
0.000059
0.000139
0.000374
0.000193
0.000267
0.000946
0.000007
0.000000
0.000005
0.000006
0.000042
0.000082
0.000029
0.000022
0.000005
0.000000
0.000000
0.000025
0.000000
0.000000
0.000000
0.000000
0.000000
0.000000
0.000000
0.000000
0.000000
0.000000
0.000000
0.000000
0.000000
0.000000
0.000000
0.000000
0.000000
0.000000
0.000177
0.000000
0.000029
0.000000
0.000000
0.000000
0.000010
0.000000
0.000000
0.000273
0.000000
0.000042
0.000000
0.000000
0.000000
0.000024
0.000000
0.000004
0.000243
0.000000
0.000000
0.000000
0.000000
0.000000
0.000000
0.000000
0.000000
0.000000
0.000000
0.000000
0.000000
0.000000
0.000000
0.000000
0.000000
0.000000
0.000000
0.000000
0.000000
0.000000
0.000643
0.000270
0.000000
0.000000
0.000000
0.000000
0.000027
0.000012
0.000000
0.001113
0.000117
0.000000
0.000000
0.000000
0.000000
0.000016
0.000000
0.000701
0.000030
0.000017
0.000000
0.000000
0.000000
0.000000
0.000000
0.000000
0.000000
0.000000
0.000000
0.000000
0.000025
0.000000
0.000000
0.000000
0.000000
0.000000
0.000000
0.000000
0.000032
0.000009
0.000249
0.000000
0.000000
0.000000
0.000005
0.000000
0.000007
0.000074
0.000107
0.000118
0.000000
0.000000
0.000000
0.000000
0.000000
0.000000
0.000108
0.000000
0.000005
0.000000
0.000000
0.000000
0.000000
0.000000
0.000000
0.000000
0.000000
0.000000
0.000000
0.000000
0.000000
0.000000
0.000000
0.000000
0.000000
0.000000
0.000000
0.000000
0.000000
0.000000
0.000070
0.000000
0.000078
0.000027
0.000000
0.000000
0.000000
0.000000
0.000000
0.000261
0.000000
0.000083
0.000003
0.000000
0.000000
0.000162
0.000000
0.000007
0.000000
0.000000
0.000000
0.000000
0.000000
0.000000
0.000000
0.000000
0.000000
0.000000
0.000000
0.000000
0.000000
0.000006
0.000000
0.000000
0.000000
0.000000
0.000000
0.000000
0.000000
0.000000
0.000669
0.000123
0.000000
0.000059
0.000009
0.000000
0.000000
0.000000
0.000000
0.001290
0.000102
0.000000
0.000017
0.000023
0.000948
0.000026
0.000017
0.000000
0.000000
0.000000
0.000000
0.000000
0.000000
0.000000
0.000000
0.000000
0.000000
0.000000
0.000000
0.000000
0.000008
0.000004
0.000000
0.000000
0.000000
0.000000
0.000000
0.000000
0.000015
0.000008
0.000209
0.000000
0.000000
0.000056
0.000000
0.000000
0.000000
0.000033
0.000139
0.000079
0.000000
0.000000
0.000003
0.000090
0.000003
0.000000
0.000000
0.000000
0.000000
0.000000
0.000000
0.000000
0.000000
0.000000
0.000000
0.000000
0.000000
0.000000
0.000000
0.000000
0.000000
0.000000
0.000000
0.000000
0.000000
0.000000
0.000000
0.000000
0.000000
0.000000
0.000030
0.000000
0.000000
0.000039
0.000000
0.000000
0.000003
0.000000
0.000000
0.000009
0.000000
0.000003
0.000009
0.000000
0.000000
0.000000
0.000000
0.000000
0.000000
0.000000
0.000000
0.000000
0.000000
0.000000
0.000000
0.000000
0.000000
0.000000
0.000000
0.000000
0.000000
0.000000
0.000000
0.000000
0.000000
0.000006
0.000000
0.000000
0.000000
0.000000
0.000036
0.000002
0.000000
0.000033
0.000000
0.000000
0.000046
0.000000
0.000000
0.000026
0.000004
0.000029
0.000000
0.000000
0.000000
0.000000
0.000000
0.000000
0.000000
0.000000
0.000000
0.000000
0.000000
0.000000
0.000000
0.000000
0.000000
0.000000
0.000000
0.000000
0.000000
0.000000
0.000013
0.000000
0.000007
0.000000
0.000000
0.000000
0.000000
0.000000
0.000020
0.000007
0.000000
0.000000
0.000000
0.000000
0.000000
0.000000
0.000000
0.000003
0.000000
0.000006
0.000000
0.000000
0.000000
0.000000
0.000000
0.000000
0.000000
0.000000
0.000000
0.000000
0.000000
0.000000
0.000000
0.000000
0.000000
0.000000
0.000000
0.000000
0.000000
0.000000
0.000000
0.000000
0.000000
0.000000
0.000000
0.000000
0.000000
0.000000
0.000280
0.001042
0.000140
0.000214
0.000899
0.000095
0.000006
0.000015
0.000000
0.453437
0.000000
0.000022
0.000000
0.000000
0.000000
0.000000
0.000000
0.000000
0.000000
0.000000
0.000000
0.000871
0.002868
0.000539
0.000865
0.003515
0.000361
0.000047
0.000049
0.000034
0.000000
0.000035
0.000000
0.000000
0.000005
0.000000
0.000000
0.000005
0.000000
0.000007
0.000033
0.000004
0.000000
0.000069
0.000005
0.000000
0.000000
0.000000
0.000000
0.000091
0.000000
0.000000
0.000021
0.000020
0.000005
0.000004
0.000000
0.000000
0.000000
0.000000
0.000000
0.000030
0.000000
0.000000
0.000006
0.000000
0.000000
0.000013
0.000030
0.000054
0.000146
0.000130
0.000080
0.000094
0.000107
0.000026
0.000000
0.000015
0.000000
0.000004
0.000012
0.000000
0.000006
0.000000
0.000000
0.000000
0.000000
0.000022
0.000000
0.027078
0.000142
0.000045
0.000196
0.000107
0.000088
0.000179
0.000101
0.000003
0.000105
0.000006
0.000005
0.000000
0.000000
0.000013
0.000000
0.000000
0.000000
0.000000
0.000000
0.000000
0.000000
0.000000
0.000000
0.000000
0.000000
0.000000
0.000000
0.000000
0.000000
0.000000
0.000000
0.000000
0.000000
0.000000
0.000000
0.000000
0.000000
0.000000
0.000058
0.042257
0.000000
0.014366
0.000000
0.000000
0.000000
0.003109
0.000000
0.000954
0.000598
0.000000
0.000148
0.000000
0.000000
0.000000
0.000033
0.000000
0.000015
0.000000
0.000000
0.000000
0.000000
0.000000
0.000000
0.000000
0.000000
0.000000
0.000000
0.000000
0.000000
0.000000
0.000000
0.000000
0.000000
0.000000
0.000000
0.000000
0.000035
0.000100
0.000000
0.022869
0.009391
0.000000
0.000000
0.000000
0.000000
0.002106
0.000889
0.000000
0.002898
0.000074
0.000000
0.000000
0.000000
0.000000
0.000096
0.000000
0.000000
0.000000
0.000000
0.000000
0.000000
0.000000
0.000000
0.000000
0.000000
0.000000
0.000000
0.000000
0.000000
0.000000
0.000000
0.000000
0.000000
0.000000
0.000000
0.000007
0.000155
0.013681
0.012035
0.057691
0.000000
0.000000
0.000000
0.000777
0.000887
0.004154
0.000125
0.000923
0.000942
0.000000
0.000000
0.000000
0.000006
0.000009
0.000040
0.000000
0.000000
0.000000
0.000000
0.000000
0.000000
0.000000
0.000000
0.000000
0.000000
0.000000
0.000000
0.000000
0.000000
0.000000
0.000000
0.000000
0.000000
0.000000
0.000000
0.000061
0.000000
0.000000
0.000000
0.030425
0.000000
0.008106
0.002995
0.000000
0.001008
0.000000
0.000000
0.000000
0.000197
0.000000
0.000083
0.000015
0.000000
0.000000
0.000000
0.000000
0.000000
0.000000
0.000000
0.000000
0.000000
0.000000
0.000000
0.000000
0.000000
0.000000
0.000000
0.000000
0.000000
0.000000
0.000000
0.000000
0.000000
0.000010
0.000164
0.000000
0.000000
0.000000
0.000000
0.034622
0.009162
0.000000
0.001666
0.001677
0.000000
0.000000
0.000000
0.000000
0.002371
0.000016
0.000000
0.000005
0.000000
0.000000
0.000000
0.000000
0.000000
0.000000
0.000000
0.000000
0.000000
0.000000
0.000000
0.000000
0.000000
0.000000
0.000000
0.000000
0.000000
0.000000
0.000000
0.000000
0.000005
0.000085
0.000000
0.000000
0.000000
0.008609
0.007887
0.035539
0.000946
0.000674
0.004232
0.000000
0.000000
0.000000
0.000068
0.000580
0.000767
0.000009
0.000000
0.000012
0.000000
0.000000
0.000000
0.000000
0.000000
0.000000
0.000000
0.000000
0.000000
0.000000
0.000000
0.000000
0.000000
0.000000
0.000000
0.000000
0.000000
0.000000
0.000000
0.000000
0.000010
0.002969
0.000000
0.001626
0.002236
0.000000
0.000990
0.006857
0.000000
0.002199
0.000017
0.000000
0.000006
0.000075
0.000000
0.000031
0.000113
0.000000
0.000055
0.000000
0.000000
0.000000
0.000000
0.000000
0.000000
0.000000
0.000000
0.000000
0.000000
0.000000
0.000000
0.000000
0.000000
0.000000
0.000000
0.000000
0.000000
0.000000
0.000000
0.000030
0.000000
0.001492
0.000789
0.000000
0.002528
0.000507
0.000000
0.003674
0.001567
0.000000
0.000041
0.000008
0.000000
0.000196
0.000024
0.000000
0.000188
0.000029
0.000000
0.000000
0.000000
0.000000
0.000000
0.000000
0.000000
0.000000
0.000000
0.000000
0.000000
0.000000
0.000000
0.000000
0.000000
0.000000
0.000000
0.000000
0.000000
0.000000
0.000029
0.001640
0.000671
0.005335
0.000862
0.001134
0.003019
0.002189
0.001821
0.009891
0.000004
0.000050
0.000027
0.000006
0.000132
0.000147
0.000039
0.000056
0.000146
0.000000
0.000000
0.000000
0.000000
0.000000
0.000000
0.000000
0.000000
0.000000
0.000000
0.000000
0.000000
0.000000
0.000000
0.000000
0.000000
0.000000
0.000000
0.000942
0.000000
0.000000
0.000504
0.000000
0.000171
0.000000
0.000000
0.000000
0.000028
0.000000
0.000000
0.001051
0.000000
0.000208
0.000000
0.000000
0.000000
0.000040
0.000000
0.000006
0.000000
0.000000
0.000000
0.000000
0.000000
0.000000
0.000000
0.000000
0.000000
0.000000
0.000027
0.000000
0.000000
0.000000
0.000000
0.000000
0.000000
0.000000
0.004500
0.000004
0.000000
0.000000
0.001273
0.000670
0.000000
0.000000
0.000000
0.000000
0.000046
0.000011
0.000027
0.004631
0.000758
0.000000
0.000000
0.000000
0.000000
0.000114
0.000036
0.000000
0.000000
0.000000
0.000000
0.000000
0.000000
0.000000
0.000000
0.000000
0.000000
0.000000
0.000000
0.000000
0.000000
0.000000
0.000000
0.000000
0.000000
0.000390
0.000027
0.000019
0.000334
0.000041
0.001100
0.000000
0.000000
0.000000
0.000000
0.000000
0.000036
0.000155
0.000591
0.000677
0.000000
0.000000
0.000000
0.000000
0.000000
0.000012
0.000000
0.000000
0.000000
0.000000
0.000000
0.000000
0.000000
0.000000
0.000000
0.000000
0.000000
0.000000
0.000000
0.000000
0.000000
0.000000
0.000000
0.000000
0.000527
0.000000
0.000000
0.000000
0.000000
0.000000
0.000439
0.000000
0.000126
0.000121
0.000000
0.000017
0.000000
0.000000
0.000000
0.000812
0.000000
0.000115
0.000027
0.000000
0.000019
0.000000
0.000000
0.000000
0.000000
0.000000
0.000000
0.000000
0.000000
0.000000
0.000000
0.000000
0.000005
0.000033
0.000051
0.000005
0.000000
0.000000
0.000003
0.004033
0.000069
0.000049
0.000000
0.000000
0.000000
0.000000
0.001724
0.000751
0.000000
0.000082
0.000111
0.000000
0.000000
0.000000
0.000000
0.004641
0.000726
0.000000
0.000051
0.000077
0.000000
0.000000
0.000000
0.000000
0.000000
0.000000
0.000000
0.000000
0.000000
0.000000
0.000000
0.000000
0.000000
0.000000
0.000000
0.000000
0.000000
0.000000
0.000350
0.000007
0.000000
0.000000
0.000000
0.000000
0.000190
0.000052
0.000928
0.000010
0.000004
0.000043
0.000000
0.000000
0.000000
0.000117
0.000581
0.000392
0.000000
0.000000
0.000019
0.000000
0.000000
0.000000
0.000000
0.000000
0.000000
0.000000
0.000000
0.000000
0.000000
0.000000
0.000000
0.000000
0.000000
0.000000
0.000000
0.000000
0.000000
0.000090
0.000000
0.000000
0.000006
0.000000
0.000023
0.000023
0.000000
0.000000
0.000029
0.000000
0.000022
0.000089
0.000000
0.000000
0.000072
0.000000
0.000018
0.000088
0.000000
0.000000
0.000000
0.000000
0.000000
0.000000
0.000000
0.000000
0.000000
0.000000
0.000000
0.000000
0.000000
0.000000
0.000000
0.000000
0.000000
0.000000
0.000000
0.000000
0.000082
0.000000
0.000000
0.000000
0.000012
0.000012
0.000000
0.000009
0.000012
0.000000
0.000084
0.000098
0.000000
0.000011
0.000000
0.000000
0.000266
0.000002
0.000000
0.000086
0.000012
0.000000
0.000000
0.000000
0.000000
0.000000
0.000000
0.000000
0.000000
0.000000
0.000000
0.000000
0.000000
0.000000
0.000000
0.000000
0.000000
0.000000
0.000000
0.000031
0.000000
0.000000
0.000000
0.000000
0.000049
0.000000
0.000000
0.000060
0.000012
0.000000
0.000122
0.000000
0.000067
0.000000
0.000003
0.000128
0.000019
0.000042
0.000007
0.000051
