0.007874
0.011823
0.010950
0.003254
0.011504
0.008115
0.002017
0.002172
0.002987
0.000854
0.002997
0.000730
0.000705
0.003434
0.000642
0.000096
0.000181
0.000056
0.464903
0.000383
0.029340
0.061516
0.038258
0.091449
0.043115
0.049543
0.058596
0.017241
0.010857
0.026899
0.002979
0.012036
0.003393
0.002313
0.012450
0.002617
0.000462
0.000653
0.000605
0.005541
0.000000
0.001450
0.000000
0.000000
0.000000
0.000474
0.000000
0.000209
0.000083
0.000000
0.000033
0.000000
0.000000
0.000000
0.000005
0.000000
0.000000
0.000000
0.000000
0.000101
0.000000
0.000000
0.000000
0.000000
0.000000
0.000000
0.000000
0.000000
0.000000
0.000000
0.000000
0.000000
0.000000
0.000000
0.000000
0.000000
0.000000
0.000000
0.000000
0.008859
0.001620
0.000000
0.000000
0.000000
0.000000
0.000528
0.000038
0.000000
0.000453
0.000003
0.000000
0.000000
0.000000
0.000000
0.000009
0.000000
0.000000
0.000045
0.000283
0.000000
0.000000
0.000000
0.000000
0.000000
0.000000
0.000000
0.000000
0.000000
0.000000
0.000000
0.000000
0.000000
0.000000
0.000000
0.000000
0.000000
0.000000
0.001601
0.001663
0.006492
0.000000
0.000000
0.000000
0.000063
0.000057
0.000551
0.000017
0.000120
0.000243
0.000000
0.000000
0.000000
0.000000
0.000000
0.000000
0.000000
0.000013
0.000142
0.000000
0.000000
0.000000
0.000000
0.000000
0.000000
0.000000
0.000000
0.000000
0.000000
0.000000
0.000000
0.000000
0.000000
0.000000
0.000000
0.000000
0.000000
0.000000
0.000000
0.000000
0.002015
0.000000
0.000839
0.000216
0.000000
0.000030
0.000000
0.000000
0.000000
0.000094
0.000000
0.000003
0.000003
0.000000
0.000000
0.000000
0.000000
0.000062
0.000000
0.000000
0.000000
0.000000
0.000000
0.000000
0.000000
0.000000
0.000000
0.000000
0.000000
0.000000
0.000000
0.000000
0.000000
0.000000
0.000000
0.000000
0.000000
0.000000
0.000000
0.000000
0.008605
0.001311
0.000000
0.000450
0.000119
0.000000
0.000000
0.000000
0.000000
0.000713
0.000026
0.000000
0.000020
0.000003
0.000000
0.000000
0.000133
0.000000
0.000000
0.000000
0.000000
0.000000
0.000000
0.000000
0.000000
0.000000
0.000000
0.000000
0.000000
0.000000
0.000000
0.000000
0.000000
0.000000
0.000000
0.000000
0.000000
0.000000
0.000743
0.001558
0.004757
0.000109
0.000077
0.000495
0.000000
0.000000
0.000000
0.000052
0.000058
0.000152
0.000000
0.000000
0.000000
0.000000
0.000005
0.000057
0.000000
0.000000
0.000000
0.000000
0.000000
0.000000
0.000000
0.000000
0.000000
0.000000
0.000000
0.000000
0.000000
0.000000
0.000000
0.000000
0.000000
0.000000
0.000304
0.000000
0.000089
0.000264
0.000000
0.000225
0.000851
0.000000
0.000248
0.000006
0.000000
0.000000
0.000005
0.000000
0.000003
0.000013
0.000000
0.000006
0.000000
0.000000
0.000011
0.000000
0.000000
0.000000
0.000000
0.000000
0.000000
0.000000
0.000000
0.000000
0.000000
0.000000
0.000000
0.000000
0.000000
0.000000
0.000000
0.000000
0.000000
0.000000
0.000350
0.000074
0.000000
0.000433
0.000095
0.000000
0.000677
0.000244
0.000000
0.000052
0.000000
0.000000
0.000085
0.000000
0.000000
0.000057
0.000000
0.000000
0.000000
0.000021
0.000000
0.000000
0.000000
0.000000
0.000000
0.000000
0.000000
0.000000
0.000000
0.000000
0.000000
0.000000
0.000000
0.000000
0.000000
0.000000
0.000000
0.000000
0.000143
0.000068
0.000554
0.000059
0.000146
0.000373
0.000193
0.000267
0.000946
0.000007
0.000000
0.000005
0.000006
0.000042
0.000082
0.000033
0.000022
0.000005
0.000000
0.000000
0.000028
0.000000
0.000000
0.000000
0.000000
0.000000
0.000000
0.000000
0.000000
0.000000
0.000000
0.000000
0.000000
0.000000
0.000000
0.000000
0.000000
0.000000
0.000000
0.000188
0.000000
0.000029
0.000000
0.000000
0.000000
0.000032
0.000000
0.000000
0.000294
0.000000
0.000042
0.000000
0.000000
0.000000
0.000024
0.000000
0.000004
0.000244
0.000000
0.000000
0.000000
0.000000
0.000000
0.000000
0.000000
0.000000
0.000000
0.000000
0.000000
0.000000
0.000000
0.000000
0.000000
0.000000
0.000000
0.000000
0.000000
0.000000
0.000000
0.000651
0.000270
0.000000
0.000000
0.000000
0.000000
0.000027
0.000012
0.000000
0.001124
0.000121
0.000000
0.000000
0.000000
0.000000
0.000016
0.000000
0.000719
0.000030
0.000017
0.000000
0.000000
0.000000
0.000000
0.000000
0.000000
0.000000
0.000000
0.000000
0.000000
0.000025
0.000000
0.000000
0.000000
0.000000
0.000000
0.000000
0.000000
0.000032
0.000013
0.000253
0.000000
0.000000
0.000000
0.000005
0.000000
0.000007
0.000081
0.000107
0.000122
0.000000
0.000000
0.000000
0.000000
0.000000
0.000000
0.000108
0.000000
0.000005
0.000000
0.000000
0.000000
0.000000
0.000000
0.000000
0.000000
0.000000
0.000000
0.000000
0.000000
0.000000
0.000000
0.000000
0.000000
0.000000
0.000000
0.000000
0.000000
0.000000
0.000000
0.000074
0.000000
0.000075
0.000027
0.000000
0.000000
0.000000
0.000000
0.000000
0.000265
0.000000
0.000085
0.000003
0.000000
0.000000
0.000165
0.000000
0.000007
0.000000
0.000000
0.000000
0.000000
0.000000
0.000000
0.000000
0.000000
0.000000
0.000000
0.000000
0.000000
0.000000
0.000006
0.000000
0.000000
0.000000
0.000000
0.000000
0.000000
0.000000
0.000000
0.000672
0.000126
0.000000
0.000059
0.000009
0.000000
0.000000
0.000000
0.000000
0.001329
0.000102
0.000000
0.000017
0.000023
0.000979
0.000026
0.000017
0.000000
0.000000
0.000000
0.000000
0.000000
0.000000
0.000000
0.000000
0.000000
0.000000
0.000000
0.000000
0.000000
0.000008
0.000004
0.000000
0.000000
0.000000
0.000000
0.000000
0.000000
0.000015
0.000008
0.000214
0.000000
0.000000
0.000056
0.000000
0.000000
0.000000
0.000033
0.000139
0.000083
0.000000
0.000000
0.000003
0.000090
0.000003
0.000000
0.000000
0.000000
0.000000
0.000000
0.000000
0.000000
0.000000
0.000000
0.000000
0.000000
0.000000
0.000000
0.000000
0.000000
0.000000
0.000000
0.000000
0.000000
0.000000
0.000000
0.000000
0.000000
0.000000
0.000000
0.000030
0.000000
0.000000
0.000039
0.000000
0.000000
0.000003
0.000000
0.000000
0.000009
0.000000
0.000003
0.000009
0.000004
0.000000
0.000000
0.000000
0.000000
0.000000
0.000000
0.000000
0.000000
0.000000
0.000000
0.000000
0.000000
0.000000
0.000000
0.000000
0.000000
0.000000
0.000000
0.000000
0.000000
0.000000
0.000006
0.000000
0.000000
0.000000
0.000000
0.000036
0.000002
0.000000
0.000033
0.000000
0.000000
0.000046
0.000000
0.000000
0.000026
0.000004
0.000029
0.000000
0.000000
0.000000
0.000000
0.000000
0.000000
0.000000
0.000000
0.000000
0.000000
0.000000
0.000000
0.000000
0.000000
0.000000
0.000000
0.000000
0.000000
0.000000
0.000000
0.000013
0.000000
0.000007
0.000000
0.000000
0.000000
0.000000
0.000000
0.000020
0.000007
0.000000
0.000000
0.000000
0.000000
0.000000
0.000000
0.000000
0.000003
0.000000
0.000006
0.000000
0.000000
0.000000
0.000000
0.000000
0.000000
0.000000
0.000000
0.000000
0.000000
0.000000
0.000000
0.000000
0.000000
0.000000
0.000000
0.000000
0.000000
0.000000
0.000000
0.000000
0.000000
0.000000
0.000000
0.000000
0.000000
0.000000
0.000000
0.000306
0.001053
0.000143
0.000216
0.000906
0.000099
0.000006
0.000015
0.000000
0.451421
0.000000
0.000022
0.000000
0.000000
0.000000
0.000000
0.000000
0.000000
0.000000
0.000000
0.000000
0.000870
0.002857
0.000549
0.000923
0.003466
0.000356
0.000054
0.000049
0.000034
0.000000
0.000035
0.000000
0.000000
0.000005
0.000000
0.000000
0.000005
0.000000
0.000007
0.000033
0.000004
0.000000
0.000069
0.000005
0.000000
0.000000
0.000000
0.000000
0.000091
0.000000
0.000000
0.000021
0.000020
0.000005
0.000004
0.000000
0.000000
0.000000
0.000000
0.000000
0.000034
0.000000
0.000000
0.000006
0.000000
0.000000
0.000013
0.000030
0.000060
0.000146
0.000130
0.000080
0.000094
0.000107
0.000026
0.000000
0.000015
0.000000
0.000004
0.000012
0.000000
0.000006
0.000000
0.000000
0.000000
0.000000
0.000022
0.000000
0.027727
0.000148
0.000052
0.000202
0.000113
0.000088
0.000179
0.000101
0.000003
0.000105
0.000006
0.000009
0.000000
0.000000
0.000013
0.000000
0.000000
0.000000
0.000000
0.000000
0.000000
0.000000
0.000000
0.000000
0.000000
0.000000
0.000000
0.000000
0.000000
0.000000
0.000000
0.000000
0.000000
0.000000
0.000000
0.000000
0.000000
0.000000
0.000000
0.000065
0.042543
0.000000
0.014384
0.000000
0.000000
0.000000
0.003079
0.000000
0.000946
0.000598
0.000000
0.000149
0.000000
0.000000
0.000000
0.000028
0.000000
0.000015
0.000000
0.000000
0.000000
0.000000
0.000000
0.000000
0.000000
0.000000
0.000000
0.000000
0.000000
0.000000
0.000000
0.000000
0.000000
0.000000
0.000000
0.000000
0.000000
0.000035
0.000100
0.000000
0.022808
0.009456
0.000000
0.000000
0.000000
0.000000
0.002095
0.000878
0.000000
0.002894
0.000074
0.000000
0.000000
0.000000
0.000000
0.000096
0.000000
0.000000
0.000000
0.000000
0.000000
0.000000
0.000000
0.000000
0.000000
0.000000
0.000000
0.000000
0.000000
0.000000
0.000000
0.000000
0.000000
0.000000
0.000000
0.000000
0.000007
0.000162
0.013683
0.012105
0.058087
0.000000
0.000000
0.000000
0.000815
0.000883
0.004127
0.000125
0.000912
0.000931
0.000000
0.000000
0.000000
0.000006
0.000009
0.000046
0.000000
0.000000
0.000000
0.000000
0.000000
0.000000
0.000000
0.000000
0.000000
0.000000
0.000000
0.000000
0.000000
0.000000
0.000000
0.000000
0.000000
0.000000
0.000000
0.000000
0.000061
0.000000
0.000000
0.000000
0.030773
0.000000
0.008030
0.003058
0.000000
0.001044
0.000000
0.000000
0.000000
0.000195
0.000000
0.000078
0.000015
0.000000
0.000000
0.000000
0.000000
0.000000
0.000000
0.000000
0.000000
0.000000
0.000000
0.000000
0.000000
0.000000
0.000000
0.000000
0.000000
0.000000
0.000000
0.000000
0.000000
0.000000
0.000010
0.000171
0.000000
0.000000
0.000000
0.000000
0.034679
0.009062
0.000000
0.001640
0.001661
0.000000
0.000000
0.000000
0.000000
0.002445
0.000016
0.000000
0.000005
0.000000
0.000000
0.000000
0.000000
0.000000
0.000000
0.000000
0.000000
0.000000
0.000000
0.000000
0.000000
0.000000
0.000000
0.000000
0.000000
0.000000
0.000000
0.000000
0.000000
0.000005
0.000085
0.000000
0.000000
0.000000
0.008580
0.007860
0.035188
0.000911
0.000664
0.004105
0.000000
0.000000
0.000000
0.000068
0.000574
0.000738
0.000004
0.000000
0.000012
0.000000
0.000000
0.000000
0.000000
0.000000
0.000000
0.000000
0.000000
0.000000
0.000000
0.000000
0.000000
0.000000
0.000000
0.000000
0.000000
0.000000
0.000000
0.000000
0.000000
0.000017
0.002959
0.000000
0.001709
0.002217
0.000000
0.000989
0.006909
0.000000
0.002228
0.000017
0.000000
0.000006
0.000075
0.000000
0.000031
0.000119
0.000000
0.000055
0.000000
0.000000
0.000000
0.000000
0.000000
0.000000
0.000000
0.000000
0.000000
0.000000
0.000000
0.000000
0.000000
0.000000
0.000000
0.000000
0.000000
0.000000
0.000000
0.000000
0.000030
0.000000
0.001451
0.000755
0.000000
0.002477
0.000501
0.000000
0.003650
0.001580
0.000000
0.000048
0.000008
0.000000
0.000191
0.000024
0.000000
0.000160
0.000029
0.000000
0.000000
0.000000
0.000000
0.000000
0.000000
0.000000
0.000000
0.000000
0.000000
0.000000
0.000000
0.000000
0.000000
0.000000
0.000000
0.000000
0.000000
0.000000
0.000000
0.000029
0.001576
0.000670
0.005311
0.000869
0.001166
0.002977
0.002250
0.001729
0.009823
0.000004
0.000050
0.000050
0.000006
0.000132
0.000142
0.000039
0.000056
0.000146
0.000000
0.000000
0.000000
0.000000
0.000000
0.000000
0.000000
0.000000
0.000000
0.000000
0.000000
0.000000
0.000000
0.000000
0.000000
0.000000
0.000000
0.000000
0.000960
0.000000
0.000000
0.000524
0.000000
0.000149
0.000000
0.000000
0.000000
0.000028
0.000000
0.000000
0.001076
0.000000
0.000205
0.000000
0.000000
0.000000
0.000040
0.000000
0.000009
0.000000
0.000000
0.000000
0.000000
0.000000
0.000000
0.000000
0.000000
0.000000
0.000007
0.000027
0.000000
0.000000
0.000000
0.000000
0.000000
0.000000
0.000000
0.004488
0.000004
0.000000
0.000000
0.001272
0.000669
0.000000
0.000000
0.000000
0.000000
0.000046
0.000011
0.000027
0.004597
0.000755
0.000000
0.000000
0.000000
0.000000
0.000114
0.000036
0.000000
0.000000
0.000000
0.000000
0.000000
0.000000
0.000000
0.000000
0.000000
0.000000
0.000000
0.000000
0.000000
0.000000
0.000000
0.000000
0.000000
0.000000
0.000385
0.000027
0.000019
0.000363
0.000044
0.001071
0.000000
0.000000
0.000000
0.000000
0.000000
0.000036
0.000172
0.000591
0.000683
0.000000
0.000000
0.000000
0.000000
0.000000
0.000012
0.000000
0.000000
0.000000
0.000000
0.000000
0.000000
0.000000
0.000000
0.000000
0.000000
0.000000
0.000000
0.000000
0.000000
0.000000
0.000000
0.000000
0.000000
0.000532
0.000000
0.000000
0.000000
0.000000
0.000000
0.000492
0.000000
0.000126
0.000121
0.000000
0.000017
0.000000
0.000000
0.000000
0.000855
0.000000
0.000120
0.000027
0.000000
0.000019
0.000000
0.000000
0.000000
0.000000
0.000000
0.000000
0.000000
0.000000
0.000000
0.000000
0.000000
0.000005
0.000033
0.000051
0.000005
0.000000
0.000000
0.000003
0.004056
0.000069
0.000049
0.000000
0.000000
0.000000
0.000000
0.001724
0.000752
0.000000
0.000082
0.000111
0.000000
0.000000
0.000000
0.000000
0.004703
0.000677
0.000000
0.000049
0.000077
0.000000
0.000000
0.000000
0.000000
0.000000
0.000000
0.000000
0.000000
0.000000
0.000000
0.000000
0.000000
0.000000
0.000000
0.000000
0.000000
0.000000
0.000000
0.000315
0.000007
0.000000
0.000000
0.000000
0.000000
0.000184
0.000052
0.000884
0.000010
0.000004
0.000043
0.000000
0.000000
0.000000
0.000124
0.000569
0.000392
0.000000
0.000000
0.000019
0.000000
0.000000
0.000000
0.000000
0.000000
0.000000
0.000000
0.000000
0.000000
0.000000
0.000000
0.000000
0.000000
0.000000
0.000000
0.000000
0.000000
0.000000
0.000091
0.000000
0.000000
0.000006
0.000000
0.000023
0.000023
0.000000
0.000000
0.000029
0.000000
0.000022
0.000090
0.000000
0.000000
0.000072
0.000000
0.000018
0.000083
0.000000
0.000007
0.000000
0.000000
0.000000
0.000000
0.000000
0.000000
0.000000
0.000000
0.000000
0.000000
0.000000
0.000000
0.000000
0.000000
0.000000
0.000000
0.000000
0.000000
0.000082
0.000000
0.000000
0.000000
0.000012
0.000012
0.000000
0.000009
0.000012
0.000000
0.000082
0.000098
0.000000
0.000011
0.000000
0.000000
0.000238
0.000002
0.000000
0.000086
0.000012
0.000000
0.000000
0.000000
0.000000
0.000000
0.000000
0.000000
0.000000
0.000000
0.000000
0.000000
0.000000
0.000000
0.000000
0.000000
0.000000
0.000000
0.000000
0.000031
0.000000
0.000000
0.000000
0.000000
0.000056
0.000000
0.000000
0.000060
0.000012
0.000000
0.000126
0.000000
0.000067
0.000000
0.000003
0.000128
0.000019
0.000048
0.000007
0.000051
