0.007574
0.011742
0.010807
0.003225
0.011227
0.008096
0.001991
0.002148
0.002994
0.000856
0.002943
0.000689
0.000705
0.003370
0.000643
0.000095
0.000177
0.000055
0.466646
0.000348
0.028446
0.061529
0.038320
0.090633
0.043266
0.049702
0.059298
0.017075
0.010917
0.026916
0.002994
0.012076
0.003396
0.002314
0.012373
0.002669
0.000475
0.000682
0.000591
0.005293
0.000000
0.001404
0.000000
0.000000
0.000000
0.000464
0.000000
0.000207
0.000088
0.000000
0.000033
0.000000
0.000000
0.000000
0.000005
0.000000
0.000000
0.000000
0.000000
0.000100
0.000000
0.000000
0.000000
0.000000
0.000000
0.000000
0.000000
0.000000
0.000000
0.000000
0.000000
0.000000
0.000000
0.000000
0.000000
0.000000
0.000000
0.000000
0.000000
0.008798
0.001609
0.000000
0.000000
0.000000
0.000000
0.000525
0.000037
0.000000
0.000450
0.000003
0.000000
0.000000
0.000000
0.000000
0.000008
0.000000
0.000000
0.000044
0.000281
0.000000
0.000000
0.000000
0.000000
0.000000
0.000000
0.000000
0.000000
0.000000
0.000000
0.000000
0.000000
0.000000
0.000000
0.000000
0.000000
0.000000
0.000000
0.001550
0.001652
0.006449
0.000000
0.000000
0.000000
0.000062
0.000057
0.000553
0.000016
0.000086
0.000238
0.000000
0.000000
0.000000
0.000000
0.000000
0.000000
0.000000
0.000012
0.000141
0.000000
0.000000
0.000000
0.000000
0.000000
0.000000
0.000000
0.000000
0.000000
0.000000
0.000000
0.000000
0.000000
0.000000
0.000000
0.000000
0.000000
0.000000
0.000000
0.000000
0.000000
0.001998
0.000000
0.000833
0.000215
0.000000
0.000030
0.000000
0.000000
0.000000
0.000091
0.000000
0.000003
0.000003
0.000000
0.000000
0.000000
0.000000
0.000062
0.000000
0.000000
0.000000
0.000000
0.000000
0.000000
0.000000
0.000000
0.000000
0.000000
0.000000
0.000000
0.000000
0.000000
0.000000
0.000000
0.000000
0.000000
0.000000
0.000000
0.000000
0.000000
0.008379
0.001304
0.000000
0.000444
0.000118
0.000000
0.000000
0.000000
0.000000
0.000708
0.000026
0.000000
0.000020
0.000003
0.000000
0.000000
0.000099
0.000000
0.000000
0.000000
0.000000
0.000000
0.000000
0.000000
0.000000
0.000000
0.000000
0.000000
0.000000
0.000000
0.000000
0.000000
0.000000
0.000000
0.000000
0.000000
0.000000
0.000000
0.000738
0.001550
0.004748
0.000108
0.000076
0.000503
0.000000
0.000000
0.000000
0.000052
0.000057
0.000151
0.000000
0.000000
0.000000
0.000000
0.000005
0.000057
0.000000
0.000000
0.000000
0.000000
0.000000
0.000000
0.000000
0.000000
0.000000
0.000000
0.000000
0.000000
0.000000
0.000000
0.000000
0.000000
0.000000
0.000000
0.000299
0.000000
0.000089
0.000259
0.000000
0.000223
0.000838
0.000000
0.000247
0.000006
0.000000
0.000000
0.000005
0.000000
0.000003
0.000013
0.000000
0.000006
0.000000
0.000000
0.000011
0.000000
0.000000
0.000000
0.000000
0.000000
0.000000
0.000000
0.000000
0.000000
0.000000
0.000000
0.000000
0.000000
0.000000
0.000000
0.000000
0.000000
0.000000
0.000000
0.000347
0.000068
0.000000
0.000430
0.000094
0.000000
0.000669
0.000242
0.000000
0.000052
0.000000
0.000000
0.000085
0.000000
0.000000
0.000056
0.000000
0.000000
0.000000
0.000021
0.000000
0.000000
0.000000
0.000000
0.000000
0.000000
0.000000
0.000000
0.000000
0.000000
0.000000
0.000000
0.000000
0.000000
0.000000
0.000000
0.000000
0.000000
0.000147
0.000067
0.000556
0.000058
0.000145
0.000375
0.000192
0.000265
0.000950
0.000007
0.000000
0.000005
0.000006
0.000042
0.000081
0.000032
0.000022
0.000005
0.000000
0.000000
0.000028
0.000000
0.000000
0.000000
0.000000
0.000000
0.000000
0.000000
0.000000
0.000000
0.000000
0.000000
0.000000
0.000000
0.000000
0.000000
0.000000
0.000000
0.000000
0.000187
0.000000
0.000029
0.000000
0.000000
0.000000
0.000032
0.000000
0.000000
0.000297
0.000000
0.000042
0.000000
0.000000
0.000000
0.000024
0.000000
0.000004
0.000245
0.000000
0.000000
0.000000
0.000000
0.000000
0.000000
0.000000
0.000000
0.000000
0.000000
0.000000
0.000000
0.000000
0.000000
0.000000
0.000000
0.000000
0.000000
0.000000
0.000000
0.000000
0.000646
0.000268
0.000000
0.000000
0.000000
0.000000
0.000027
0.000012
0.000000
0.001117
0.000120
0.000000
0.000000
0.000000
0.000000
0.000016
0.000000
0.000681
0.000030
0.000017
0.000000
0.000000
0.000000
0.000000
0.000000
0.000000
0.000000
0.000000
0.000000
0.000000
0.000025
0.000000
0.000000
0.000000
0.000000
0.000000
0.000000
0.000000
0.000032
0.000013
0.000218
0.000000
0.000000
0.000000
0.000005
0.000000
0.000007
0.000078
0.000106
0.000121
0.000000
0.000000
0.000000
0.000000
0.000000
0.000000
0.000107
0.000000
0.000005
0.000000
0.000000
0.000000
0.000000
0.000000
0.000000
0.000000
0.000000
0.000000
0.000000
0.000000
0.000000
0.000000
0.000000
0.000000
0.000000
0.000000
0.000000
0.000000
0.000000
0.000000
0.000074
0.000000
0.000077
0.000027
0.000000
0.000000
0.000000
0.000000
0.000000
0.000263
0.000000
0.000089
0.000003
0.000000
0.000000
0.000161
0.000000
0.000007
0.000000
0.000000
0.000000
0.000000
0.000000
0.000000
0.000000
0.000000
0.000000
0.000000
0.000000
0.000000
0.000000
0.000006
0.000000
0.000000
0.000000
0.000000
0.000000
0.000000
0.000000
0.000000
0.000631
0.000125
0.000000
0.000059
0.000009
0.000000
0.000000
0.000000
0.000000
0.001319
0.000101
0.000000
0.000013
0.000023
0.000972
0.000026
0.000017
0.000000
0.000000
0.000000
0.000000
0.000000
0.000000
0.000000
0.000000
0.000000
0.000000
0.000000
0.000000
0.000000
0.000008
0.000004
0.000000
0.000000
0.000000
0.000000
0.000000
0.000000
0.000015
0.000008
0.000218
0.000000
0.000000
0.000055
0.000000
0.000000
0.000000
0.000033
0.000139
0.000082
0.000000
0.000000
0.000003
0.000089
0.000003
0.000000
0.000000
0.000000
0.000000
0.000000
0.000000
0.000000
0.000000
0.000000
0.000000
0.000000
0.000000
0.000000
0.000000
0.000000
0.000000
0.000000
0.000000
0.000000
0.000000
0.000000
0.000000
0.000000
0.000000
0.000000
0.000030
0.000000
0.000000
0.000039
0.000000
0.000000
0.000003
0.000000
0.000000
0.000009
0.000000
0.000003
0.000009
0.000004
0.000000
0.000000
0.000000
0.000000
0.000000
0.000000
0.000000
0.000000
0.000000
0.000000
0.000000
0.000000
0.000000
0.000000
0.000000
0.000000
0.000000
0.000000
0.000000
0.000000
0.000000
0.000006
0.000000
0.000000
0.000000
0.000000
0.000033
0.000002
0.000000
0.000033
0.000000
0.000000
0.000046
0.000000
0.000000
0.000026
0.000003
0.000028
0.000000
0.000000
0.000000
0.000000
0.000000
0.000000
0.000000
0.000000
0.000000
0.000000
0.000000
0.000000
0.000000
0.000000
0.000000
0.000000
0.000000
0.000000
0.000000
0.000000
0.000012
0.000000
0.000007
0.000000
0.000000
0.000000
0.000000
0.000000
0.000020
0.000007
0.000000
0.000000
0.000000
0.000000
0.000000
0.000000
0.000000
0.000003
0.000000
0.000006
0.000000
0.000000
0.000000
0.000000
0.000000
0.000000
0.000000
0.000000
0.000000
0.000000
0.000000
0.000000
0.000000
0.000000
0.000000
0.000000
0.000000
0.000000
0.000000
0.000000
0.000000
0.000000
0.000000
0.000000
0.000000
0.000000
0.000000
0.000000
0.000304
0.001046
0.000109
0.000223
0.000894
0.000098
0.000006
0.000015
0.000000
0.453197
0.000000
0.000022
0.000000
0.000000
0.000000
0.000000
0.000000
0.000000
0.000000
0.000000
0.000000
0.000894
0.002847
0.000542
0.000927
0.003480
0.000359
0.000054
0.000049
0.000033
0.000000
0.000034
0.000000
0.000000
0.000005
0.000000
0.000000
0.000005
0.000000
0.000007
0.000033
0.000004
0.000000
0.000035
0.000005
0.000000
0.000000
0.000000
0.000000
0.000091
0.000000
0.000000
0.000020
0.000020
0.000005
0.000004
0.000000
0.000000
0.000000
0.000000
0.000000
0.000034
0.000000
0.000000
0.000006
0.000000
0.000000
0.000012
0.000030
0.000060
0.000145
0.000129
0.000079
0.000094
0.000103
0.000026
0.000000
0.000015
0.000000
0.000004
0.000012
0.000000
0.000006
0.000000
0.000000
0.000000
0.000000
0.000018
0.000000
0.026882
0.000147
0.000051
0.000168
0.000112
0.000087
0.000175
0.000100
0.000003
0.000105
0.000006
0.000008
0.000000
0.000000
0.000013
0.000000
0.000000
0.000000
0.000000
0.000000
0.000000
0.000000
0.000000
0.000000
0.000000
0.000000
0.000000
0.000000
0.000000
0.000000
0.000000
0.000000
0.000000
0.000000
0.000000
0.000000
0.000000
0.000000
0.000000
0.000064
0.042588
0.000000
0.014301
0.000000
0.000000
0.000000
0.003155
0.000000
0.000942
0.000590
0.000000
0.000132
0.000000
0.000000
0.000000
0.000033
0.000000
0.000014
0.000000
0.000000
0.000000
0.000000
0.000000
0.000000
0.000000
0.000000
0.000000
0.000000
0.000000
0.000000
0.000000
0.000000
0.000000
0.000000
0.000000
0.000000
0.000000
0.000034
0.000099
0.000000
0.022888
0.009406
0.000000
0.000000
0.000000
0.000000
0.002078
0.000883
0.000000
0.002940
0.000074
0.000000
0.000000
0.000000
0.000000
0.000095
0.000000
0.000000
0.000000
0.000000
0.000000
0.000000
0.000000
0.000000
0.000000
0.000000
0.000000
0.000000
0.000000
0.000000
0.000000
0.000000
0.000000
0.000000
0.000000
0.000000
0.000007
0.000158
0.013606
0.012067
0.057472
0.000000
0.000000
0.000000
0.000773
0.000916
0.004041
0.000124
0.000917
0.000932
0.000000
0.000000
0.000000
0.000006
0.000009
0.000046
0.000000
0.000000
0.000000
0.000000
0.000000
0.000000
0.000000
0.000000
0.000000
0.000000
0.000000
0.000000
0.000000
0.000000
0.000000
0.000000
0.000000
0.000000
0.000000
0.000000
0.000060
0.000000
0.000000
0.000000
0.030784
0.000000
0.008228
0.003003
0.000000
0.001037
0.000000
0.000000
0.000000
0.000196
0.000000
0.000083
0.000015
0.000000
0.000000
0.000000
0.000000
0.000000
0.000000
0.000000
0.000000
0.000000
0.000000
0.000000
0.000000
0.000000
0.000000
0.000000
0.000000
0.000000
0.000000
0.000000
0.000000
0.000000
0.000010
0.000170
0.000000
0.000000
0.000000
0.000000
0.034773
0.009107
0.000000
0.001662
0.001668
0.000000
0.000000
0.000000
0.000000
0.002439
0.000016
0.000000
0.000005
0.000000
0.000000
0.000000
0.000000
0.000000
0.000000
0.000000
0.000000
0.000000
0.000000
0.000000
0.000000
0.000000
0.000000
0.000000
0.000000
0.000000
0.000000
0.000000
0.000000
0.000005
0.000081
0.000000
0.000000
0.000000
0.008655
0.007899
0.035757
0.000947
0.000676
0.004141
0.000000
0.000000
0.000000
0.000061
0.000518
0.000739
0.000009
0.000000
0.000012
0.000000
0.000000
0.000000
0.000000
0.000000
0.000000
0.000000
0.000000
0.000000
0.000000
0.000000
0.000000
0.000000
0.000000
0.000000
0.000000
0.000000
0.000000
0.000000
0.000000
0.000013
0.002955
0.000000
0.001667
0.002272
0.000000
0.000927
0.006790
0.000000
0.002246
0.000017
0.000000
0.000006
0.000074
0.000000
0.000031
0.000118
0.000000
0.000048
0.000000
0.000000
0.000000
0.000000
0.000000
0.000000
0.000000
0.000000
0.000000
0.000000
0.000000
0.000000
0.000000
0.000000
0.000000
0.000000
0.000000
0.000000
0.000000
0.000000
0.000030
0.000000
0.001488
0.000769
0.000000
0.002518
0.000470
0.000000
0.003631
0.001567
0.000000
0.000048
0.000008
0.000000
0.000195
0.000024
0.000000
0.000187
0.000029
0.000000
0.000000
0.000000
0.000000
0.000000
0.000000
0.000000
0.000000
0.000000
0.000000
0.000000
0.000000
0.000000
0.000000
0.000000
0.000000
0.000000
0.000000
0.000000
0.000000
0.000029
0.001626
0.000680
0.005264
0.000863
0.001166
0.002932
0.002192
0.001775
0.009893
0.000004
0.000049
0.000050
0.000006
0.000131
0.000146
0.000039
0.000056
0.000142
0.000000
0.000000
0.000000
0.000000
0.000000
0.000000
0.000000
0.000000
0.000000
0.000000
0.000000
0.000000
0.000000
0.000000
0.000000
0.000000
0.000000
0.000000
0.000962
0.000000
0.000000
0.000525
0.000000
0.000170
0.000000
0.000000
0.000000
0.000028
0.000000
0.000000
0.001066
0.000000
0.000206
0.000000
0.000000
0.000000
0.000040
0.000000
0.000009
0.000000
0.000000
0.000000
0.000000
0.000000
0.000000
0.000000
0.000000
0.000000
0.000007
0.000027
0.000000
0.000000
0.000000
0.000000
0.000000
0.000000
0.000000
0.004510
0.000004
0.000000
0.000000
0.001247
0.000663
0.000000
0.000000
0.000000
0.000000
0.000046
0.000011
0.000027
0.004626
0.000776
0.000000
0.000000
0.000000
0.000000
0.000113
0.000036
0.000000
0.000000
0.000000
0.000000
0.000000
0.000000
0.000000
0.000000
0.000000
0.000000
0.000000
0.000000
0.000000
0.000000
0.000000
0.000000
0.000000
0.000000
0.000394
0.000027
0.000019
0.000360
0.000044
0.001090
0.000000
0.000000
0.000000
0.000000
0.000000
0.000036
0.000176
0.000562
0.000686
0.000000
0.000000
0.000000
0.000000
0.000000
0.000012
0.000000
0.000000
0.000000
0.000000
0.000000
0.000000
0.000000
0.000000
0.000000
0.000000
0.000000
0.000000
0.000000
0.000000
0.000000
0.000000
0.000000
0.000000
0.000524
0.000000
0.000000
0.000000
0.000000
0.000000
0.000499
0.000000
0.000122
0.000121
0.000000
0.000017
0.000000
0.000000
0.000000
0.000860
0.000000
0.000122
0.000027
0.000000
0.000019
0.000000
0.000000
0.000000
0.000000
0.000000
0.000000
0.000000
0.000000
0.000000
0.000000
0.000000
0.000005
0.000033
0.000051
0.000005
0.000000
0.000000
0.000003
0.004028
0.000035
0.000049
0.000000
0.000000
0.000000
0.000000
0.001718
0.000749
0.000000
0.000060
0.000107
0.000000
0.000000
0.000000
0.000000
0.004674
0.000721
0.000000
0.000054
0.000076
0.000000
0.000000
0.000000
0.000000
0.000000
0.000000
0.000000
0.000000
0.000000
0.000000
0.000000
0.000000
0.000000
0.000000
0.000000
0.000000
0.000000
0.000000
0.000348
0.000006
0.000000
0.000000
0.000000
0.000000
0.000188
0.000051
0.000928
0.000010
0.000004
0.000042
0.000000
0.000000
0.000000
0.000124
0.000543
0.000389
0.000000
0.000000
0.000019
0.000000
0.000000
0.000000
0.000000
0.000000
0.000000
0.000000
0.000000
0.000000
0.000000
0.000000
0.000000
0.000000
0.000000
0.000000
0.000000
0.000000
0.000000
0.000096
0.000000
0.000000
0.000006
0.000000
0.000023
0.000023
0.000000
0.000000
0.000029
0.000000
0.000022
0.000094
0.000000
0.000000
0.000072
0.000000
0.000018
0.000088
0.000000
0.000007
0.000000
0.000000
0.000000
0.000000
0.000000
0.000000
0.000000
0.000000
0.000000
0.000000
0.000000
0.000000
0.000000
0.000000
0.000000
0.000000
0.000000
0.000000
0.000082
0.000000
0.000000
0.000000
0.000012
0.000012
0.000000
0.000009
0.000012
0.000000
0.000087
0.000097
0.000000
0.000011
0.000000
0.000000
0.000264
0.000002
0.000000
0.000085
0.000012
0.000000
0.000000
0.000000
0.000000
0.000000
0.000000
0.000000
0.000000
0.000000
0.000000
0.000000
0.000000
0.000000
0.000000
0.000000
0.000000
0.000000
0.000000
0.000028
0.000000
0.000000
0.000000
0.000000
0.000055
0.000000
0.000000
0.000060
0.000012
0.000000
0.000125
0.000000
0.000066
0.000000
0.000003
0.000124
0.000015
0.000048
0.000007
0.000051
