0.007884
0.011823
0.010967
0.003254
0.011509
0.008155
0.002017
0.002172
0.003015
0.000865
0.002997
0.000730
0.000716
0.003439
0.000647
0.000096
0.000181
0.000056
0.464078
0.000383
0.029340
0.061940
0.038447
0.091374
0.042498
0.049446
0.059109
0.017238
0.011003
0.026947
0.002971
0.012076
0.003366
0.002318
0.012504
0.002689
0.000478
0.000668
0.000605
0.005547
0.000000
0.001450
0.000000
0.000000
0.000000
0.000474
0.000000
0.000209
0.000089
0.000000
0.000033
0.000000
0.000000
0.000000
0.000005
0.000000
0.000000
0.000000
0.000000
0.000101
0.000000
0.000000
0.000000
0.000000
0.000000
0.000000
0.000000
0.000000
0.000000
0.000000
0.000000
0.000000
0.000000
0.000000
0.000000
0.000000
0.000000
0.000000
0.000000
0.008859
0.001620
0.000000
0.000000
0.000000
0.000000
0.000528
0.000038
0.000000
0.000453
0.000003
0.000000
0.000000
0.000000
0.000000
0.000009
0.000000
0.000000
0.000045
0.000283
0.000000
0.000000
0.000000
0.000000
0.000000
0.000000
0.000000
0.000000
0.000000
0.000000
0.000000
0.000000
0.000000
0.000000
0.000000
0.000000
0.000000
0.000000
0.001601
0.001663
0.006503
0.000000
0.000000
0.000000
0.000063
0.000057
0.000556
0.000017
0.000120
0.000243
0.000000
0.000000
0.000000
0.000000
0.000000
0.000000
0.000000
0.000013
0.000142
0.000000
0.000000
0.000000
0.000000
0.000000
0.000000
0.000000
0.000000
0.000000
0.000000
0.000000
0.000000
0.000000
0.000000
0.000000
0.000000
0.000000
0.000000
0.000000
0.000000
0.000000
0.002015
0.000000
0.000839
0.000216
0.000000
0.000030
0.000000
0.000000
0.000000
0.000094
0.000000
0.000003
0.000003
0.000000
0.000000
0.000000
0.000000
0.000062
0.000000
0.000000
0.000000
0.000000
0.000000
0.000000
0.000000
0.000000
0.000000
0.000000
0.000000
0.000000
0.000000
0.000000
0.000000
0.000000
0.000000
0.000000
0.000000
0.000000
0.000000
0.000000
0.008607
0.001313
0.000000
0.000450
0.000119
0.000000
0.000000
0.000000
0.000000
0.000713
0.000026
0.000000
0.000020
0.000003
0.000000
0.000000
0.000133
0.000000
0.000000
0.000000
0.000000
0.000000
0.000000
0.000000
0.000000
0.000000
0.000000
0.000000
0.000000
0.000000
0.000000
0.000000
0.000000
0.000000
0.000000
0.000000
0.000000
0.000000
0.000743
0.001561
0.004781
0.000109
0.000077
0.000506
0.000000
0.000000
0.000000
0.000052
0.000061
0.000152
0.000000
0.000000
0.000000
0.000000
0.000005
0.000057
0.000000
0.000000
0.000000
0.000000
0.000000
0.000000
0.000000
0.000000
0.000000
0.000000
0.000000
0.000000
0.000000
0.000000
0.000000
0.000000
0.000000
0.000000
0.000304
0.000000
0.000089
0.000264
0.000000
0.000225
0.000851
0.000000
0.000248
0.000006
0.000000
0.000000
0.000005
0.000000
0.000003
0.000013
0.000000
0.000006
0.000000
0.000000
0.000011
0.000000
0.000000
0.000000
0.000000
0.000000
0.000000
0.000000
0.000000
0.000000
0.000000
0.000000
0.000000
0.000000
0.000000
0.000000
0.000000
0.000000
0.000000
0.000000
0.000350
0.000074
0.000000
0.000433
0.000095
0.000000
0.000677
0.000244
0.000000
0.000052
0.000000
0.000000
0.000085
0.000000
0.000000
0.000057
0.000000
0.000000
0.000000
0.000021
0.000000
0.000000
0.000000
0.000000
0.000000
0.000000
0.000000
0.000000
0.000000
0.000000
0.000000
0.000000
0.000000
0.000000
0.000000
0.000000
0.000000
0.000000
0.000148
0.000068
0.000559
0.000059
0.000146
0.000378
0.000193
0.000267
0.000957
0.000007
0.000000
0.000005
0.000006
0.000042
0.000082
0.000033
0.000022
0.000005
0.000000
0.000000
0.000028
0.000000
0.000000
0.000000
0.000000
0.000000
0.000000
0.000000
0.000000
0.000000
0.000000
0.000000
0.000000
0.000000
0.000000
0.000000
0.000000
0.000000
0.000000
0.000188
0.000000
0.000029
0.000000
0.000000
0.000000
0.000032
0.000000
0.000000
0.000299
0.000000
0.000042
0.000000
0.000000
0.000000
0.000024
0.000000
0.000004
0.000250
0.000000
0.000000
0.000000
0.000000
0.000000
0.000000
0.000000
0.000000
0.000000
0.000000
0.000000
0.000000
0.000000
0.000000
0.000000
0.000000
0.000000
0.000000
0.000000
0.000000
0.000000
0.000651
0.000270
0.000000
0.000000
0.000000
0.000000
0.000027
0.000012
0.000000
0.001124
0.000121
0.000000
0.000000
0.000000
0.000000
0.000016
0.000000
0.000719
0.000030
0.000017
0.000000
0.000000
0.000000
0.000000
0.000000
0.000000
0.000000
0.000000
0.000000
0.000000
0.000025
0.000000
0.000000
0.000000
0.000000
0.000000
0.000000
0.000000
0.000032
0.000013
0.000253
0.000000
0.000000
0.000000
0.000005
0.000000
0.000007
0.000081
0.000107
0.000122
0.000000
0.000000
0.000000
0.000000
0.000000
0.000000
0.000108
0.000000
0.000005
0.000000
0.000000
0.000000
0.000000
0.000000
0.000000
0.000000
0.000000
0.000000
0.000000
0.000000
0.000000
0.000000
0.000000
0.000000
0.000000
0.000000
0.000000
0.000000
0.000000
0.000000
0.000074
0.000000
0.000078
0.000027
0.000000
0.000000
0.000000
0.000000
0.000000
0.000268
0.000000
0.000090
0.000003
0.000000
0.000000
0.000165
0.000000
0.000007
0.000000
0.000000
0.000000
0.000000
0.000000
0.000000
0.000000
0.000000
0.000000
0.000000
0.000000
0.000000
0.000000
0.000006
0.000000
0.000000
0.000000
0.000000
0.000000
0.000000
0.000000
0.000000
0.000672
0.000126
0.000000
0.000059
0.000009
0.000000
0.000000
0.000000
0.000000
0.001331
0.000102
0.000000
0.000017
0.000023
0.000982
0.000026
0.000017
0.000000
0.000000
0.000000
0.000000
0.000000
0.000000
0.000000
0.000000
0.000000
0.000000
0.000000
0.000000
0.000000
0.000008
0.000004
0.000000
0.000000
0.000000
0.000000
0.000000
0.000000
0.000015
0.000008
0.000219
0.000000
0.000000
0.000056
0.000000
0.000000
0.000000
0.000033
0.000139
0.000083
0.000000
0.000000
0.000003
0.000090
0.000003
0.000000
0.000000
0.000000
0.000000
0.000000
0.000000
0.000000
0.000000
0.000000
0.000000
0.000000
0.000000
0.000000
0.000000
0.000000
0.000000
0.000000
0.000000
0.000000
0.000000
0.000000
0.000000
0.000000
0.000000
0.000000
0.000030
0.000000
0.000000
0.000039
0.000000
0.000000
0.000003
0.000000
0.000000
0.000009
0.000000
0.000003
0.000009
0.000004
0.000000
0.000000
0.000000
0.000000
0.000000
0.000000
0.000000
0.000000
0.000000
0.000000
0.000000
0.000000
0.000000
0.000000
0.000000
0.000000
0.000000
0.000000
0.000000
0.000000
0.000000
0.000006
0.000000
0.000000
0.000000
0.000000
0.000036
0.000002
0.000000
0.000033
0.000000
0.000000
0.000046
0.000000
0.000000
0.000026
0.000004
0.000029
0.000000
0.000000
0.000000
0.000000
0.000000
0.000000
0.000000
0.000000
0.000000
0.000000
0.000000
0.000000
0.000000
0.000000
0.000000
0.000000
0.000000
0.000000
0.000000
0.000000
0.000013
0.000000
0.000007
0.000000
0.000000
0.000000
0.000000
0.000000
0.000020
0.000007
0.000000
0.000000
0.000000
0.000000
0.000000
0.000000
0.000000
0.000003
0.000000
0.000006
0.000000
0.000000
0.000000
0.000000
0.000000
0.000000
0.000000
0.000000
0.000000
0.000000
0.000000
0.000000
0.000000
0.000000
0.000000
0.000000
0.000000
0.000000
0.000000
0.000000
0.000000
0.000000
0.000000
0.000000
0.000000
0.000000
0.000000
0.000000
0.000306
0.001053
0.000143
0.000224
0.000906
0.000099
0.000006
0.000015
0.000000
0.450528
0.000000
0.000022
0.000000
0.000000
0.000000
0.000000
0.000000
0.000000
0.000000
0.000000
0.000000
0.000888
0.002854
0.000549
0.000912
0.003498
0.000361
0.000054
0.000049
0.000034
0.000000
0.000035
0.000000
0.000000
0.000005
0.000000
0.000000
0.000005
0.000000
0.000007
0.000033
0.000004
0.000000
0.000069
0.000005
0.000000
0.000000
0.000000
0.000000
0.000091
0.000000
0.000000
0.000021
0.000020
0.000005
0.000004
0.000000
0.000000
0.000000
0.000000
0.000000
0.000034
0.000000
0.000000
0.000006
0.000000
0.000000
0.000013
0.000030
0.000060
0.000146
0.000130
0.000080
0.000094
0.000107
0.000026
0.000000
0.000015
0.000000
0.000004
0.000012
0.000000
0.000006
0.000000
0.000000
0.000000
0.000000
0.000022
0.000000
0.027727
0.000148
0.000052
0.000202
0.000113
0.000088
0.000179
0.000101
0.000003
0.000105
0.000006
0.000009
0.000000
0.000000
0.000013
0.000000
0.000000
0.000000
0.000000
0.000000
0.000000
0.000000
0.000000
0.000000
0.000000
0.000000
0.000000
0.000000
0.000000
0.000000
0.000000
0.000000
0.000000
0.000000
0.000000
0.000000
0.000000
0.000000
0.000000
0.000065
0.042849
0.000000
0.014423
0.000000
0.000000
0.000000
0.003161
0.000000
0.000974
0.000573
0.000000
0.000141
0.000000
0.000000
0.000000
0.000033
0.000000
0.000015
0.000000
0.000000
0.000000
0.000000
0.000000
0.000000
0.000000
0.000000
0.000000
0.000000
0.000000
0.000000
0.000000
0.000000
0.000000
0.000000
0.000000
0.000000
0.000000
0.000035
0.000100
0.000000
0.022944
0.009485
0.000000
0.000000
0.000000
0.000000
0.002095
0.000852
0.000000
0.002953
0.000067
0.000000
0.000000
0.000000
0.000000
0.000096
0.000000
0.000000
0.000000
0.000000
0.000000
0.000000
0.000000
0.000000
0.000000
0.000000
0.000000
0.000000
0.000000
0.000000
0.000000
0.000000
0.000000
0.000000
0.000000
0.000000
0.000007
0.000162
0.013760
0.012148
0.057899
0.000000
0.000000
0.000000
0.000815
0.000922
0.004127
0.000125
0.000889
0.000908
0.000000
0.000000
0.000000
0.000006
0.000009
0.000046
0.000000
0.000000
0.000000
0.000000
0.000000
0.000000
0.000000
0.000000
0.000000
0.000000
0.000000
0.000000
0.000000
0.000000
0.000000
0.000000
0.000000
0.000000
0.000000
0.000000
0.000061
0.000000
0.000000
0.000000
0.030153
0.000000
0.008139
0.002990
0.000000
0.001001
0.000000
0.000000
0.000000
0.000197
0.000000
0.000078
0.000015
0.000000
0.000000
0.000000
0.000000
0.000000
0.000000
0.000000
0.000000
0.000000
0.000000
0.000000
0.000000
0.000000
0.000000
0.000000
0.000000
0.000000
0.000000
0.000000
0.000000
0.000000
0.000010
0.000171
0.000000
0.000000
0.000000
0.000000
0.034512
0.009102
0.000000
0.001638
0.001704
0.000000
0.000000
0.000000
0.000000
0.002435
0.000016
0.000000
0.000005
0.000000
0.000000
0.000000
0.000000
0.000000
0.000000
0.000000
0.000000
0.000000
0.000000
0.000000
0.000000
0.000000
0.000000
0.000000
0.000000
0.000000
0.000000
0.000000
0.000000
0.000005
0.000085
0.000000
0.000000
0.000000
0.008556
0.007859
0.035547
0.000934
0.000674
0.004208
0.000000
0.000000
0.000000
0.000068
0.000580
0.000776
0.000009
0.000000
0.000012
0.000000
0.000000
0.000000
0.000000
0.000000
0.000000
0.000000
0.000000
0.000000
0.000000
0.000000
0.000000
0.000000
0.000000
0.000000
0.000000
0.000000
0.000000
0.000000
0.000000
0.000017
0.002971
0.000000
0.001682
0.002269
0.000000
0.001000
0.006865
0.000000
0.002224
0.000017
0.000000
0.000006
0.000075
0.000000
0.000031
0.000119
0.000000
0.000055
0.000000
0.000000
0.000000
0.000000
0.000000
0.000000
0.000000
0.000000
0.000000
0.000000
0.000000
0.000000
0.000000
0.000000
0.000000
0.000000
0.000000
0.000000
0.000000
0.000000
0.000030
0.000000
0.001485
0.000800
0.000000
0.002528
0.000474
0.000000
0.003695
0.001544
0.000000
0.000048
0.000008
0.000000
0.000196
0.000024
0.000000
0.000188
0.000029
0.000000
0.000000
0.000000
0.000000
0.000000
0.000000
0.000000
0.000000
0.000000
0.000000
0.000000
0.000000
0.000000
0.000000
0.000000
0.000000
0.000000
0.000000
0.000000
0.000000
0.000029
0.001607
0.000658
0.005297
0.000826
0.001177
0.002989
0.002256
0.001796
0.009809
0.000004
0.000050
0.000050
0.000006
0.000132
0.000147
0.000039
0.000056
0.000146
0.000000
0.000000
0.000000
0.000000
0.000000
0.000000
0.000000
0.000000
0.000000
0.000000
0.000000
0.000000
0.000000
0.000000
0.000000
0.000000
0.000000
0.000000
0.000943
0.000000
0.000000
0.000524
0.000000
0.000171
0.000000
0.000000
0.000000
0.000028
0.000000
0.000000
0.001066
0.000000
0.000201
0.000000
0.000000
0.000000
0.000040
0.000000
0.000009
0.000000
0.000000
0.000000
0.000000
0.000000
0.000000
0.000000
0.000000
0.000000
0.000007
0.000027
0.000000
0.000000
0.000000
0.000000
0.000000
0.000000
0.000000
0.004501
0.000004
0.000000
0.000000
0.001264
0.000664
0.000000
0.000000
0.000000
0.000000
0.000046
0.000011
0.000027
0.004627
0.000784
0.000000
0.000000
0.000000
0.000000
0.000094
0.000036
0.000000
0.000000
0.000000
0.000000
0.000000
0.000000
0.000000
0.000000
0.000000
0.000000
0.000000
0.000000
0.000000
0.000000
0.000000
0.000000
0.000000
0.000000
0.000369
0.000027
0.000019
0.000363
0.000044
0.001097
0.000000
0.000000
0.000000
0.000000
0.000000
0.000036
0.000174
0.000568
0.000667
0.000000
0.000000
0.000000
0.000000
0.000000
0.000012
0.000000
0.000000
0.000000
0.000000
0.000000
0.000000
0.000000
0.000000
0.000000
0.000000
0.000000
0.000000
0.000000
0.000000
0.000000
0.000000
0.000000
0.000000
0.000534
0.000000
0.000000
0.000000
0.000000
0.000000
0.000496
0.000000
0.000126
0.000121
0.000000
0.000017
0.000000
0.000000
0.000000
0.000869
0.000000
0.000104
0.000027
0.000000
0.000019
0.000000
0.000000
0.000000
0.000000
0.000000
0.000000
0.000000
0.000000
0.000000
0.000000
0.000000
0.000005
0.000033
0.000051
0.000005
0.000000
0.000000
0.000003
0.004092
0.000069
0.000049
0.000000
0.000000
0.000000
0.000000
0.001720
0.000739
0.000000
0.000082
0.000111
0.000000
0.000000
0.000000
0.000000
0.004689
0.000721
0.000000
0.000054
0.000077
0.000000
0.000000
0.000000
0.000000
0.000000
0.000000
0.000000
0.000000
0.000000
0.000000
0.000000
0.000000
0.000000
0.000000
0.000000
0.000000
0.000000
0.000000
0.000352
0.000007
0.000000
0.000000
0.000000
0.000000
0.000190
0.000052
0.000912
0.000010
0.000004
0.000043
0.000000
0.000000
0.000000
0.000124
0.000576
0.000387
0.000000
0.000000
0.000019
0.000000
0.000000
0.000000
0.000000
0.000000
0.000000
0.000000
0.000000
0.000000
0.000000
0.000000
0.000000
0.000000
0.000000
0.000000
0.000000
0.000000
0.000000
0.000096
0.000000
0.000000
0.000006
0.000000
0.000023
0.000023
0.000000
0.000000
0.000029
0.000000
0.000022
0.000095
0.000000
0.000000
0.000072
0.000000
0.000018
0.000088
0.000000
0.000007
0.000000
0.000000
0.000000
0.000000
0.000000
0.000000
0.000000
0.000000
0.000000
0.000000
0.000000
0.000000
0.000000
0.000000
0.000000
0.000000
0.000000
0.000000
0.000082
0.000000
0.000000
0.000000
0.000012
0.000012
0.000000
0.000009
0.000012
0.000000
0.000068
0.000098
0.000000
0.000011
0.000000
0.000000
0.000266
0.000002
0.000000
0.000086
0.000012
0.000000
0.000000
0.000000
0.000000
0.000000
0.000000
0.000000
0.000000
0.000000
0.000000
0.000000
0.000000
0.000000
0.000000
0.000000
0.000000
0.000000
0.000000
0.000031
0.000000
0.000000
0.000000
0.000000
0.000056
0.000000
0.000000
0.000060
0.000012
0.000000
0.000126
0.000000
0.000067
0.000000
0.000003
0.000128
0.000019
0.000048
0.000007
0.000051
