0.003871
0.006872
0.013540
0.001322
0.006263
0.009496
0.001760
0.002407
0.007711
0.001432
0.004595
0.002615
0.000905
0.005145
0.002115
0.000308
0.000854
0.001205
0.441016
0.001461
0.032304
0.029465
0.015054
0.109137
0.021906
0.026394
0.073711
0.017048
0.010565
0.072576
0.004678
0.018571
0.013520
0.003493
0.018040
0.010161
0.001404
0.002007
0.005073
0.002374
0.000000
0.000925
0.000000
0.000000
0.000000
0.000275
0.000000
0.000139
0.000018
0.000000
0.000012
0.000000
0.000000
0.000000
0.000000
0.000000
0.000000
0.000000
0.000000
0.000143
0.000000
0.000000
0.000000
0.000000
0.000000
0.000000
0.000000
0.000000
0.000000
0.000000
0.000000
0.000000
0.000000
0.000000
0.000000
0.000000
0.000000
0.000000
0.000000
0.004426
0.001272
0.000000
0.000000
0.000000
0.000000
0.000337
0.000122
0.000000
0.000421
0.000051
0.000000
0.000000
0.000000
0.000000
0.000019
0.000000
0.000000
0.000008
0.000217
0.000000
0.000000
0.000000
0.000000
0.000000
0.000000
0.000000
0.000000
0.000000
0.000000
0.000000
0.000000
0.000000
0.000000
0.000000
0.000000
0.000000
0.000000
0.000902
0.001226
0.008028
0.000000
0.000000
0.000000
0.000248
0.000182
0.001140
0.000133
0.000325
0.000669
0.000000
0.000000
0.000000
0.000005
0.000015
0.000081
0.000000
0.000167
0.000339
0.000000
0.000000
0.000000
0.000000
0.000000
0.000000
0.000000
0.000000
0.000000
0.000000
0.000000
0.000000
0.000000
0.000000
0.000000
0.000000
0.000000
0.000000
0.000000
0.000000
0.000000
0.000563
0.000000
0.000497
0.000139
0.000000
0.000030
0.000000
0.000000
0.000000
0.000057
0.000000
0.000009
0.000000
0.000000
0.000009
0.000000
0.000000
0.000025
0.000000
0.000000
0.000000
0.000000
0.000000
0.000000
0.000000
0.000000
0.000000
0.000000
0.000000
0.000000
0.000000
0.000000
0.000000
0.000000
0.000000
0.000000
0.000000
0.000000
0.000000
0.000000
0.003522
0.000998
0.000000
0.000334
0.000234
0.000000
0.000000
0.000000
0.000000
0.000733
0.000040
0.000000
0.000057
0.000000
0.000000
0.000009
0.000168
0.000000
0.000000
0.000000
0.000000
0.000000
0.000000
0.000000
0.000000
0.000000
0.000000
0.000000
0.000000
0.000000
0.000000
0.000000
0.000000
0.000000
0.000000
0.000000
0.000000
0.000000
0.000392
0.001227
0.005812
0.000027
0.000107
0.000802
0.000000
0.000000
0.000000
0.000087
0.000316
0.000363
0.000006
0.000000
0.000025
0.000000
0.000006
0.000217
0.000000
0.000000
0.000000
0.000000
0.000000
0.000000
0.000000
0.000000
0.000000
0.000000
0.000000
0.000000
0.000000
0.000000
0.000000
0.000000
0.000000
0.000000
0.000145
0.000000
0.000125
0.000185
0.000000
0.000099
0.000555
0.000000
0.000477
0.000010
0.000000
0.000000
0.000014
0.000000
0.000007
0.000047
0.000000
0.000040
0.000000
0.000000
0.000063
0.000000
0.000000
0.000000
0.000000
0.000000
0.000000
0.000000
0.000000
0.000000
0.000000
0.000000
0.000000
0.000000
0.000000
0.000000
0.000000
0.000000
0.000000
0.000000
0.000326
0.000067
0.000000
0.000346
0.000051
0.000000
0.000800
0.000375
0.000000
0.000012
0.000000
0.000000
0.000113
0.000007
0.000000
0.000163
0.000000
0.000000
0.000000
0.000086
0.000000
0.000000
0.000000
0.000000
0.000000
0.000000
0.000000
0.000000
0.000000
0.000000
0.000000
0.000000
0.000000
0.000000
0.000000
0.000000
0.000000
0.000000
0.000120
0.000110
0.001065
0.000082
0.000296
0.000870
0.000350
0.000413
0.003348
0.000011
0.000008
0.000033
0.000013
0.000116
0.000118
0.000005
0.000133
0.000427
0.000000
0.000007
0.000213
0.000000
0.000000
0.000000
0.000000
0.000000
0.000000
0.000000
0.000000
0.000000
0.000000
0.000000
0.000000
0.000000
0.000000
0.000000
0.000000
0.000000
0.000000
0.000066
0.000000
0.000256
0.000000
0.000000
0.000000
0.000009
0.000000
0.000008
0.000520
0.000000
0.000074
0.000000
0.000000
0.000000
0.000070
0.000000
0.000009
0.000360
0.000000
0.000000
0.000000
0.000000
0.000000
0.000000
0.000000
0.000000
0.000000
0.000000
0.000000
0.000000
0.000000
0.000000
0.000000
0.000000
0.000000
0.000000
0.000000
0.000000
0.000000
0.000494
0.000403
0.000000
0.000000
0.000000
0.000000
0.000061
0.000011
0.000000
0.001466
0.000652
0.000000
0.000000
0.000000
0.000000
0.000067
0.000116
0.001131
0.000015
0.000164
0.000000
0.000000
0.000000
0.000000
0.000000
0.000000
0.000000
0.000000
0.000000
0.000007
0.000043
0.000013
0.000000
0.000000
0.000000
0.000000
0.000000
0.000000
0.000174
0.000014
0.000939
0.000000
0.000000
0.000000
0.000000
0.000000
0.000054
0.000130
0.000183
0.000590
0.000000
0.000000
0.000000
0.000000
0.000000
0.000015
0.000417
0.000050
0.000013
0.000000
0.000000
0.000000
0.000000
0.000000
0.000000
0.000000
0.000000
0.000000
0.000000
0.000054
0.000000
0.000000
0.000000
0.000000
0.000000
0.000000
0.000000
0.000000
0.000000
0.000000
0.000054
0.000000
0.000023
0.000027
0.000000
0.000000
0.000000
0.000000
0.000000
0.000258
0.000000
0.000127
0.000017
0.000000
0.000070
0.000187
0.000013
0.000000
0.000000
0.000000
0.000000
0.000000
0.000000
0.000000
0.000000
0.000000
0.000000
0.000000
0.000000
0.000000
0.000025
0.000000
0.000010
0.000000
0.000000
0.000000
0.000000
0.000000
0.000000
0.000000
0.000687
0.000173
0.000000
0.000054
0.000154
0.000000
0.000000
0.000000
0.000000
0.001913
0.000227
0.000000
0.000081
0.000100
0.001514
0.000114
0.000046
0.000000
0.000000
0.000000
0.000000
0.000000
0.000000
0.000000
0.000000
0.000000
0.000000
0.000000
0.000000
0.000000
0.000049
0.000006
0.000000
0.000000
0.000000
0.000000
0.000000
0.000000
0.000005
0.000022
0.000639
0.000000
0.000005
0.000130
0.000000
0.000000
0.000000
0.000148
0.000122
0.000387
0.000000
0.000000
0.000141
0.000404
0.000054
0.000012
0.000000
0.000000
0.000000
0.000000
0.000000
0.000000
0.000000
0.000000
0.000000
0.000000
0.000000
0.000000
0.000000
0.000006
0.000000
0.000000
0.000000
0.000000
0.000000
0.000000
0.000017
0.000000
0.000000
0.000045
0.000074
0.000000
0.000037
0.000032
0.000000
0.000000
0.000015
0.000000
0.000000
0.000061
0.000000
0.000000
0.000017
0.000000
0.000012
0.000000
0.000000
0.000000
0.000000
0.000000
0.000000
0.000000
0.000000
0.000000
0.000000
0.000000
0.000000
0.000000
0.000000
0.000000
0.000000
0.000000
0.000000
0.000000
0.000005
0.000007
0.000000
0.000011
0.000000
0.000000
0.000077
0.000144
0.000000
0.000105
0.000000
0.000000
0.000192
0.000000
0.000000
0.000098
0.000051
0.000132
0.000000
0.000000
0.000000
0.000000
0.000000
0.000000
0.000000
0.000000
0.000000
0.000000
0.000000
0.000000
0.000000
0.000000
0.000000
0.000000
0.000041
0.000000
0.000000
0.000000
0.000019
0.000000
0.000012
0.000000
0.000000
0.000032
0.000017
0.000000
0.000478
0.000087
0.000046
0.000045
0.000000
0.000087
0.000142
0.000000
0.000082
0.000044
0.000030
0.000013
0.000019
0.000000
0.000000
0.000000
0.000000
0.000000
0.000000
0.000000
0.000000
0.000000
0.000000
0.000000
0.000000
0.000000
0.000000
0.000000
0.000000
0.000000
0.000000
0.000000
0.000000
0.000000
0.000000
0.000000
0.000000
0.000000
0.000000
0.000000
0.000390
0.001524
0.000371
0.000233
0.001412
0.000432
0.000097
0.000125
0.000028
0.415772
0.000000
0.000151
0.000000
0.000000
0.000000
0.000000
0.000000
0.000000
0.000000
0.000000
0.000000
0.001328
0.004677
0.002054
0.001510
0.005191
0.002004
0.000164
0.000186
0.000297
0.000013
0.000000
0.000086
0.000000
0.000073
0.000015
0.000000
0.000006
0.000000
0.000014
0.000123
0.000061
0.000000
0.000031
0.000200
0.000000
0.000010
0.000032
0.000000
0.000360
0.000000
0.000000
0.000000
0.000089
0.000009
0.000000
0.000074
0.000000
0.000000
0.000000
0.000000
0.000062
0.000037
0.000000
0.000099
0.000027
0.000000
0.000013
0.000044
0.000082
0.000152
0.000371
0.000022
0.000086
0.000294
0.000051
0.000045
0.000098
0.000000
0.000034
0.000025
0.000000
0.000058
0.000016
0.000000
0.000000
0.000014
0.000043
0.000000
0.029118
0.000221
0.000040
0.000470
0.000145
0.000095
0.000378
0.000143
0.000026
0.000415
0.000013
0.000017
0.000024
0.000000
0.000025
0.000007
0.000008
0.000000
0.000000
0.000000
0.000000
0.000000
0.000000
0.000000
0.000000
0.000000
0.000000
0.000000
0.000000
0.000000
0.000000
0.000000
0.000000
0.000000
0.000000
0.000000
0.000000
0.000000
0.000000
0.000083
0.015587
0.000000
0.009751
0.000000
0.000000
0.000000
0.002064
0.000000
0.001323
0.000440
0.000000
0.000371
0.000000
0.000000
0.000000
0.000060
0.000000
0.000036
0.000000
0.000000
0.000000
0.000000
0.000000
0.000000
0.000000
0.000000
0.000000
0.000000
0.000000
0.000000
0.000000
0.000000
0.000000
0.000000
0.000000
0.000000
0.000000
0.000019
0.000150
0.000000
0.006899
0.003408
0.000000
0.000000
0.000000
0.000000
0.001622
0.000616
0.000000
0.002244
0.000140
0.000000
0.000000
0.000000
0.000000
0.000088
0.000000
0.000000
0.000000
0.000000
0.000000
0.000000
0.000000
0.000000
0.000000
0.000000
0.000000
0.000000
0.000000
0.000000
0.000000
0.000000
0.000000
0.000000
0.000000
0.000000
0.000064
0.000286
0.009714
0.005849
0.073901
0.000000
0.000000
0.000000
0.001245
0.001107
0.010777
0.000332
0.002228
0.004089
0.000000
0.000000
0.000000
0.000019
0.000061
0.000539
0.000000
0.000000
0.000000
0.000000
0.000000
0.000000
0.000000
0.000000
0.000000
0.000000
0.000000
0.000000
0.000000
0.000000
0.000000
0.000000
0.000000
0.000000
0.000000
0.000000
0.000076
0.000000
0.000000
0.000000
0.012803
0.000000
0.005954
0.001541
0.000000
0.001186
0.000000
0.000000
0.000000
0.000190
0.000000
0.000172
0.000019
0.000000
0.000098
0.000000
0.000000
0.000000
0.000000
0.000000
0.000000
0.000000
0.000000
0.000000
0.000000
0.000000
0.000000
0.000000
0.000000
0.000000
0.000000
0.000000
0.000000
0.000000
0.000025
0.000177
0.000000
0.000000
0.000000
0.000000
0.014224
0.007218
0.000000
0.000861
0.002031
0.000000
0.000000
0.000000
0.000000
0.001985
0.000012
0.000000
0.000005
0.000000
0.000000
0.000000
0.000000
0.000000
0.000000
0.000000
0.000000
0.000000
0.000000
0.000000
0.000000
0.000000
0.000000
0.000000
0.000000
0.000000
0.000000
0.000000
0.000000
0.000000
0.000196
0.000000
0.000000
0.000000
0.006111
0.005961
0.045037
0.001529
0.000526
0.011330
0.000000
0.000000
0.000000
0.000032
0.001444
0.001874
0.000011
0.000000
0.000116
0.000000
0.000000
0.000000
0.000000
0.000000
0.000000
0.000000
0.000000
0.000000
0.000000
0.000000
0.000000
0.000000
0.000000
0.000000
0.000000
0.000000
0.000000
0.000000
0.000000
0.000050
0.001283
0.000000
0.001976
0.001034
0.000000
0.001111
0.006201
0.000000
0.004403
0.000190
0.000000
0.000085
0.000086
0.000000
0.000102
0.000355
0.000000
0.000337
0.000000
0.000000
0.000000
0.000000
0.000000
0.000000
0.000000
0.000000
0.000000
0.000000
0.000000
0.000000
0.000000
0.000000
0.000000
0.000000
0.000000
0.000000
0.000000
0.000005
0.000089
0.000000
0.000881
0.000522
0.000000
0.002207
0.000929
0.000000
0.003449
0.001809
0.000000
0.000114
0.000000
0.000000
0.000256
0.000007
0.000000
0.000379
0.000000
0.000000
0.000000
0.000000
0.000000
0.000000
0.000000
0.000000
0.000000
0.000000
0.000000
0.000000
0.000000
0.000000
0.000000
0.000000
0.000000
0.000000
0.000000
0.000000
0.000081
0.000196
0.001661
0.000996
0.014375
0.000855
0.001464
0.006940
0.004049
0.002817
0.035534
0.000085
0.000307
0.000546
0.000022
0.000358
0.001066
0.000064
0.000496
0.001385
0.000000
0.000000
0.000000
0.000000
0.000000
0.000000
0.000000
0.000000
0.000000
0.000012
0.000069
0.000000
0.000000
0.000000
0.000000
0.000000
0.000000
0.000000
0.001460
0.000000
0.000009
0.000480
0.000000
0.000294
0.000000
0.000000
0.000000
0.000077
0.000000
0.000015
0.001657
0.000061
0.000439
0.000000
0.000000
0.000015
0.000112
0.000000
0.000014
0.000000
0.000000
0.000000
0.000000
0.000000
0.000000
0.000000
0.000000
0.000000
0.000008
0.000117
0.000051
0.000000
0.000000
0.000000
0.000000
0.000000
0.000000
0.007569
0.000076
0.000016
0.000000
0.000485
0.001184
0.000000
0.000000
0.000000
0.000000
0.000007
0.000104
0.000014
0.005595
0.002756
0.000000
0.000070
0.000000
0.000000
0.000131
0.000405
0.000000
0.000000
0.000000
0.000000
0.000000
0.000000
0.000000
0.000000
0.000000
0.000000
0.000060
0.000000
0.000000
0.000039
0.000000
0.000000
0.000000
0.000007
0.001625
0.000054
0.000039
0.000616
0.000023
0.004004
0.000000
0.000000
0.000000
0.000046
0.000000
0.000525
0.000444
0.002964
0.002934
0.000000
0.000000
0.000000
0.000000
0.000000
0.000257
0.000000
0.000000
0.000000
0.000000
0.000000
0.000000
0.000000
0.000000
0.000000
0.000000
0.000000
0.000007
0.000000
0.000011
0.000000
0.000000
0.000000
0.000000
0.000821
0.000010
0.000010
0.000000
0.000000
0.000000
0.000610
0.000000
0.000239
0.000055
0.000000
0.000036
0.000000
0.000006
0.000000
0.001091
0.000000
0.000275
0.000242
0.000000
0.000106
0.000000
0.000000
0.000000
0.000000
0.000000
0.000000
0.000000
0.000000
0.000000
0.000073
0.000062
0.000000
0.000000
0.000025
0.000000
0.000000
0.000012
0.000007
0.006464
0.000103
0.000025
0.000000
0.000000
0.000000
0.000000
0.001033
0.001479
0.000000
0.000059
0.000272
0.000000
0.000000
0.000000
0.000011
0.005668
0.002106
0.000000
0.000156
0.000443
0.000000
0.000000
0.000000
0.000000
0.000000
0.000000
0.000000
0.000000
0.000000
0.000000
0.000000
0.000000
0.000085
0.000011
0.000013
0.000000
0.000000
0.000000
0.001501
0.000103
0.000006
0.000000
0.000000
0.000000
0.000413
0.000105
0.003333
0.000000
0.000000
0.000503
0.000000
0.000000
0.000000
0.000258
0.001605
0.002035
0.000000
0.000000
0.000170
0.000000
0.000000
0.000000
0.000000
0.000000
0.000000
0.000000
0.000000
0.000000
0.000000
0.000000
0.000000
0.000000
0.000000
0.000000
0.000000
0.000000
0.000000
0.000318
0.000000
0.000000
0.000076
0.000000
0.000013
0.000036
0.000000
0.000042
0.000149
0.000000
0.000113
0.000126
0.000000
0.000000
0.000254
0.000007
0.000000
0.000180
0.000000
0.000102
0.000000
0.000000
0.000000
0.000000
0.000000
0.000000
0.000000
0.000000
0.000000
0.000000
0.000072
0.000000
0.000000
0.000000
0.000000
0.000000
0.000000
0.000000
0.000419
0.000050
0.000000
0.000000
0.000014
0.000010
0.000000
0.000000
0.000005
0.000000
0.000081
0.000275
0.000000
0.000169
0.000000
0.000000
0.000602
0.000000
0.000000
0.000170
0.000158
0.000000
0.000000
0.000000
0.000000
0.000000
0.000000
0.000000
0.000000
0.000000
0.000000
0.000000
0.000000
0.000000
0.000000
0.000000
0.000000
0.000000
0.000000
0.000324
0.000076
0.000014
0.000067
0.000000
0.000252
0.000000
0.000000
0.000107
0.000100
0.000000
0.001420
0.000064
0.000220
0.000159
0.000013
0.000740
0.000455
0.000182
0.000327
0.000603
