0.004618
0.009533
0.015739
0.003042
0.010716
0.011053
0.003354
0.004048
0.011891
0.001488
0.004542
0.001722
0.000798
0.006435
0.002005
0.000254
0.000842
0.001421
0.475856
0.000694
0.042562
0.020954
0.011620
0.075176
0.020843
0.024234
0.070998
0.016950
0.012462
0.069767
0.004897
0.016103
0.007212
0.004469
0.017638
0.009097
0.000889
0.001083
0.002992
0.001851
0.000000
0.001256
0.000000
0.000000
0.000000
0.000614
0.000000
0.000338
0.000400
0.000000
0.000138
0.000000
0.000000
0.000000
0.000000
0.000000
0.000000
0.000000
0.000000
0.000038
0.000000
0.000000
0.000000
0.000000
0.000000
0.000000
0.000000
0.000000
0.000000
0.000000
0.000000
0.000000
0.000000
0.000000
0.000000
0.000000
0.000000
0.000000
0.000000
0.006633
0.000802
0.000000
0.000000
0.000000
0.000000
0.000458
0.000483
0.000000
0.001187
0.000000
0.000000
0.000000
0.000000
0.000000
0.000000
0.000000
0.000000
0.000000
0.000000
0.000000
0.000000
0.000000
0.000000
0.000000
0.000000
0.000000
0.000000
0.000000
0.000000
0.000000
0.000000
0.000000
0.000000
0.000000
0.000000
0.000000
0.000000
0.001686
0.001708
0.009598
0.000000
0.000000
0.000000
0.000350
0.000400
0.001087
0.000055
0.000129
0.000539
0.000000
0.000000
0.000000
0.000000
0.000000
0.000026
0.000000
0.000000
0.000265
0.000000
0.000000
0.000000
0.000000
0.000000
0.000000
0.000000
0.000000
0.000000
0.000000
0.000000
0.000000
0.000000
0.000000
0.000000
0.000000
0.000000
0.000000
0.000000
0.000000
0.000000
0.001289
0.000000
0.001339
0.000247
0.000000
0.000094
0.000000
0.000000
0.000000
0.000050
0.000000
0.000037
0.000000
0.000000
0.000000
0.000000
0.000000
0.000000
0.000000
0.000000
0.000000
0.000000
0.000000
0.000000
0.000000
0.000000
0.000000
0.000000
0.000000
0.000000
0.000000
0.000000
0.000000
0.000000
0.000000
0.000000
0.000000
0.000000
0.000000
0.000000
0.007083
0.001030
0.000000
0.000319
0.000707
0.000000
0.000000
0.000000
0.000000
0.001089
0.000019
0.000000
0.000000
0.000000
0.000000
0.000031
0.000486
0.000000
0.000000
0.000000
0.000000
0.000000
0.000000
0.000000
0.000000
0.000000
0.000000
0.000000
0.000000
0.000000
0.000000
0.000000
0.000000
0.000000
0.000000
0.000000
0.000000
0.000000
0.000608
0.001437
0.006417
0.000249
0.000336
0.001240
0.000000
0.000000
0.000000
0.000118
0.000147
0.000233
0.000000
0.000000
0.000037
0.000000
0.000000
0.000225
0.000000
0.000000
0.000000
0.000000
0.000000
0.000000
0.000000
0.000000
0.000000
0.000000
0.000000
0.000000
0.000000
0.000000
0.000000
0.000000
0.000000
0.000000
0.000535
0.000000
0.000230
0.000261
0.000000
0.000066
0.001138
0.000000
0.000674
0.000000
0.000000
0.000000
0.000092
0.000000
0.000000
0.000117
0.000000
0.000254
0.000000
0.000000
0.000000
0.000000
0.000000
0.000000
0.000000
0.000000
0.000000
0.000000
0.000000
0.000000
0.000000
0.000000
0.000000
0.000000
0.000000
0.000000
0.000000
0.000000
0.000000
0.000000
0.000236
0.000477
0.000000
0.000737
0.000262
0.000000
0.000911
0.000913
0.000000
0.000000
0.000000
0.000000
0.000057
0.000000
0.000000
0.000123
0.000000
0.000000
0.000000
0.000027
0.000000
0.000000
0.000000
0.000000
0.000000
0.000000
0.000000
0.000000
0.000000
0.000000
0.000000
0.000000
0.000000
0.000000
0.000000
0.000000
0.000000
0.000000
0.000328
0.000205
0.002118
0.000500
0.000263
0.001329
0.000575
0.000721
0.005146
0.000000
0.000000
0.000101
0.000000
0.000084
0.000039
0.000000
0.000152
0.000316
0.000000
0.000000
0.000066
0.000000
0.000000
0.000000
0.000000
0.000000
0.000000
0.000000
0.000000
0.000000
0.000000
0.000000
0.000000
0.000000
0.000000
0.000000
0.000000
0.000000
0.000000
0.000095
0.000000
0.000071
0.000000
0.000000
0.000000
0.000000
0.000000
0.000000
0.000557
0.000000
0.000110
0.000000
0.000000
0.000000
0.000019
0.000000
0.000000
0.000558
0.000000
0.000000
0.000000
0.000000
0.000000
0.000000
0.000000
0.000000
0.000000
0.000000
0.000000
0.000000
0.000086
0.000000
0.000000
0.000000
0.000000
0.000000
0.000000
0.000000
0.000000
0.000398
0.000207
0.000000
0.000000
0.000000
0.000000
0.000068
0.000037
0.000000
0.001852
0.000157
0.000000
0.000000
0.000000
0.000000
0.000114
0.000000
0.001572
0.000140
0.000000
0.000000
0.000000
0.000000
0.000000
0.000000
0.000000
0.000000
0.000000
0.000000
0.000000
0.000027
0.000000
0.000000
0.000000
0.000000
0.000000
0.000000
0.000000
0.000000
0.000000
0.000342
0.000000
0.000000
0.000000
0.000000
0.000031
0.000075
0.000103
0.000350
0.000389
0.000000
0.000000
0.000000
0.000000
0.000000
0.000110
0.000288
0.000039
0.000000
0.000000
0.000000
0.000000
0.000000
0.000000
0.000000
0.000000
0.000000
0.000000
0.000000
0.000000
0.000000
0.000000
0.000000
0.000000
0.000000
0.000000
0.000000
0.000000
0.000000
0.000000
0.000026
0.000000
0.000000
0.000050
0.000000
0.000000
0.000000
0.000000
0.000000
0.000259
0.000000
0.000140
0.000039
0.000000
0.000000
0.000287
0.000000
0.000000
0.000000
0.000000
0.000000
0.000000
0.000000
0.000000
0.000000
0.000000
0.000000
0.000000
0.000000
0.000000
0.000000
0.000000
0.000000
0.000000
0.000000
0.000000
0.000000
0.000000
0.000000
0.000000
0.001066
0.000176
0.000000
0.000177
0.000108
0.000000
0.000000
0.000000
0.000000
0.002565
0.000113
0.000000
0.000166
0.000282
0.001753
0.000000
0.000000
0.000000
0.000000
0.000000
0.000000
0.000000
0.000000
0.000000
0.000000
0.000000
0.000000
0.000000
0.000000
0.000000
0.000062
0.000000
0.000000
0.000000
0.000000
0.000000
0.000000
0.000000
0.000373
0.000000
0.000278
0.000000
0.000000
0.000054
0.000000
0.000000
0.000000
0.000026
0.000184
0.000596
0.000000
0.000000
0.000059
0.000198
0.000000
0.000000
0.000000
0.000000
0.000000
0.000000
0.000000
0.000000
0.000000
0.000000
0.000000
0.000000
0.000000
0.000000
0.000000
0.000254
0.000000
0.000000
0.000000
0.000000
0.000000
0.000000
0.000000
0.000000
0.000000
0.000000
0.000039
0.000000
0.000019
0.000000
0.000000
0.000000
0.000000
0.000000
0.000000
0.000080
0.000000
0.000000
0.000117
0.000000
0.000000
0.000000
0.000000
0.000000
0.000000
0.000000
0.000000
0.000000
0.000000
0.000000
0.000000
0.000000
0.000000
0.000000
0.000000
0.000000
0.000000
0.000000
0.000000
0.000000
0.000037
0.000000
0.000000
0.000059
0.000000
0.000000
0.000137
0.000179
0.000000
0.000049
0.000000
0.000000
0.000169
0.000000
0.000000
0.000121
0.000000
0.000094
0.000000
0.000000
0.000000
0.000000
0.000000
0.000000
0.000000
0.000000
0.000000
0.000000
0.000000
0.000000
0.000000
0.000000
0.000000
0.000000
0.000000
0.000000
0.000000
0.000000
0.000000
0.000000
0.000000
0.000000
0.000000
0.000050
0.000104
0.000037
0.000379
0.000086
0.000000
0.000000
0.000000
0.000054
0.000280
0.000000
0.000037
0.000199
0.000203
0.000000
0.000000
0.000000
0.000000
0.000000
0.000000
0.000000
0.000000
0.000000
0.000000
0.000000
0.000000
0.000000
0.000000
0.000000
0.000000
0.000000
0.000000
0.000000
0.000000
0.000000
0.000000
0.000000
0.000000
0.000000
0.000000
0.000000
0.000000
0.000000
0.000295
0.000917
0.000290
0.000204
0.001656
0.000174
0.000000
0.000132
0.000078
0.454930
0.000000
0.000149
0.000000
0.000000
0.000000
0.000000
0.000000
0.000000
0.000000
0.000000
0.000000
0.001287
0.002629
0.000668
0.001845
0.005590
0.001731
0.000000
0.000305
0.000226
0.000000
0.000000
0.000000
0.000000
0.000000
0.000000
0.000000
0.000057
0.000076
0.000000
0.000000
0.000000
0.000050
0.000176
0.000000
0.000000
0.000000
0.000038
0.000000
0.000088
0.000000
0.000000
0.000000
0.000000
0.000000
0.000000
0.000031
0.000000
0.000000
0.000000
0.000000
0.000000
0.000054
0.000000
0.000039
0.000000
0.000000
0.000000
0.000086
0.000141
0.000392
0.000743
0.000000
0.000092
0.000157
0.000000
0.000428
0.000336
0.000000
0.000025
0.000000
0.000000
0.000031
0.000055
0.000000
0.000000
0.000000
0.000066
0.000000
0.038491
0.000000
0.000254
0.000172
0.000152
0.000185
0.000141
0.000054
0.000085
0.000602
0.000000
0.000036
0.000000
0.000000
0.000038
0.000000
0.000000
0.000000
0.000000
0.000000
0.000000
0.000000
0.000000
0.000000
0.000000
0.000000
0.000000
0.000000
0.000000
0.000000
0.000000
0.000000
0.000000
0.000000
0.000000
0.000000
0.000000
0.000000
0.000000
0.000093
0.012033
0.000000
0.004326
0.000000
0.000000
0.000000
0.002234
0.000000
0.001776
0.000401
0.000000
0.000195
0.000000
0.000000
0.000000
0.000000
0.000000
0.000071
0.000000
0.000000
0.000000
0.000000
0.000000
0.000000
0.000000
0.000000
0.000000
0.000000
0.000000
0.000000
0.000000
0.000000
0.000000
0.000000
0.000000
0.000000
0.000000
0.000000
0.000205
0.000000
0.005288
0.002053
0.000000
0.000000
0.000000
0.000000
0.001555
0.000264
0.000000
0.002200
0.000087
0.000000
0.000000
0.000000
0.000000
0.000027
0.000000
0.000000
0.000000
0.000000
0.000000
0.000000
0.000000
0.000000
0.000000
0.000000
0.000000
0.000000
0.000000
0.000000
0.000000
0.000000
0.000000
0.000000
0.000000
0.000000
0.000000
0.000621
0.005304
0.004155
0.049799
0.000000
0.000000
0.000000
0.000548
0.001262
0.007825
0.000206
0.002808
0.002962
0.000000
0.000000
0.000000
0.000000
0.000000
0.000142
0.000000
0.000000
0.000000
0.000000
0.000000
0.000000
0.000000
0.000000
0.000000
0.000000
0.000000
0.000000
0.000000
0.000000
0.000000
0.000000
0.000000
0.000000
0.000000
0.000000
0.000090
0.000000
0.000000
0.000000
0.011165
0.000000
0.005387
0.002917
0.000000
0.001072
0.000000
0.000000
0.000000
0.000117
0.000000
0.000253
0.000000
0.000000
0.000000
0.000000
0.000000
0.000000
0.000000
0.000000
0.000000
0.000000
0.000000
0.000000
0.000000
0.000000
0.000000
0.000000
0.000000
0.000000
0.000000
0.000000
0.000000
0.000000
0.000057
0.000147
0.000000
0.000000
0.000000
0.000000
0.012950
0.006448
0.000000
0.001020
0.001479
0.000000
0.000000
0.000000
0.000000
0.002182
0.000026
0.000000
0.000024
0.000038
0.000000
0.000000
0.000000
0.000000
0.000000
0.000000
0.000000
0.000000
0.000000
0.000000
0.000000
0.000000
0.000000
0.000000
0.000000
0.000000
0.000000
0.000000
0.000000
0.000000
0.000693
0.000000
0.000000
0.000000
0.006727
0.005343
0.042319
0.000924
0.000685
0.012158
0.000000
0.000000
0.000000
0.000108
0.000551
0.001730
0.000000
0.000000
0.000000
0.000000
0.000000
0.000000
0.000000
0.000000
0.000000
0.000000
0.000000
0.000000
0.000000
0.000000
0.000000
0.000000
0.000000
0.000000
0.000000
0.000000
0.000000
0.000000
0.000000
0.000108
0.001097
0.000000
0.002863
0.000964
0.000000
0.000567
0.006206
0.000000
0.004455
0.000191
0.000000
0.000000
0.000057
0.000000
0.000027
0.000410
0.000000
0.000174
0.000000
0.000000
0.000000
0.000000
0.000000
0.000000
0.000000
0.000000
0.000000
0.000000
0.000000
0.000000
0.000000
0.000000
0.000000
0.000000
0.000000
0.000000
0.000000
0.000000
0.000057
0.000000
0.000988
0.000513
0.000000
0.002129
0.000768
0.000000
0.004656
0.002913
0.000000
0.000329
0.000000
0.000000
0.000000
0.000039
0.000000
0.000140
0.000018
0.000000
0.000000
0.000000
0.000000
0.000000
0.000000
0.000000
0.000000
0.000000
0.000000
0.000000
0.000000
0.000000
0.000000
0.000000
0.000000
0.000000
0.000000
0.000000
0.000057
0.000699
0.002124
0.000450
0.013293
0.000483
0.001836
0.007690
0.004036
0.002794
0.034128
0.000254
0.000000
0.000386
0.000027
0.000800
0.000293
0.000128
0.000018
0.000907
0.000000
0.000000
0.000000
0.000000
0.000000
0.000000
0.000000
0.000000
0.000000
0.000000
0.000000
0.000000
0.000000
0.000000
0.000000
0.000000
0.000000
0.000000
0.001909
0.000000
0.000000
0.000570
0.000000
0.000287
0.000000
0.000000
0.000000
0.000000
0.000000
0.000126
0.001579
0.000152
0.000256
0.000000
0.000000
0.000000
0.000048
0.000000
0.000000
0.000000
0.000000
0.000000
0.000000
0.000000
0.000000
0.000000
0.000000
0.000000
0.000000
0.000037
0.000000
0.000000
0.000000
0.000000
0.000000
0.000000
0.000000
0.006866
0.000066
0.000000
0.000000
0.000526
0.000454
0.000000
0.000000
0.000000
0.000000
0.000037
0.000076
0.000000
0.005881
0.001538
0.000508
0.000000
0.000000
0.000000
0.000143
0.000120
0.000000
0.000000
0.000000
0.000000
0.000000
0.000000
0.000000
0.000000
0.000000
0.000000
0.000027
0.000000
0.000000
0.000000
0.000336
0.000000
0.000000
0.000031
0.000697
0.000038
0.000000
0.000000
0.000018
0.001714
0.000000
0.000000
0.000000
0.000000
0.000000
0.000784
0.000699
0.002004
0.000903
0.000000
0.000000
0.000000
0.000000
0.000000
0.000000
0.000000
0.000000
0.000000
0.000000
0.000000
0.000000
0.000000
0.000000
0.000000
0.000000
0.000000
0.000000
0.000000
0.000000
0.000000
0.000000
0.000000
0.000000
0.000762
0.000000
0.000031
0.000000
0.000000
0.000000
0.001403
0.000000
0.000312
0.000000
0.000000
0.000000
0.000000
0.000000
0.000000
0.001319
0.000000
0.000275
0.000254
0.000000
0.000148
0.000000
0.000000
0.000000
0.000000
0.000000
0.000000
0.000000
0.000000
0.000000
0.000000
0.000000
0.000000
0.000000
0.000254
0.000000
0.000000
0.000000
0.000000
0.005455
0.000050
0.000083
0.000000
0.000000
0.000000
0.000000
0.001461
0.001124
0.000000
0.000044
0.000198
0.000000
0.000000
0.000000
0.000000
0.005753
0.002897
0.000000
0.000025
0.000416
0.000000
0.000000
0.000000
0.000000
0.000000
0.000000
0.000000
0.000000
0.000000
0.000000
0.000000
0.000000
0.000000
0.000000
0.000000
0.000000
0.000000
0.000000
0.000688
0.000076
0.000000
0.000000
0.000000
0.000000
0.000107
0.000000
0.004018
0.000081
0.000000
0.000433
0.000000
0.000000
0.000000
0.000074
0.001744
0.001539
0.000000
0.000000
0.000393
0.000000
0.000000
0.000000
0.000000
0.000000
0.000000
0.000000
0.000000
0.000000
0.000000
0.000000
0.000000
0.000000
0.000000
0.000000
0.000000
0.000000
0.000000
0.000055
0.000054
0.000254
0.000000
0.000000
0.000000
0.000000
0.000000
0.000000
0.000000
0.000000
0.000048
0.000168
0.000000
0.000000
0.000317
0.000000
0.000000
0.000000
0.000000
0.000000
0.000000
0.000000
0.000000
0.000000
0.000000
0.000000
0.000000
0.000000
0.000000
0.000000
0.000000
0.000000
0.000000
0.000000
0.000000
0.000000
0.000000
0.000000
0.000209
0.000000
0.000000
0.000000
0.000000
0.000085
0.000000
0.000000
0.000057
0.000000
0.000025
0.000197
0.000000
0.000044
0.000000
0.000000
0.000027
0.000000
0.000000
0.000333
0.000110
0.000000
0.000000
0.000000
0.000000
0.000000
0.000000
0.000000
0.000000
0.000000
0.000000
0.000000
0.000000
0.000000
0.000000
0.000000
0.000000
0.000000
0.000000
0.000071
0.000000
0.000000
0.000000
0.000000
0.000217
0.000000
0.000000
0.000054
0.000120
0.000000
0.001109
0.000141
0.000055
0.000204
0.000062
0.000478
0.000213
0.000055
0.000071
0.000154
