0.004757
0.009603
0.016087
0.003042
0.010843
0.011234
0.003354
0.004118
0.012100
0.001766
0.004820
0.001792
0.000709
0.006127
0.001977
0.000289
0.000877
0.001421
0.478850
0.000694
0.044876
0.020257
0.011557
0.075617
0.017500
0.025163
0.067621
0.016409
0.013029
0.070025
0.004916
0.015824
0.007069
0.004374
0.017421
0.008104
0.001054
0.001270
0.003455
0.001885
0.000000
0.001325
0.000000
0.000000
0.000000
0.000614
0.000000
0.000338
0.000435
0.000000
0.000138
0.000000
0.000000
0.000000
0.000000
0.000000
0.000000
0.000000
0.000000
0.000038
0.000000
0.000000
0.000000
0.000000
0.000000
0.000000
0.000000
0.000000
0.000000
0.000000
0.000000
0.000000
0.000000
0.000000
0.000000
0.000000
0.000000
0.000000
0.000000
0.006633
0.000802
0.000000
0.000000
0.000000
0.000000
0.000492
0.000518
0.000000
0.001187
0.000000
0.000000
0.000000
0.000000
0.000000
0.000000
0.000000
0.000000
0.000000
0.000000
0.000000
0.000000
0.000000
0.000000
0.000000
0.000000
0.000000
0.000000
0.000000
0.000000
0.000000
0.000000
0.000000
0.000000
0.000000
0.000000
0.000000
0.000000
0.001721
0.001743
0.009772
0.000000
0.000000
0.000000
0.000350
0.000435
0.001087
0.000055
0.000199
0.000539
0.000000
0.000000
0.000000
0.000000
0.000000
0.000026
0.000000
0.000000
0.000265
0.000000
0.000000
0.000000
0.000000
0.000000
0.000000
0.000000
0.000000
0.000000
0.000000
0.000000
0.000000
0.000000
0.000000
0.000000
0.000000
0.000000
0.000000
0.000000
0.000000
0.000000
0.001289
0.000000
0.001339
0.000247
0.000000
0.000094
0.000000
0.000000
0.000000
0.000050
0.000000
0.000037
0.000000
0.000000
0.000000
0.000000
0.000000
0.000000
0.000000
0.000000
0.000000
0.000000
0.000000
0.000000
0.000000
0.000000
0.000000
0.000000
0.000000
0.000000
0.000000
0.000000
0.000000
0.000000
0.000000
0.000000
0.000000
0.000000
0.000000
0.000000
0.007292
0.001065
0.000000
0.000319
0.000707
0.000000
0.000000
0.000000
0.000000
0.000972
0.000019
0.000000
0.000000
0.000000
0.000000
0.000031
0.000486
0.000000
0.000000
0.000000
0.000000
0.000000
0.000000
0.000000
0.000000
0.000000
0.000000
0.000000
0.000000
0.000000
0.000000
0.000000
0.000000
0.000000
0.000000
0.000000
0.000000
0.000000
0.000608
0.001542
0.006521
0.000249
0.000336
0.001275
0.000000
0.000000
0.000000
0.000055
0.000147
0.000233
0.000000
0.000000
0.000037
0.000000
0.000000
0.000225
0.000000
0.000000
0.000000
0.000000
0.000000
0.000000
0.000000
0.000000
0.000000
0.000000
0.000000
0.000000
0.000000
0.000000
0.000000
0.000000
0.000000
0.000000
0.000535
0.000000
0.000230
0.000261
0.000000
0.000066
0.001138
0.000000
0.000674
0.000000
0.000000
0.000000
0.000092
0.000000
0.000000
0.000117
0.000000
0.000254
0.000000
0.000000
0.000000
0.000000
0.000000
0.000000
0.000000
0.000000
0.000000
0.000000
0.000000
0.000000
0.000000
0.000000
0.000000
0.000000
0.000000
0.000000
0.000000
0.000000
0.000000
0.000000
0.000236
0.000477
0.000000
0.000737
0.000262
0.000000
0.000911
0.000948
0.000000
0.000000
0.000000
0.000000
0.000092
0.000000
0.000000
0.000123
0.000000
0.000000
0.000000
0.000027
0.000000
0.000000
0.000000
0.000000
0.000000
0.000000
0.000000
0.000000
0.000000
0.000000
0.000000
0.000000
0.000000
0.000000
0.000000
0.000000
0.000000
0.000000
0.000328
0.000205
0.002153
0.000500
0.000263
0.001399
0.000575
0.000721
0.005180
0.000000
0.000000
0.000136
0.000000
0.000084
0.000039
0.000000
0.000187
0.000316
0.000000
0.000000
0.000066
0.000000
0.000000
0.000000
0.000000
0.000000
0.000000
0.000000
0.000000
0.000000
0.000000
0.000000
0.000000
0.000000
0.000000
0.000000
0.000000
0.000000
0.000000
0.000165
0.000000
0.000071
0.000000
0.000000
0.000000
0.000000
0.000000
0.000000
0.000661
0.000000
0.000145
0.000000
0.000000
0.000000
0.000019
0.000000
0.000000
0.000627
0.000000
0.000000
0.000000
0.000000
0.000000
0.000000
0.000000
0.000000
0.000000
0.000000
0.000000
0.000000
0.000086
0.000000
0.000000
0.000000
0.000000
0.000000
0.000000
0.000000
0.000000
0.000433
0.000242
0.000000
0.000000
0.000000
0.000000
0.000068
0.000037
0.000000
0.001957
0.000157
0.000000
0.000000
0.000000
0.000000
0.000114
0.000000
0.001676
0.000140
0.000000
0.000000
0.000000
0.000000
0.000000
0.000000
0.000000
0.000000
0.000000
0.000000
0.000000
0.000027
0.000000
0.000000
0.000000
0.000000
0.000000
0.000000
0.000000
0.000000
0.000000
0.000376
0.000000
0.000000
0.000000
0.000000
0.000031
0.000075
0.000138
0.000350
0.000389
0.000000
0.000000
0.000000
0.000000
0.000000
0.000110
0.000288
0.000039
0.000000
0.000000
0.000000
0.000000
0.000000
0.000000
0.000000
0.000000
0.000000
0.000000
0.000000
0.000000
0.000000
0.000000
0.000000
0.000000
0.000000
0.000000
0.000000
0.000000
0.000000
0.000000
0.000026
0.000000
0.000000
0.000050
0.000000
0.000000
0.000000
0.000000
0.000000
0.000196
0.000000
0.000140
0.000073
0.000000
0.000000
0.000224
0.000000
0.000000
0.000000
0.000000
0.000000
0.000000
0.000000
0.000000
0.000000
0.000000
0.000000
0.000000
0.000000
0.000000
0.000000
0.000000
0.000000
0.000000
0.000000
0.000000
0.000000
0.000000
0.000000
0.000000
0.000879
0.000176
0.000000
0.000177
0.000142
0.000000
0.000000
0.000000
0.000000
0.002399
0.000086
0.000000
0.000166
0.000282
0.001768
0.000000
0.000000
0.000000
0.000000
0.000000
0.000000
0.000000
0.000000
0.000000
0.000000
0.000000
0.000000
0.000000
0.000000
0.000000
0.000000
0.000000
0.000000
0.000000
0.000000
0.000000
0.000000
0.000000
0.000373
0.000000
0.000250
0.000000
0.000000
0.000054
0.000000
0.000000
0.000000
0.000026
0.000184
0.000596
0.000000
0.000000
0.000059
0.000198
0.000000
0.000000
0.000000
0.000000
0.000000
0.000000
0.000000
0.000000
0.000000
0.000000
0.000000
0.000000
0.000000
0.000000
0.000000
0.000254
0.000000
0.000000
0.000000
0.000000
0.000000
0.000000
0.000000
0.000000
0.000000
0.000000
0.000039
0.000000
0.000053
0.000000
0.000000
0.000000
0.000000
0.000000
0.000000
0.000080
0.000000
0.000000
0.000117
0.000000
0.000000
0.000000
0.000000
0.000000
0.000000
0.000000
0.000000
0.000000
0.000000
0.000000
0.000000
0.000000
0.000000
0.000000
0.000000
0.000000
0.000000
0.000000
0.000000
0.000000
0.000037
0.000000
0.000000
0.000059
0.000000
0.000000
0.000137
0.000179
0.000000
0.000084
0.000000
0.000000
0.000169
0.000000
0.000000
0.000121
0.000000
0.000094
0.000000
0.000000
0.000000
0.000000
0.000000
0.000000
0.000000
0.000000
0.000000
0.000000
0.000000
0.000000
0.000000
0.000000
0.000000
0.000000
0.000000
0.000000
0.000000
0.000000
0.000000
0.000000
0.000000
0.000000
0.000000
0.000050
0.000104
0.000037
0.000379
0.000086
0.000000
0.000000
0.000000
0.000054
0.000280
0.000000
0.000037
0.000199
0.000203
0.000000
0.000000
0.000000
0.000000
0.000000
0.000000
0.000000
0.000000
0.000000
0.000000
0.000000
0.000000
0.000000
0.000000
0.000000
0.000000
0.000000
0.000000
0.000000
0.000000
0.000000
0.000000
0.000000
0.000000
0.000000
0.000000
0.000000
0.000000
0.000000
0.000400
0.000987
0.000290
0.000239
0.001511
0.000174
0.000000
0.000132
0.000078
0.458088
0.000000
0.000149
0.000000
0.000000
0.000000
0.000000
0.000000
0.000000
0.000000
0.000000
0.000000
0.001287
0.002559
0.000703
0.001928
0.005100
0.001690
0.000083
0.000305
0.000413
0.000000
0.000000
0.000000
0.000000
0.000000
0.000000
0.000000
0.000057
0.000076
0.000000
0.000000
0.000000
0.000050
0.000176
0.000000
0.000000
0.000000
0.000038
0.000000
0.000088
0.000000
0.000000
0.000000
0.000000
0.000000
0.000000
0.000031
0.000000
0.000000
0.000000
0.000000
0.000000
0.000054
0.000000
0.000039
0.000000
0.000000
0.000000
0.000086
0.000141
0.000392
0.000743
0.000000
0.000092
0.000157
0.000000
0.000428
0.000336
0.000000
0.000025
0.000000
0.000000
0.000114
0.000055
0.000000
0.000000
0.000000
0.000066
0.000000
0.040566
0.000000
0.000254
0.000255
0.000152
0.000185
0.000224
0.000054
0.000085
0.000602
0.000000
0.000036
0.000000
0.000000
0.000038
0.000000
0.000000
0.000000
0.000000
0.000000
0.000000
0.000000
0.000000
0.000000
0.000000
0.000000
0.000000
0.000000
0.000000
0.000000
0.000000
0.000000
0.000000
0.000000
0.000000
0.000000
0.000000
0.000000
0.000000
0.000093
0.011532
0.000000
0.004337
0.000000
0.000000
0.000000
0.002234
0.000000
0.001639
0.000401
0.000000
0.000121
0.000000
0.000000
0.000000
0.000000
0.000000
0.000071
0.000000
0.000000
0.000000
0.000000
0.000000
0.000000
0.000000
0.000000
0.000000
0.000000
0.000000
0.000000
0.000000
0.000000
0.000000
0.000000
0.000000
0.000000
0.000000
0.000000
0.000205
0.000000
0.005098
0.002420
0.000000
0.000000
0.000000
0.000000
0.001280
0.000299
0.000000
0.002200
0.000087
0.000000
0.000000
0.000000
0.000000
0.000027
0.000000
0.000000
0.000000
0.000000
0.000000
0.000000
0.000000
0.000000
0.000000
0.000000
0.000000
0.000000
0.000000
0.000000
0.000000
0.000000
0.000000
0.000000
0.000000
0.000000
0.000000
0.000704
0.005050
0.004033
0.050069
0.000000
0.000000
0.000000
0.000548
0.001279
0.008310
0.000132
0.002808
0.003001
0.000000
0.000000
0.000000
0.000000
0.000000
0.000142
0.000000
0.000000
0.000000
0.000000
0.000000
0.000000
0.000000
0.000000
0.000000
0.000000
0.000000
0.000000
0.000000
0.000000
0.000000
0.000000
0.000000
0.000000
0.000000
0.000000
0.000090
0.000000
0.000000
0.000000
0.009013
0.000000
0.004939
0.002644
0.000000
0.000851
0.000000
0.000000
0.000000
0.000055
0.000000
0.000054
0.000000
0.000000
0.000000
0.000000
0.000000
0.000000
0.000000
0.000000
0.000000
0.000000
0.000000
0.000000
0.000000
0.000000
0.000000
0.000000
0.000000
0.000000
0.000000
0.000000
0.000000
0.000000
0.000057
0.000147
0.000000
0.000000
0.000000
0.000000
0.013775
0.006155
0.000000
0.001187
0.001680
0.000000
0.000000
0.000000
0.000000
0.002217
0.000026
0.000000
0.000024
0.000038
0.000000
0.000000
0.000000
0.000000
0.000000
0.000000
0.000000
0.000000
0.000000
0.000000
0.000000
0.000000
0.000000
0.000000
0.000000
0.000000
0.000000
0.000000
0.000000
0.000000
0.000776
0.000000
0.000000
0.000000
0.005660
0.005241
0.039915
0.000924
0.000955
0.012102
0.000000
0.000000
0.000000
0.000108
0.000586
0.001656
0.000000
0.000000
0.000000
0.000000
0.000000
0.000000
0.000000
0.000000
0.000000
0.000000
0.000000
0.000000
0.000000
0.000000
0.000000
0.000000
0.000000
0.000000
0.000000
0.000000
0.000000
0.000000
0.000000
0.000108
0.001034
0.000000
0.002863
0.000902
0.000000
0.000650
0.005978
0.000000
0.004245
0.000191
0.000000
0.000000
0.000057
0.000000
0.000027
0.000410
0.000000
0.000111
0.000000
0.000000
0.000000
0.000000
0.000000
0.000000
0.000000
0.000000
0.000000
0.000000
0.000000
0.000000
0.000000
0.000000
0.000000
0.000000
0.000000
0.000000
0.000000
0.000000
0.000057
0.000000
0.001154
0.000596
0.000000
0.002055
0.000715
0.000000
0.004681
0.003183
0.000000
0.000329
0.000000
0.000000
0.000118
0.000039
0.000000
0.000175
0.000018
0.000000
0.000000
0.000000
0.000000
0.000000
0.000000
0.000000
0.000000
0.000000
0.000000
0.000000
0.000000
0.000000
0.000000
0.000000
0.000000
0.000000
0.000000
0.000000
0.000057
0.000699
0.002124
0.000533
0.012976
0.000409
0.002002
0.007836
0.003994
0.003161
0.033976
0.000254
0.000000
0.000386
0.000027
0.000800
0.000252
0.000128
0.000087
0.000962
0.000000
0.000000
0.000000
0.000000
0.000000
0.000000
0.000000
0.000000
0.000000
0.000000
0.000000
0.000000
0.000000
0.000000
0.000000
0.000000
0.000000
0.000000
0.002001
0.000000
0.000000
0.000570
0.000000
0.000287
0.000000
0.000000
0.000000
0.000000
0.000000
0.000126
0.001505
0.000152
0.000256
0.000000
0.000000
0.000000
0.000048
0.000000
0.000000
0.000000
0.000000
0.000000
0.000000
0.000000
0.000000
0.000000
0.000000
0.000000
0.000000
0.000037
0.000000
0.000000
0.000000
0.000000
0.000000
0.000000
0.000000
0.006655
0.000066
0.000000
0.000000
0.000526
0.000454
0.000000
0.000000
0.000000
0.000000
0.000037
0.000076
0.000000
0.005881
0.001386
0.000508
0.000000
0.000000
0.000000
0.000143
0.000203
0.000000
0.000000
0.000000
0.000000
0.000000
0.000000
0.000000
0.000000
0.000000
0.000000
0.000027
0.000000
0.000000
0.000000
0.000336
0.000000
0.000000
0.000031
0.000706
0.000038
0.000000
0.000035
0.000018
0.001624
0.000000
0.000000
0.000000
0.000000
0.000000
0.000722
0.000865
0.001794
0.000912
0.000000
0.000000
0.000000
0.000000
0.000000
0.000000
0.000000
0.000000
0.000000
0.000000
0.000000
0.000000
0.000000
0.000000
0.000000
0.000000
0.000000
0.000000
0.000000
0.000000
0.000000
0.000000
0.000000
0.000000
0.000563
0.000000
0.000031
0.000000
0.000000
0.000000
0.001403
0.000000
0.000312
0.000000
0.000000
0.000000
0.000000
0.000000
0.000000
0.001256
0.000000
0.000358
0.000254
0.000000
0.000231
0.000000
0.000000
0.000000
0.000000
0.000000
0.000000
0.000000
0.000000
0.000000
0.000000
0.000000
0.000000
0.000000
0.000254
0.000000
0.000000
0.000000
0.000000
0.005705
0.000050
0.000083
0.000000
0.000000
0.000000
0.000000
0.001578
0.000999
0.000000
0.000044
0.000135
0.000000
0.000000
0.000000
0.000000
0.005836
0.002415
0.000000
0.000025
0.000416
0.000000
0.000000
0.000000
0.000000
0.000000
0.000000
0.000000
0.000000
0.000000
0.000000
0.000000
0.000000
0.000000
0.000000
0.000000
0.000000
0.000000
0.000000
0.000427
0.000076
0.000083
0.000000
0.000000
0.000000
0.000107
0.000000
0.003641
0.000081
0.000000
0.000285
0.000000
0.000000
0.000000
0.000000
0.001702
0.001361
0.000000
0.000000
0.000393
0.000000
0.000000
0.000000
0.000000
0.000000
0.000000
0.000000
0.000000
0.000000
0.000000
0.000000
0.000000
0.000000
0.000000
0.000000
0.000000
0.000000
0.000000
0.000055
0.000054
0.000254
0.000083
0.000000
0.000000
0.000000
0.000000
0.000000
0.000000
0.000000
0.000048
0.000168
0.000000
0.000000
0.000317
0.000000
0.000000
0.000083
0.000000
0.000000
0.000000
0.000000
0.000000
0.000000
0.000000
0.000000
0.000000
0.000000
0.000000
0.000000
0.000000
0.000000
0.000000
0.000000
0.000000
0.000000
0.000000
0.000000
0.000292
0.000000
0.000000
0.000000
0.000000
0.000085
0.000000
0.000000
0.000057
0.000000
0.000025
0.000197
0.000000
0.000044
0.000000
0.000000
0.000132
0.000000
0.000000
0.000333
0.000110
0.000000
0.000000
0.000000
0.000000
0.000000
0.000000
0.000000
0.000000
0.000000
0.000000
0.000000
0.000000
0.000000
0.000000
0.000000
0.000000
0.000000
0.000000
0.000106
0.000000
0.000000
0.000000
0.000000
0.000251
0.000000
0.000000
0.000054
0.000120
0.000000
0.001427
0.000141
0.000055
0.000204
0.000000
0.000478
0.000150
0.000055
0.000154
0.000272
