0.003857
0.006848
0.013421
0.001317
0.006328
0.009569
0.001754
0.002399
0.007714
0.001427
0.004507
0.002606
0.000912
0.005195
0.002118
0.000307
0.000851
0.001201
0.441507
0.001456
0.032154
0.029773
0.015168
0.109482
0.021927
0.026352
0.073072
0.017007
0.010538
0.072399
0.004910
0.018497
0.013484
0.003455
0.017893
0.010002
0.001373
0.002073
0.005148
0.002366
0.000000
0.000921
0.000000
0.000000
0.000000
0.000274
0.000000
0.000139
0.000018
0.000000
0.000012
0.000000
0.000000
0.000000
0.000000
0.000000
0.000000
0.000000
0.000000
0.000142
0.000000
0.000000
0.000000
0.000000
0.000000
0.000000
0.000000
0.000000
0.000000
0.000000
0.000000
0.000000
0.000000
0.000000
0.000000
0.000000
0.000000
0.000000
0.000000
0.004411
0.001267
0.000000
0.000000
0.000000
0.000000
0.000336
0.000122
0.000000
0.000420
0.000050
0.000000
0.000000
0.000000
0.000000
0.000019
0.000000
0.000000
0.000008
0.000217
0.000000
0.000000
0.000000
0.000000
0.000000
0.000000
0.000000
0.000000
0.000000
0.000000
0.000000
0.000000
0.000000
0.000000
0.000000
0.000000
0.000000
0.000000
0.000899
0.001222
0.007963
0.000000
0.000000
0.000000
0.000247
0.000181
0.001136
0.000133
0.000287
0.000667
0.000000
0.000000
0.000000
0.000005
0.000015
0.000081
0.000000
0.000166
0.000338
0.000000
0.000000
0.000000
0.000000
0.000000
0.000000
0.000000
0.000000
0.000000
0.000000
0.000000
0.000000
0.000000
0.000000
0.000000
0.000000
0.000000
0.000000
0.000000
0.000000
0.000000
0.000561
0.000000
0.000495
0.000138
0.000000
0.000030
0.000000
0.000000
0.000000
0.000057
0.000000
0.000009
0.000000
0.000000
0.000009
0.000000
0.000000
0.000025
0.000000
0.000000
0.000000
0.000000
0.000000
0.000000
0.000000
0.000000
0.000000
0.000000
0.000000
0.000000
0.000000
0.000000
0.000000
0.000000
0.000000
0.000000
0.000000
0.000000
0.000000
0.000000
0.003548
0.001024
0.000000
0.000333
0.000234
0.000000
0.000000
0.000000
0.000000
0.000740
0.000040
0.000000
0.000057
0.000000
0.000000
0.000009
0.000168
0.000000
0.000000
0.000000
0.000000
0.000000
0.000000
0.000000
0.000000
0.000000
0.000000
0.000000
0.000000
0.000000
0.000000
0.000000
0.000000
0.000000
0.000000
0.000000
0.000000
0.000000
0.000391
0.001242
0.005869
0.000027
0.000107
0.000799
0.000000
0.000000
0.000000
0.000087
0.000315
0.000372
0.000006
0.000000
0.000025
0.000000
0.000006
0.000216
0.000000
0.000000
0.000000
0.000000
0.000000
0.000000
0.000000
0.000000
0.000000
0.000000
0.000000
0.000000
0.000000
0.000000
0.000000
0.000000
0.000000
0.000000
0.000144
0.000000
0.000124
0.000184
0.000000
0.000099
0.000553
0.000000
0.000475
0.000010
0.000000
0.000000
0.000014
0.000000
0.000007
0.000047
0.000000
0.000040
0.000000
0.000000
0.000063
0.000000
0.000000
0.000000
0.000000
0.000000
0.000000
0.000000
0.000000
0.000000
0.000000
0.000000
0.000000
0.000000
0.000000
0.000000
0.000000
0.000000
0.000000
0.000000
0.000325
0.000067
0.000000
0.000345
0.000051
0.000000
0.000797
0.000374
0.000000
0.000012
0.000000
0.000000
0.000112
0.000007
0.000000
0.000162
0.000000
0.000000
0.000000
0.000086
0.000000
0.000000
0.000000
0.000000
0.000000
0.000000
0.000000
0.000000
0.000000
0.000000
0.000000
0.000000
0.000000
0.000000
0.000000
0.000000
0.000000
0.000000
0.000120
0.000110
0.001061
0.000082
0.000305
0.000867
0.000349
0.000412
0.003356
0.000011
0.000008
0.000033
0.000013
0.000116
0.000118
0.000005
0.000133
0.000426
0.000000
0.000007
0.000212
0.000000
0.000000
0.000000
0.000000
0.000000
0.000000
0.000000
0.000000
0.000000
0.000000
0.000000
0.000000
0.000000
0.000000
0.000000
0.000000
0.000000
0.000000
0.000066
0.000000
0.000255
0.000000
0.000000
0.000000
0.000009
0.000000
0.000008
0.000519
0.000000
0.000074
0.000000
0.000000
0.000000
0.000070
0.000000
0.000009
0.000359
0.000000
0.000000
0.000000
0.000000
0.000000
0.000000
0.000000
0.000000
0.000000
0.000000
0.000000
0.000000
0.000000
0.000000
0.000000
0.000000
0.000000
0.000000
0.000000
0.000000
0.000000
0.000493
0.000365
0.000000
0.000000
0.000000
0.000000
0.000061
0.000011
0.000000
0.001461
0.000650
0.000000
0.000000
0.000000
0.000000
0.000067
0.000115
0.001090
0.000015
0.000164
0.000000
0.000000
0.000000
0.000000
0.000000
0.000000
0.000000
0.000000
0.000000
0.000007
0.000042
0.000013
0.000000
0.000000
0.000000
0.000000
0.000000
0.000000
0.000173
0.000014
0.000936
0.000000
0.000000
0.000000
0.000000
0.000000
0.000053
0.000129
0.000182
0.000588
0.000000
0.000000
0.000000
0.000000
0.000000
0.000015
0.000416
0.000050
0.000013
0.000000
0.000000
0.000000
0.000000
0.000000
0.000000
0.000000
0.000000
0.000000
0.000000
0.000054
0.000000
0.000000
0.000000
0.000000
0.000000
0.000000
0.000000
0.000000
0.000000
0.000000
0.000054
0.000000
0.000023
0.000027
0.000000
0.000000
0.000000
0.000000
0.000000
0.000257
0.000000
0.000126
0.000017
0.000000
0.000070
0.000196
0.000013
0.000000
0.000000
0.000000
0.000000
0.000000
0.000000
0.000000
0.000000
0.000000
0.000000
0.000000
0.000000
0.000000
0.000025
0.000000
0.000010
0.000000
0.000000
0.000000
0.000000
0.000000
0.000000
0.000000
0.000704
0.000173
0.000000
0.000054
0.000163
0.000000
0.000000
0.000000
0.000000
0.001935
0.000226
0.000000
0.000081
0.000100
0.001519
0.000113
0.000046
0.000000
0.000000
0.000000
0.000000
0.000000
0.000000
0.000000
0.000000
0.000000
0.000000
0.000000
0.000000
0.000000
0.000049
0.000006
0.000000
0.000000
0.000000
0.000000
0.000000
0.000000
0.000005
0.000022
0.000637
0.000000
0.000005
0.000129
0.000000
0.000000
0.000000
0.000157
0.000121
0.000386
0.000000
0.000000
0.000141
0.000402
0.000054
0.000012
0.000000
0.000000
0.000000
0.000000
0.000000
0.000000
0.000000
0.000000
0.000000
0.000000
0.000000
0.000000
0.000000
0.000006
0.000000
0.000000
0.000000
0.000000
0.000000
0.000000
0.000017
0.000000
0.000000
0.000045
0.000074
0.000000
0.000037
0.000032
0.000000
0.000000
0.000015
0.000000
0.000000
0.000061
0.000000
0.000000
0.000017
0.000000
0.000012
0.000000
0.000000
0.000000
0.000000
0.000000
0.000000
0.000000
0.000000
0.000000
0.000000
0.000000
0.000000
0.000000
0.000000
0.000000
0.000000
0.000000
0.000000
0.000000
0.000005
0.000007
0.000000
0.000011
0.000000
0.000000
0.000077
0.000143
0.000000
0.000104
0.000000
0.000000
0.000191
0.000000
0.000000
0.000098
0.000051
0.000131
0.000000
0.000000
0.000000
0.000000
0.000000
0.000000
0.000000
0.000000
0.000000
0.000000
0.000000
0.000000
0.000000
0.000000
0.000000
0.000000
0.000041
0.000000
0.000000
0.000000
0.000019
0.000000
0.000012
0.000000
0.000000
0.000032
0.000017
0.000000
0.000476
0.000087
0.000046
0.000044
0.000000
0.000087
0.000142
0.000000
0.000082
0.000044
0.000030
0.000013
0.000019
0.000000
0.000000
0.000000
0.000000
0.000000
0.000000
0.000000
0.000000
0.000000
0.000000
0.000000
0.000000
0.000000
0.000000
0.000000
0.000000
0.000000
0.000000
0.000000
0.000000
0.000000
0.000000
0.000000
0.000000
0.000000
0.000000
0.000000
0.000389
0.001482
0.000370
0.000232
0.001436
0.000431
0.000097
0.000125
0.000027
0.416310
0.000000
0.000124
0.000000
0.000000
0.000000
0.000000
0.000000
0.000000
0.000000
0.000000
0.000000
0.001408
0.004680
0.002047
0.001515
0.005220
0.001924
0.000164
0.000185
0.000306
0.000013
0.000000
0.000086
0.000000
0.000073
0.000015
0.000000
0.000006
0.000000
0.000014
0.000122
0.000061
0.000000
0.000031
0.000199
0.000000
0.000010
0.000032
0.000000
0.000359
0.000000
0.000000
0.000000
0.000088
0.000009
0.000000
0.000074
0.000000
0.000000
0.000000
0.000000
0.000062
0.000037
0.000000
0.000099
0.000027
0.000000
0.000013
0.000044
0.000082
0.000151
0.000370
0.000022
0.000086
0.000293
0.000051
0.000045
0.000097
0.000000
0.000034
0.000025
0.000000
0.000058
0.000016
0.000000
0.000000
0.000014
0.000043
0.000000
0.029005
0.000220
0.000040
0.000478
0.000144
0.000095
0.000340
0.000142
0.000026
0.000413
0.000013
0.000017
0.000024
0.000000
0.000025
0.000007
0.000008
0.000000
0.000000
0.000000
0.000000
0.000000
0.000000
0.000000
0.000000
0.000000
0.000000
0.000000
0.000000
0.000000
0.000000
0.000000
0.000000
0.000000
0.000000
0.000000
0.000000
0.000000
0.000000
0.000082
0.015697
0.000000
0.009843
0.000000
0.000000
0.000000
0.002121
0.000000
0.001328
0.000481
0.000000
0.000380
0.000000
0.000000
0.000000
0.000060
0.000000
0.000035
0.000000
0.000000
0.000000
0.000000
0.000000
0.000000
0.000000
0.000000
0.000000
0.000000
0.000000
0.000000
0.000000
0.000000
0.000000
0.000000
0.000000
0.000000
0.000000
0.000019
0.000150
0.000000
0.006917
0.003512
0.000000
0.000000
0.000000
0.000000
0.001617
0.000624
0.000000
0.002236
0.000140
0.000000
0.000000
0.000000
0.000000
0.000087
0.000000
0.000000
0.000000
0.000000
0.000000
0.000000
0.000000
0.000000
0.000000
0.000000
0.000000
0.000000
0.000000
0.000000
0.000000
0.000000
0.000000
0.000000
0.000000
0.000000
0.000064
0.000285
0.009783
0.005954
0.074076
0.000000
0.000000
0.000000
0.001283
0.001103
0.010737
0.000330
0.002147
0.004103
0.000000
0.000000
0.000000
0.000019
0.000061
0.000611
0.000000
0.000000
0.000000
0.000000
0.000000
0.000000
0.000000
0.000000
0.000000
0.000000
0.000000
0.000000
0.000000
0.000000
0.000000
0.000000
0.000000
0.000000
0.000000
0.000000
0.000076
0.000000
0.000000
0.000000
0.012807
0.000000
0.005953
0.001555
0.000000
0.001192
0.000000
0.000000
0.000000
0.000189
0.000000
0.000172
0.000019
0.000000
0.000097
0.000000
0.000000
0.000000
0.000000
0.000000
0.000000
0.000000
0.000000
0.000000
0.000000
0.000000
0.000000
0.000000
0.000000
0.000000
0.000000
0.000000
0.000000
0.000000
0.000025
0.000176
0.000000
0.000000
0.000000
0.000000
0.014223
0.007130
0.000000
0.000868
0.002078
0.000000
0.000000
0.000000
0.000000
0.001978
0.000012
0.000000
0.000005
0.000000
0.000000
0.000000
0.000000
0.000000
0.000000
0.000000
0.000000
0.000000
0.000000
0.000000
0.000000
0.000000
0.000000
0.000000
0.000000
0.000000
0.000000
0.000000
0.000000
0.000000
0.000195
0.000000
0.000000
0.000000
0.006119
0.005950
0.044710
0.001487
0.000525
0.011046
0.000000
0.000000
0.000000
0.000032
0.001449
0.001877
0.000011
0.000000
0.000116
0.000000
0.000000
0.000000
0.000000
0.000000
0.000000
0.000000
0.000000
0.000000
0.000000
0.000000
0.000000
0.000000
0.000000
0.000000
0.000000
0.000000
0.000000
0.000000
0.000000
0.000049
0.001288
0.000000
0.001933
0.001031
0.000000
0.001116
0.006145
0.000000
0.004484
0.000190
0.000000
0.000085
0.000086
0.000000
0.000101
0.000327
0.000000
0.000336
0.000000
0.000000
0.000000
0.000000
0.000000
0.000000
0.000000
0.000000
0.000000
0.000000
0.000000
0.000000
0.000000
0.000000
0.000000
0.000000
0.000000
0.000000
0.000000
0.000005
0.000089
0.000000
0.000878
0.000520
0.000000
0.002199
0.000926
0.000000
0.003437
0.001813
0.000000
0.000114
0.000000
0.000000
0.000255
0.000007
0.000000
0.000378
0.000000
0.000000
0.000000
0.000000
0.000000
0.000000
0.000000
0.000000
0.000000
0.000000
0.000000
0.000000
0.000000
0.000000
0.000000
0.000000
0.000000
0.000000
0.000000
0.000000
0.000080
0.000196
0.001752
0.000992
0.014326
0.000871
0.001523
0.006789
0.003998
0.002808
0.035518
0.000085
0.000348
0.000508
0.000022
0.000283
0.001062
0.000064
0.000504
0.001380
0.000000
0.000000
0.000000
0.000000
0.000000
0.000000
0.000000
0.000000
0.000000
0.000012
0.000069
0.000000
0.000000
0.000000
0.000000
0.000000
0.000000
0.000000
0.001497
0.000000
0.000009
0.000520
0.000000
0.000335
0.000000
0.000000
0.000000
0.000077
0.000000
0.000015
0.001777
0.000061
0.000438
0.000000
0.000000
0.000015
0.000112
0.000000
0.000014
0.000000
0.000000
0.000000
0.000000
0.000000
0.000000
0.000000
0.000000
0.000000
0.000008
0.000117
0.000051
0.000000
0.000000
0.000000
0.000000
0.000000
0.000000
0.007576
0.000076
0.000016
0.000000
0.000483
0.001199
0.000000
0.000000
0.000000
0.000000
0.000007
0.000104
0.000014
0.005512
0.002746
0.000000
0.000070
0.000000
0.000000
0.000131
0.000403
0.000000
0.000000
0.000000
0.000000
0.000000
0.000000
0.000000
0.000000
0.000000
0.000000
0.000060
0.000000
0.000000
0.000039
0.000000
0.000000
0.000000
0.000007
0.001593
0.000054
0.000039
0.000614
0.000023
0.003990
0.000000
0.000000
0.000000
0.000046
0.000000
0.000523
0.000442
0.003018
0.002934
0.000000
0.000000
0.000000
0.000000
0.000000
0.000219
0.000000
0.000000
0.000000
0.000000
0.000000
0.000000
0.000000
0.000000
0.000000
0.000000
0.000000
0.000007
0.000000
0.000011
0.000000
0.000000
0.000000
0.000000
0.000782
0.000010
0.000010
0.000000
0.000000
0.000000
0.000608
0.000000
0.000238
0.000054
0.000000
0.000036
0.000000
0.000006
0.000000
0.001087
0.000000
0.000274
0.000242
0.000000
0.000115
0.000000
0.000000
0.000000
0.000000
0.000000
0.000000
0.000000
0.000000
0.000000
0.000073
0.000061
0.000000
0.000000
0.000025
0.000000
0.000000
0.000012
0.000007
0.006397
0.000103
0.000025
0.000000
0.000000
0.000000
0.000000
0.001029
0.001456
0.000000
0.000058
0.000271
0.000000
0.000000
0.000000
0.000011
0.005558
0.002099
0.000000
0.000156
0.000505
0.000000
0.000000
0.000000
0.000000
0.000000
0.000000
0.000000
0.000000
0.000000
0.000000
0.000000
0.000000
0.000085
0.000011
0.000013
0.000000
0.000000
0.000000
0.001506
0.000103
0.000006
0.000000
0.000000
0.000000
0.000411
0.000104
0.003248
0.000000
0.000000
0.000501
0.000000
0.000000
0.000000
0.000257
0.001599
0.001965
0.000000
0.000000
0.000170
0.000000
0.000000
0.000000
0.000000
0.000000
0.000000
0.000000
0.000000
0.000000
0.000000
0.000000
0.000000
0.000000
0.000000
0.000000
0.000000
0.000000
0.000000
0.000327
0.000000
0.000000
0.000076
0.000000
0.000013
0.000036
0.000000
0.000042
0.000149
0.000000
0.000113
0.000126
0.000000
0.000000
0.000217
0.000007
0.000000
0.000180
0.000000
0.000101
0.000000
0.000000
0.000000
0.000000
0.000000
0.000000
0.000000
0.000000
0.000000
0.000000
0.000072
0.000000
0.000000
0.000000
0.000000
0.000000
0.000000
0.000000
0.000481
0.000050
0.000000
0.000000
0.000014
0.000010
0.000000
0.000000
0.000005
0.000000
0.000081
0.000274
0.000000
0.000169
0.000000
0.000000
0.000610
0.000000
0.000000
0.000169
0.000158
0.000000
0.000000
0.000000
0.000000
0.000000
0.000000
0.000000
0.000000
0.000000
0.000000
0.000000
0.000000
0.000000
0.000000
0.000000
0.000000
0.000000
0.000000
0.000323
0.000076
0.000014
0.000067
0.000000
0.000271
0.000000
0.000000
0.000116
0.000099
0.000000
0.001433
0.000064
0.000219
0.000158
0.000013
0.000747
0.000453
0.000182
0.000390
0.000574
