0.001113
0.006568
0.011790
0.001573
0.004508
0.004958
0.001530
0.001840
0.004783
0.000785
0.003312
0.000794
0.000471
0.003231
0.002246
0.000359
0.000212
0.000317
0.551864
0.000481
0.034051
0.028038
0.018906
0.073172
0.024715
0.016972
0.057014
0.022357
0.008595
0.052341
0.003954
0.016528
0.007828
0.008067
0.011159
0.008236
0.001056
0.001377
0.002900
0.000487
0.000000
0.000359
0.000000
0.000000
0.000000
0.000139
0.000000
0.000000
0.000000
0.000000
0.000000
0.000000
0.000000
0.000000
0.000000
0.000000
0.000000
0.000000
0.000000
0.000065
0.000000
0.000000
0.000000
0.000000
0.000000
0.000000
0.000000
0.000000
0.000000
0.000000
0.000000
0.000000
0.000000
0.000000
0.000000
0.000000
0.000000
0.000000
0.000000
0.004536
0.000976
0.000000
0.000000
0.000000
0.000000
0.000000
0.000554
0.000000
0.000358
0.000069
0.000000
0.000000
0.000000
0.000000
0.000000
0.000000
0.000000
0.000000
0.000133
0.000000
0.000000
0.000000
0.000000
0.000000
0.000000
0.000000
0.000000
0.000000
0.000000
0.000000
0.000000
0.000000
0.000000
0.000000
0.000000
0.000000
0.000000
0.000129
0.001053
0.007776
0.000000
0.000000
0.000000
0.000000
0.000069
0.001592
0.000037
0.000367
0.000233
0.000000
0.000000
0.000000
0.000000
0.000000
0.000037
0.000000
0.000000
0.000069
0.000000
0.000000
0.000000
0.000000
0.000000
0.000000
0.000000
0.000000
0.000000
0.000000
0.000000
0.000000
0.000000
0.000000
0.000000
0.000000
0.000000
0.000000
0.000000
0.000000
0.000000
0.000827
0.000000
0.000281
0.000235
0.000000
0.000106
0.000000
0.000000
0.000000
0.000127
0.000000
0.000000
0.000000
0.000000
0.000000
0.000000
0.000000
0.000000
0.000000
0.000000
0.000000
0.000000
0.000000
0.000000
0.000000
0.000000
0.000000
0.000000
0.000000
0.000000
0.000000
0.000000
0.000000
0.000000
0.000000
0.000000
0.000000
0.000000
0.000000
0.000000
0.002572
0.000947
0.000000
0.000041
0.000000
0.000000
0.000000
0.000000
0.000000
0.000978
0.000000
0.000000
0.000000
0.000000
0.000000
0.000000
0.000000
0.000000
0.000000
0.000000
0.000000
0.000000
0.000000
0.000000
0.000000
0.000000
0.000000
0.000000
0.000000
0.000000
0.000000
0.000000
0.000000
0.000000
0.000000
0.000000
0.000000
0.000000
0.000291
0.001016
0.002302
0.000037
0.000513
0.000116
0.000000
0.000000
0.000000
0.000037
0.000038
0.000599
0.000000
0.000000
0.000037
0.000000
0.000000
0.000000
0.000000
0.000000
0.000000
0.000000
0.000000
0.000000
0.000000
0.000000
0.000000
0.000000
0.000000
0.000000
0.000000
0.000000
0.000000
0.000000
0.000000
0.000000
0.000273
0.000000
0.000186
0.000250
0.000000
0.000048
0.000596
0.000000
0.000069
0.000075
0.000000
0.000000
0.000000
0.000000
0.000000
0.000037
0.000000
0.000000
0.000000
0.000000
0.000000
0.000000
0.000000
0.000000
0.000000
0.000000
0.000000
0.000000
0.000000
0.000000
0.000000
0.000000
0.000000
0.000000
0.000000
0.000000
0.000000
0.000000
0.000000
0.000000
0.000000
0.000554
0.000000
0.000581
0.000037
0.000000
0.000513
0.000069
0.000000
0.000037
0.000000
0.000000
0.000000
0.000000
0.000000
0.000000
0.000000
0.000000
0.000000
0.000069
0.000000
0.000000
0.000000
0.000000
0.000000
0.000000
0.000000
0.000000
0.000000
0.000000
0.000000
0.000000
0.000000
0.000000
0.000000
0.000000
0.000000
0.000000
0.000079
0.000065
0.000377
0.000000
0.000000
0.000996
0.000164
0.000687
0.001922
0.000000
0.000000
0.000000
0.000000
0.000000
0.000377
0.000037
0.000000
0.000116
0.000000
0.000000
0.000000
0.000000
0.000000
0.000000
0.000000
0.000000
0.000000
0.000000
0.000000
0.000000
0.000000
0.000000
0.000000
0.000000
0.000000
0.000000
0.000000
0.000000
0.000000
0.000147
0.000000
0.000114
0.000000
0.000000
0.000000
0.000000
0.000000
0.000000
0.000335
0.000000
0.000000
0.000000
0.000000
0.000000
0.000000
0.000000
0.000000
0.000191
0.000000
0.000000
0.000000
0.000000
0.000000
0.000000
0.000000
0.000000
0.000000
0.000000
0.000000
0.000000
0.000000
0.000000
0.000000
0.000000
0.000000
0.000000
0.000000
0.000000
0.000000
0.000258
0.000414
0.000000
0.000000
0.000000
0.000000
0.000000
0.000037
0.000000
0.001293
0.000250
0.000000
0.000000
0.000000
0.000000
0.000075
0.000037
0.000822
0.000099
0.000000
0.000000
0.000000
0.000000
0.000000
0.000000
0.000000
0.000000
0.000000
0.000000
0.000000
0.000000
0.000038
0.000000
0.000000
0.000000
0.000000
0.000000
0.000000
0.000000
0.000000
0.000144
0.000000
0.000000
0.000000
0.000000
0.000000
0.000175
0.000079
0.000154
0.000137
0.000000
0.000000
0.000000
0.000000
0.000000
0.000000
0.000069
0.000000
0.000000
0.000000
0.000000
0.000000
0.000000
0.000000
0.000000
0.000000
0.000000
0.000000
0.000000
0.000000
0.000000
0.000000
0.000037
0.000000
0.000000
0.000000
0.000000
0.000000
0.000000
0.000000
0.000037
0.000000
0.000000
0.000000
0.000000
0.000000
0.000000
0.000000
0.000000
0.000154
0.000000
0.000000
0.000041
0.000000
0.000000
0.000201
0.000000
0.000000
0.000000
0.000000
0.000000
0.000000
0.000000
0.000000
0.000000
0.000000
0.000000
0.000000
0.000000
0.000000
0.000000
0.000037
0.000000
0.000000
0.000000
0.000000
0.000000
0.000000
0.000000
0.000000
0.000168
0.000085
0.000000
0.000000
0.000000
0.000000
0.000000
0.000000
0.000000
0.001159
0.000397
0.000000
0.000000
0.000000
0.000928
0.000000
0.000000
0.000000
0.000000
0.000000
0.000000
0.000000
0.000000
0.000000
0.000000
0.000000
0.000000
0.000000
0.000000
0.000000
0.000513
0.000000
0.000000
0.000000
0.000000
0.000000
0.000000
0.000000
0.000037
0.000069
0.000291
0.000000
0.000000
0.000106
0.000000
0.000000
0.000000
0.000000
0.000425
0.000658
0.000000
0.000000
0.000052
0.000552
0.000000
0.000069
0.000000
0.000000
0.000000
0.000000
0.000000
0.000000
0.000000
0.000000
0.000000
0.000000
0.000000
0.000000
0.000000
0.000000
0.000000
0.000000
0.000000
0.000000
0.000000
0.000000
0.000000
0.000000
0.000000
0.000000
0.000179
0.000000
0.000000
0.000000
0.000000
0.000000
0.000075
0.000000
0.000000
0.000069
0.000000
0.000000
0.000037
0.000000
0.000000
0.000000
0.000000
0.000000
0.000000
0.000000
0.000000
0.000000
0.000000
0.000000
0.000000
0.000000
0.000000
0.000000
0.000000
0.000000
0.000000
0.000000
0.000000
0.000000
0.000069
0.000000
0.000000
0.000000
0.000000
0.000000
0.000037
0.000037
0.000000
0.000000
0.000000
0.000000
0.000000
0.000000
0.000000
0.000069
0.000000
0.000000
0.000000
0.000000
0.000000
0.000000
0.000000
0.000000
0.000000
0.000000
0.000000
0.000000
0.000000
0.000000
0.000000
0.000000
0.000000
0.000000
0.000000
0.000000
0.000000
0.000000
0.000000
0.000000
0.000000
0.000000
0.000000
0.000000
0.000052
0.000000
0.000037
0.000000
0.000000
0.000037
0.000000
0.000000
0.000000
0.000037
0.000000
0.000037
0.000079
0.000037
0.000000
0.000000
0.000000
0.000000
0.000000
0.000000
0.000000
0.000000
0.000000
0.000000
0.000000
0.000000
0.000000
0.000000
0.000000
0.000000
0.000000
0.000000
0.000000
0.000000
0.000000
0.000000
0.000000
0.000000
0.000000
0.000000
0.000000
0.000000
0.000223
0.001076
0.000069
0.000079
0.000609
0.000227
0.000137
0.000069
0.000000
0.532942
0.000000
0.000064
0.000000
0.000000
0.000000
0.000000
0.000000
0.000000
0.000000
0.000000
0.000000
0.000815
0.003491
0.001176
0.003137
0.003741
0.001095
0.000098
0.000235
0.000139
0.000000
0.000000
0.000000
0.000069
0.000000
0.000000
0.000065
0.000000
0.000000
0.000038
0.000000
0.000000
0.000000
0.000041
0.000000
0.000000
0.000000
0.000000
0.000000
0.000133
0.000000
0.000000
0.000000
0.000000
0.000000
0.000000
0.000000
0.000000
0.000000
0.000000
0.000000
0.000000
0.000099
0.000000
0.000000
0.000000
0.000000
0.000037
0.000000
0.000000
0.000645
0.000937
0.000065
0.000133
0.000000
0.000065
0.000000
0.000000
0.000000
0.000000
0.000000
0.000000
0.000000
0.000000
0.000000
0.000000
0.000000
0.000000
0.000000
0.031630
0.000000
0.000133
0.000197
0.000065
0.000000
0.000000
0.000206
0.000000
0.000133
0.000000
0.000000
0.000000
0.000000
0.000000
0.000000
0.000000
0.000000
0.000000
0.000000
0.000000
0.000000
0.000000
0.000000
0.000000
0.000000
0.000000
0.000000
0.000000
0.000000
0.000000
0.000000
0.000000
0.000000
0.000000
0.000000
0.000000
0.000000
0.000000
0.000141
0.018538
0.000000
0.005611
0.000000
0.000000
0.000000
0.001794
0.000000
0.001069
0.000970
0.000000
0.000150
0.000000
0.000000
0.000000
0.000000
0.000000
0.000000
0.000000
0.000000
0.000000
0.000000
0.000000
0.000000
0.000000
0.000000
0.000000
0.000000
0.000000
0.000000
0.000000
0.000000
0.000000
0.000000
0.000000
0.000000
0.000000
0.000000
0.000000
0.000000
0.010440
0.003850
0.000000
0.000000
0.000000
0.000000
0.001116
0.000635
0.000000
0.002882
0.000000
0.000000
0.000000
0.000000
0.000000
0.000099
0.000000
0.000000
0.000000
0.000000
0.000000
0.000000
0.000000
0.000000
0.000000
0.000000
0.000000
0.000000
0.000000
0.000000
0.000000
0.000000
0.000000
0.000000
0.000000
0.000000
0.000065
0.001087
0.005189
0.006287
0.047900
0.000000
0.000000
0.000000
0.000154
0.000827
0.006326
0.000253
0.002418
0.002564
0.000000
0.000000
0.000000
0.000000
0.000000
0.000562
0.000000
0.000000
0.000000
0.000000
0.000000
0.000000
0.000000
0.000000
0.000000
0.000000
0.000000
0.000000
0.000000
0.000000
0.000000
0.000000
0.000000
0.000000
0.000000
0.000000
0.000000
0.000000
0.000000
0.000000
0.013638
0.000000
0.007366
0.001690
0.000000
0.001858
0.000000
0.000000
0.000000
0.000171
0.000000
0.000151
0.000000
0.000000
0.000000
0.000000
0.000000
0.000000
0.000000
0.000000
0.000000
0.000000
0.000000
0.000000
0.000000
0.000000
0.000000
0.000000
0.000000
0.000000
0.000000
0.000000
0.000000
0.000000
0.000000
0.000000
0.000000
0.000000
0.000000
0.000000
0.010247
0.004061
0.000000
0.001116
0.000624
0.000000
0.000000
0.000000
0.000000
0.000824
0.000086
0.000000
0.000110
0.000000
0.000000
0.000000
0.000000
0.000000
0.000000
0.000000
0.000000
0.000000
0.000000
0.000000
0.000000
0.000000
0.000000
0.000000
0.000000
0.000000
0.000000
0.000000
0.000000
0.000069
0.000513
0.000000
0.000000
0.000000
0.004878
0.002916
0.033481
0.002164
0.000621
0.009340
0.000000
0.000000
0.000000
0.000776
0.000607
0.002101
0.000000
0.000000
0.000000
0.000000
0.000000
0.000000
0.000000
0.000000
0.000000
0.000000
0.000000
0.000000
0.000000
0.000000
0.000000
0.000000
0.000000
0.000000
0.000000
0.000000
0.000000
0.000000
0.000000
0.000133
0.003397
0.000000
0.003239
0.001753
0.000000
0.001492
0.009291
0.000000
0.002850
0.000000
0.000000
0.000136
0.000170
0.000000
0.000000
0.000000
0.000000
0.000090
0.000000
0.000000
0.000000
0.000000
0.000000
0.000000
0.000000
0.000000
0.000000
0.000000
0.000000
0.000000
0.000000
0.000000
0.000000
0.000000
0.000000
0.000000
0.000000
0.000000
0.000048
0.000000
0.000910
0.001205
0.000000
0.001238
0.000605
0.000000
0.003278
0.001244
0.000000
0.000000
0.000000
0.000000
0.000000
0.000000
0.000000
0.000108
0.000000
0.000000
0.000000
0.000000
0.000000
0.000000
0.000000
0.000000
0.000000
0.000000
0.000000
0.000000
0.000000
0.000000
0.000000
0.000000
0.000000
0.000000
0.000000
0.000000
0.000000
0.000065
0.000583
0.000475
0.009528
0.001258
0.000750
0.004931
0.006664
0.001382
0.024925
0.000000
0.000086
0.000205
0.000000
0.000199
0.000628
0.000253
0.000110
0.000674
0.000000
0.000000
0.000000
0.000000
0.000000
0.000000
0.000000
0.000000
0.000000
0.000000
0.000000
0.000000
0.000000
0.000000
0.000000
0.000000
0.000000
0.000000
0.001782
0.000000
0.000000
0.000223
0.000000
0.000000
0.000000
0.000000
0.000000
0.000099
0.000000
0.000000
0.001387
0.000000
0.000271
0.000000
0.000000
0.000000
0.000099
0.000000
0.000124
0.000000
0.000000
0.000000
0.000000
0.000000
0.000000
0.000000
0.000000
0.000000
0.000000
0.000037
0.000000
0.000000
0.000000
0.000000
0.000000
0.000000
0.000000
0.007322
0.000000
0.000000
0.000000
0.000776
0.000534
0.000000
0.000000
0.000000
0.000000
0.000000
0.000000
0.000000
0.005556
0.002102
0.000000
0.000000
0.000124
0.000000
0.000000
0.000218
0.000000
0.000000
0.000000
0.000000
0.000000
0.000000
0.000000
0.000000
0.000000
0.000000
0.000000
0.000000
0.000000
0.000000
0.000000
0.000000
0.000000
0.000000
0.000495
0.000000
0.000000
0.000284
0.000000
0.001515
0.000000
0.000000
0.000000
0.000000
0.000000
0.001834
0.000559
0.001962
0.001136
0.000000
0.000000
0.000000
0.000000
0.000000
0.000090
0.000000
0.000000
0.000000
0.000000
0.000000
0.000000
0.000000
0.000000
0.000000
0.000000
0.000000
0.000000
0.000000
0.000000
0.000000
0.000000
0.000000
0.000000
0.001518
0.000000
0.000000
0.000000
0.000000
0.000000
0.002296
0.000000
0.000110
0.000174
0.000000
0.000038
0.000000
0.000000
0.000000
0.003504
0.000000
0.000260
0.000175
0.000000
0.000085
0.000000
0.000000
0.000000
0.000000
0.000000
0.000000
0.000000
0.000000
0.000000
0.000000
0.000000
0.000000
0.000000
0.000000
0.000000
0.000000
0.000000
0.000000
0.004276
0.000038
0.000000
0.000000
0.000000
0.000000
0.000000
0.000368
0.000551
0.000000
0.000297
0.000165
0.000000
0.000000
0.000000
0.000000
0.002565
0.002571
0.000000
0.000183
0.000195
0.000000
0.000000
0.000000
0.000000
0.000000
0.000000
0.000000
0.000000
0.000000
0.000000
0.000000
0.000000
0.000000
0.000000
0.000000
0.000000
0.000000
0.000000
0.000336
0.000041
0.000133
0.000000
0.000000
0.000000
0.000670
0.000113
0.002592
0.000000
0.000000
0.000301
0.000000
0.000000
0.000000
0.000359
0.002229
0.001268
0.000000
0.000000
0.000241
0.000000
0.000000
0.000000
0.000000
0.000000
0.000000
0.000000
0.000000
0.000000
0.000000
0.000000
0.000000
0.000000
0.000000
0.000000
0.000000
0.000000
0.000000
0.000377
0.000000
0.000000
0.000060
0.000000
0.000000
0.000000
0.000000
0.000000
0.000201
0.000000
0.000110
0.000000
0.000000
0.000000
0.000000
0.000000
0.000000
0.000313
0.000000
0.000000
0.000000
0.000000
0.000000
0.000000
0.000000
0.000000
0.000000
0.000000
0.000000
0.000000
0.000000
0.000000
0.000000
0.000000
0.000000
0.000000
0.000000
0.000000
0.000457
0.000000
0.000000
0.000000
0.000000
0.000000
0.000000
0.000000
0.000041
0.000000
0.000000
0.000220
0.000000
0.000000
0.000000
0.000000
0.000218
0.000000
0.000000
0.000250
0.000194
0.000000
0.000000
0.000000
0.000000
0.000000
0.000000
0.000000
0.000000
0.000000
0.000000
0.000000
0.000000
0.000000
0.000000
0.000000
0.000000
0.000000
0.000000
0.000363
0.000000
0.000000
0.000000
0.000000
0.000052
0.000176
0.000000
0.000000
0.000049
0.000000
0.001045
0.000000
0.000274
0.000000
0.000041
0.000237
0.000000
0.000124
0.000249
0.000297
