0.004701
0.009481
0.015871
0.003042
0.010862
0.011185
0.003354
0.004118
0.011933
0.001710
0.004723
0.001706
0.000833
0.006843
0.002003
0.000270
0.000877
0.001421
0.459994
0.000694
0.044650
0.021200
0.011930
0.078757
0.020793
0.025911
0.071854
0.016847
0.014003
0.072666
0.005007
0.015855
0.007328
0.004511
0.018058
0.009274
0.001054
0.001221
0.003458
0.001867
0.000000
0.001307
0.000000
0.000000
0.000000
0.000614
0.000000
0.000320
0.000435
0.000000
0.000138
0.000000
0.000000
0.000000
0.000000
0.000000
0.000000
0.000000
0.000000
0.000038
0.000000
0.000000
0.000000
0.000000
0.000000
0.000000
0.000000
0.000000
0.000000
0.000000
0.000000
0.000000
0.000000
0.000000
0.000000
0.000000
0.000000
0.000000
0.000000
0.006560
0.000802
0.000000
0.000000
0.000000
0.000000
0.000492
0.000518
0.000000
0.001138
0.000000
0.000000
0.000000
0.000000
0.000000
0.000000
0.000000
0.000000
0.000000
0.000000
0.000000
0.000000
0.000000
0.000000
0.000000
0.000000
0.000000
0.000000
0.000000
0.000000
0.000000
0.000000
0.000000
0.000000
0.000000
0.000000
0.000000
0.000000
0.001684
0.001694
0.009679
0.000000
0.000000
0.000000
0.000350
0.000435
0.001049
0.000055
0.000199
0.000539
0.000000
0.000000
0.000000
0.000000
0.000000
0.000026
0.000000
0.000000
0.000265
0.000000
0.000000
0.000000
0.000000
0.000000
0.000000
0.000000
0.000000
0.000000
0.000000
0.000000
0.000000
0.000000
0.000000
0.000000
0.000000
0.000000
0.000000
0.000000
0.000000
0.000000
0.001289
0.000000
0.001339
0.000247
0.000000
0.000094
0.000000
0.000000
0.000000
0.000050
0.000000
0.000037
0.000000
0.000000
0.000000
0.000000
0.000000
0.000000
0.000000
0.000000
0.000000
0.000000
0.000000
0.000000
0.000000
0.000000
0.000000
0.000000
0.000000
0.000000
0.000000
0.000000
0.000000
0.000000
0.000000
0.000000
0.000000
0.000000
0.000000
0.000000
0.007199
0.001065
0.000000
0.000319
0.000707
0.000000
0.000000
0.000000
0.000000
0.001103
0.000000
0.000000
0.000000
0.000000
0.000000
0.000031
0.000486
0.000000
0.000000
0.000000
0.000000
0.000000
0.000000
0.000000
0.000000
0.000000
0.000000
0.000000
0.000000
0.000000
0.000000
0.000000
0.000000
0.000000
0.000000
0.000000
0.000000
0.000000
0.000608
0.001467
0.006484
0.000249
0.000336
0.001275
0.000000
0.000000
0.000000
0.000118
0.000147
0.000233
0.000000
0.000000
0.000037
0.000000
0.000000
0.000225
0.000000
0.000000
0.000000
0.000000
0.000000
0.000000
0.000000
0.000000
0.000000
0.000000
0.000000
0.000000
0.000000
0.000000
0.000000
0.000000
0.000000
0.000000
0.000535
0.000000
0.000230
0.000261
0.000000
0.000066
0.001138
0.000000
0.000674
0.000000
0.000000
0.000000
0.000092
0.000000
0.000000
0.000117
0.000000
0.000254
0.000000
0.000000
0.000000
0.000000
0.000000
0.000000
0.000000
0.000000
0.000000
0.000000
0.000000
0.000000
0.000000
0.000000
0.000000
0.000000
0.000000
0.000000
0.000000
0.000000
0.000000
0.000000
0.000236
0.000477
0.000000
0.000737
0.000262
0.000000
0.000911
0.000948
0.000000
0.000000
0.000000
0.000000
0.000092
0.000000
0.000000
0.000123
0.000000
0.000000
0.000000
0.000027
0.000000
0.000000
0.000000
0.000000
0.000000
0.000000
0.000000
0.000000
0.000000
0.000000
0.000000
0.000000
0.000000
0.000000
0.000000
0.000000
0.000000
0.000000
0.000328
0.000205
0.002135
0.000500
0.000263
0.001324
0.000575
0.000721
0.005106
0.000000
0.000000
0.000136
0.000000
0.000084
0.000039
0.000000
0.000187
0.000316
0.000000
0.000000
0.000066
0.000000
0.000000
0.000000
0.000000
0.000000
0.000000
0.000000
0.000000
0.000000
0.000000
0.000000
0.000000
0.000000
0.000000
0.000000
0.000000
0.000000
0.000000
0.000165
0.000000
0.000053
0.000000
0.000000
0.000000
0.000000
0.000000
0.000000
0.000643
0.000000
0.000145
0.000000
0.000000
0.000000
0.000000
0.000000
0.000000
0.000627
0.000000
0.000000
0.000000
0.000000
0.000000
0.000000
0.000000
0.000000
0.000000
0.000000
0.000000
0.000000
0.000086
0.000000
0.000000
0.000000
0.000000
0.000000
0.000000
0.000000
0.000000
0.000433
0.000242
0.000000
0.000000
0.000000
0.000000
0.000068
0.000037
0.000000
0.001908
0.000157
0.000000
0.000000
0.000000
0.000000
0.000114
0.000000
0.001628
0.000140
0.000000
0.000000
0.000000
0.000000
0.000000
0.000000
0.000000
0.000000
0.000000
0.000000
0.000000
0.000027
0.000000
0.000000
0.000000
0.000000
0.000000
0.000000
0.000000
0.000000
0.000000
0.000334
0.000000
0.000000
0.000000
0.000000
0.000031
0.000075
0.000138
0.000350
0.000346
0.000000
0.000000
0.000000
0.000000
0.000000
0.000110
0.000288
0.000039
0.000000
0.000000
0.000000
0.000000
0.000000
0.000000
0.000000
0.000000
0.000000
0.000000
0.000000
0.000000
0.000000
0.000000
0.000000
0.000000
0.000000
0.000000
0.000000
0.000000
0.000000
0.000000
0.000026
0.000000
0.000000
0.000050
0.000000
0.000000
0.000000
0.000000
0.000000
0.000259
0.000000
0.000140
0.000073
0.000000
0.000000
0.000287
0.000000
0.000000
0.000000
0.000000
0.000000
0.000000
0.000000
0.000000
0.000000
0.000000
0.000000
0.000000
0.000000
0.000000
0.000000
0.000000
0.000000
0.000000
0.000000
0.000000
0.000000
0.000000
0.000000
0.000000
0.001066
0.000176
0.000000
0.000177
0.000142
0.000000
0.000000
0.000000
0.000000
0.002736
0.000148
0.000000
0.000166
0.000282
0.001837
0.000000
0.000000
0.000000
0.000000
0.000000
0.000000
0.000000
0.000000
0.000000
0.000000
0.000000
0.000000
0.000000
0.000000
0.000000
0.000062
0.000000
0.000000
0.000000
0.000000
0.000000
0.000000
0.000000
0.000373
0.000000
0.000313
0.000000
0.000000
0.000054
0.000000
0.000000
0.000000
0.000026
0.000184
0.000577
0.000000
0.000000
0.000059
0.000179
0.000000
0.000000
0.000000
0.000000
0.000000
0.000000
0.000000
0.000000
0.000000
0.000000
0.000000
0.000000
0.000000
0.000000
0.000000
0.000254
0.000000
0.000000
0.000000
0.000000
0.000000
0.000000
0.000000
0.000000
0.000000
0.000000
0.000039
0.000000
0.000035
0.000000
0.000000
0.000000
0.000000
0.000000
0.000000
0.000080
0.000000
0.000000
0.000117
0.000000
0.000000
0.000000
0.000000
0.000000
0.000000
0.000000
0.000000
0.000000
0.000000
0.000000
0.000000
0.000000
0.000000
0.000000
0.000000
0.000000
0.000000
0.000000
0.000000
0.000000
0.000037
0.000000
0.000000
0.000059
0.000000
0.000000
0.000137
0.000179
0.000000
0.000084
0.000000
0.000000
0.000169
0.000000
0.000000
0.000121
0.000000
0.000094
0.000000
0.000000
0.000000
0.000000
0.000000
0.000000
0.000000
0.000000
0.000000
0.000000
0.000000
0.000000
0.000000
0.000000
0.000000
0.000000
0.000000
0.000000
0.000000
0.000000
0.000000
0.000000
0.000000
0.000000
0.000000
0.000050
0.000104
0.000037
0.000379
0.000086
0.000000
0.000000
0.000000
0.000054
0.000280
0.000000
0.000037
0.000199
0.000203
0.000000
0.000000
0.000000
0.000000
0.000000
0.000000
0.000000
0.000000
0.000000
0.000000
0.000000
0.000000
0.000000
0.000000
0.000000
0.000000
0.000000
0.000000
0.000000
0.000000
0.000000
0.000000
0.000000
0.000000
0.000000
0.000000
0.000000
0.000000
0.000000
0.000362
0.000987
0.000247
0.000239
0.001760
0.000174
0.000000
0.000132
0.000078
0.438542
0.000000
0.000149
0.000000
0.000000
0.000000
0.000000
0.000000
0.000000
0.000000
0.000000
0.000000
0.001250
0.002679
0.000685
0.001824
0.005627
0.001741
0.000083
0.000305
0.000389
0.000000
0.000000
0.000000
0.000000
0.000000
0.000000
0.000000
0.000057
0.000076
0.000000
0.000000
0.000000
0.000050
0.000176
0.000000
0.000000
0.000000
0.000038
0.000000
0.000088
0.000000
0.000000
0.000000
0.000000
0.000000
0.000000
0.000031
0.000000
0.000000
0.000000
0.000000
0.000000
0.000054
0.000000
0.000039
0.000000
0.000000
0.000000
0.000086
0.000141
0.000392
0.000719
0.000000
0.000092
0.000157
0.000000
0.000428
0.000317
0.000000
0.000025
0.000000
0.000000
0.000114
0.000055
0.000000
0.000000
0.000000
0.000066
0.000000
0.040382
0.000000
0.000254
0.000255
0.000152
0.000185
0.000224
0.000054
0.000085
0.000602
0.000000
0.000036
0.000000
0.000000
0.000038
0.000000
0.000000
0.000000
0.000000
0.000000
0.000000
0.000000
0.000000
0.000000
0.000000
0.000000
0.000000
0.000000
0.000000
0.000000
0.000000
0.000000
0.000000
0.000000
0.000000
0.000000
0.000000
0.000000
0.000000
0.000093
0.012210
0.000000
0.004438
0.000000
0.000000
0.000000
0.002234
0.000000
0.001751
0.000401
0.000000
0.000176
0.000000
0.000000
0.000000
0.000000
0.000000
0.000071
0.000000
0.000000
0.000000
0.000000
0.000000
0.000000
0.000000
0.000000
0.000000
0.000000
0.000000
0.000000
0.000000
0.000000
0.000000
0.000000
0.000000
0.000000
0.000000
0.000000
0.000205
0.000000
0.005279
0.002420
0.000000
0.000000
0.000000
0.000000
0.001589
0.000299
0.000000
0.002103
0.000068
0.000000
0.000000
0.000000
0.000000
0.000027
0.000000
0.000000
0.000000
0.000000
0.000000
0.000000
0.000000
0.000000
0.000000
0.000000
0.000000
0.000000
0.000000
0.000000
0.000000
0.000000
0.000000
0.000000
0.000000
0.000000
0.000000
0.000661
0.005323
0.004251
0.052230
0.000000
0.000000
0.000000
0.000529
0.001415
0.008569
0.000206
0.002784
0.003118
0.000000
0.000000
0.000000
0.000000
0.000000
0.000142
0.000000
0.000000
0.000000
0.000000
0.000000
0.000000
0.000000
0.000000
0.000000
0.000000
0.000000
0.000000
0.000000
0.000000
0.000000
0.000000
0.000000
0.000000
0.000000
0.000000
0.000090
0.000000
0.000000
0.000000
0.011165
0.000000
0.005379
0.002917
0.000000
0.001029
0.000000
0.000000
0.000000
0.000117
0.000000
0.000253
0.000000
0.000000
0.000000
0.000000
0.000000
0.000000
0.000000
0.000000
0.000000
0.000000
0.000000
0.000000
0.000000
0.000000
0.000000
0.000000
0.000000
0.000000
0.000000
0.000000
0.000000
0.000000
0.000057
0.000147
0.000000
0.000000
0.000000
0.000000
0.014227
0.006600
0.000000
0.001187
0.001680
0.000000
0.000000
0.000000
0.000000
0.002096
0.000026
0.000000
0.000000
0.000038
0.000000
0.000000
0.000000
0.000000
0.000000
0.000000
0.000000
0.000000
0.000000
0.000000
0.000000
0.000000
0.000000
0.000000
0.000000
0.000000
0.000000
0.000000
0.000000
0.000000
0.000776
0.000000
0.000000
0.000000
0.006676
0.005232
0.042663
0.000881
0.001017
0.012430
0.000000
0.000000
0.000000
0.000108
0.000586
0.001730
0.000000
0.000000
0.000000
0.000000
0.000000
0.000000
0.000000
0.000000
0.000000
0.000000
0.000000
0.000000
0.000000
0.000000
0.000000
0.000000
0.000000
0.000000
0.000000
0.000000
0.000000
0.000000
0.000000
0.000108
0.001054
0.000000
0.002820
0.000964
0.000000
0.000650
0.006198
0.000000
0.004364
0.000191
0.000000
0.000000
0.000057
0.000000
0.000027
0.000410
0.000000
0.000174
0.000000
0.000000
0.000000
0.000000
0.000000
0.000000
0.000000
0.000000
0.000000
0.000000
0.000000
0.000000
0.000000
0.000000
0.000000
0.000000
0.000000
0.000000
0.000000
0.000000
0.000057
0.000000
0.001154
0.000596
0.000000
0.002388
0.000851
0.000000
0.005151
0.003221
0.000000
0.000329
0.000000
0.000000
0.000118
0.000039
0.000000
0.000175
0.000018
0.000000
0.000000
0.000000
0.000000
0.000000
0.000000
0.000000
0.000000
0.000000
0.000000
0.000000
0.000000
0.000000
0.000000
0.000000
0.000000
0.000000
0.000000
0.000000
0.000057
0.000699
0.002100
0.000533
0.013866
0.000483
0.001978
0.007893
0.004027
0.003161
0.035435
0.000254
0.000000
0.000386
0.000027
0.000800
0.000376
0.000128
0.000087
0.001025
0.000000
0.000000
0.000000
0.000000
0.000000
0.000000
0.000000
0.000000
0.000000
0.000000
0.000000
0.000000
0.000000
0.000000
0.000000
0.000000
0.000000
0.000000
0.002075
0.000000
0.000000
0.000570
0.000000
0.000268
0.000000
0.000000
0.000000
0.000000
0.000000
0.000108
0.001561
0.000152
0.000256
0.000000
0.000000
0.000000
0.000048
0.000000
0.000000
0.000000
0.000000
0.000000
0.000000
0.000000
0.000000
0.000000
0.000000
0.000000
0.000000
0.000037
0.000000
0.000000
0.000000
0.000000
0.000000
0.000000
0.000000
0.006688
0.000066
0.000000
0.000000
0.000502
0.000454
0.000000
0.000000
0.000000
0.000000
0.000037
0.000076
0.000000
0.005759
0.001530
0.000508
0.000000
0.000000
0.000000
0.000143
0.000203
0.000000
0.000000
0.000000
0.000000
0.000000
0.000000
0.000000
0.000000
0.000000
0.000000
0.000027
0.000000
0.000000
0.000000
0.000336
0.000000
0.000000
0.000031
0.000705
0.000038
0.000000
0.000035
0.000018
0.001688
0.000000
0.000000
0.000000
0.000000
0.000000
0.000784
0.000865
0.001948
0.000893
0.000000
0.000000
0.000000
0.000000
0.000000
0.000000
0.000000
0.000000
0.000000
0.000000
0.000000
0.000000
0.000000
0.000000
0.000000
0.000000
0.000000
0.000000
0.000000
0.000000
0.000000
0.000000
0.000000
0.000000
0.000762
0.000000
0.000031
0.000000
0.000000
0.000000
0.001403
0.000000
0.000251
0.000000
0.000000
0.000000
0.000000
0.000000
0.000000
0.001300
0.000000
0.000315
0.000254
0.000000
0.000231
0.000000
0.000000
0.000000
0.000000
0.000000
0.000000
0.000000
0.000000
0.000000
0.000000
0.000000
0.000000
0.000000
0.000254
0.000000
0.000000
0.000000
0.000000
0.005708
0.000050
0.000083
0.000000
0.000000
0.000000
0.000000
0.001578
0.001105
0.000000
0.000044
0.000198
0.000000
0.000000
0.000000
0.000000
0.005883
0.002883
0.000000
0.000025
0.000368
0.000000
0.000000
0.000000
0.000000
0.000000
0.000000
0.000000
0.000000
0.000000
0.000000
0.000000
0.000000
0.000000
0.000000
0.000000
0.000000
0.000000
0.000000
0.000688
0.000076
0.000083
0.000000
0.000000
0.000000
0.000107
0.000000
0.004020
0.000057
0.000000
0.000433
0.000000
0.000000
0.000000
0.000074
0.001827
0.001598
0.000000
0.000000
0.000368
0.000000
0.000000
0.000000
0.000000
0.000000
0.000000
0.000000
0.000000
0.000000
0.000000
0.000000
0.000000
0.000000
0.000000
0.000000
0.000000
0.000000
0.000000
0.000055
0.000054
0.000254
0.000083
0.000000
0.000000
0.000000
0.000000
0.000000
0.000000
0.000000
0.000048
0.000168
0.000000
0.000000
0.000317
0.000000
0.000000
0.000083
0.000000
0.000000
0.000000
0.000000
0.000000
0.000000
0.000000
0.000000
0.000000
0.000000
0.000000
0.000000
0.000000
0.000000
0.000000
0.000000
0.000000
0.000000
0.000000
0.000000
0.000268
0.000000
0.000000
0.000000
0.000000
0.000085
0.000000
0.000000
0.000057
0.000000
0.000025
0.000197
0.000000
0.000044
0.000000
0.000000
0.000132
0.000000
0.000000
0.000309
0.000110
0.000000
0.000000
0.000000
0.000000
0.000000
0.000000
0.000000
0.000000
0.000000
0.000000
0.000000
0.000000
0.000000
0.000000
0.000000
0.000000
0.000000
0.000000
0.000106
0.000000
0.000000
0.000000
0.000000
0.000251
0.000000
0.000000
0.000054
0.000120
0.000000
0.001330
0.000141
0.000055
0.000204
0.000062
0.000478
0.000213
0.000055
0.000154
0.000247
