0.003938
0.006977
0.013419
0.001345
0.006448
0.009770
0.001791
0.002379
0.007876
0.001457
0.004520
0.002653
0.000931
0.005291
0.002162
0.000314
0.000869
0.001226
0.440540
0.001466
0.032774
0.029658
0.014883
0.109662
0.021232
0.025851
0.072836
0.016487
0.010687
0.073764
0.004860
0.018238
0.013268
0.003373
0.018113
0.010084
0.001431
0.002116
0.005308
0.002416
0.000000
0.000941
0.000000
0.000000
0.000000
0.000280
0.000000
0.000142
0.000019
0.000000
0.000012
0.000000
0.000000
0.000000
0.000000
0.000000
0.000000
0.000000
0.000000
0.000145
0.000000
0.000000
0.000000
0.000000
0.000000
0.000000
0.000000
0.000000
0.000000
0.000000
0.000000
0.000000
0.000000
0.000000
0.000000
0.000000
0.000000
0.000000
0.000000
0.004496
0.001294
0.000000
0.000000
0.000000
0.000000
0.000343
0.000124
0.000000
0.000421
0.000052
0.000000
0.000000
0.000000
0.000000
0.000019
0.000000
0.000000
0.000008
0.000221
0.000000
0.000000
0.000000
0.000000
0.000000
0.000000
0.000000
0.000000
0.000000
0.000000
0.000000
0.000000
0.000000
0.000000
0.000000
0.000000
0.000000
0.000000
0.000918
0.001240
0.007882
0.000000
0.000000
0.000000
0.000252
0.000113
0.001160
0.000136
0.000330
0.000681
0.000000
0.000000
0.000000
0.000006
0.000016
0.000082
0.000000
0.000170
0.000345
0.000000
0.000000
0.000000
0.000000
0.000000
0.000000
0.000000
0.000000
0.000000
0.000000
0.000000
0.000000
0.000000
0.000000
0.000000
0.000000
0.000000
0.000000
0.000000
0.000000
0.000000
0.000572
0.000000
0.000506
0.000141
0.000000
0.000031
0.000000
0.000000
0.000000
0.000058
0.000000
0.000009
0.000000
0.000000
0.000009
0.000000
0.000000
0.000025
0.000000
0.000000
0.000000
0.000000
0.000000
0.000000
0.000000
0.000000
0.000000
0.000000
0.000000
0.000000
0.000000
0.000000
0.000000
0.000000
0.000000
0.000000
0.000000
0.000000
0.000000
0.000000
0.003623
0.001045
0.000000
0.000340
0.000238
0.000000
0.000000
0.000000
0.000000
0.000756
0.000041
0.000000
0.000058
0.000000
0.000000
0.000009
0.000171
0.000000
0.000000
0.000000
0.000000
0.000000
0.000000
0.000000
0.000000
0.000000
0.000000
0.000000
0.000000
0.000000
0.000000
0.000000
0.000000
0.000000
0.000000
0.000000
0.000000
0.000000
0.000399
0.001268
0.005992
0.000028
0.000109
0.000816
0.000000
0.000000
0.000000
0.000089
0.000322
0.000379
0.000007
0.000000
0.000026
0.000000
0.000006
0.000221
0.000000
0.000000
0.000000
0.000000
0.000000
0.000000
0.000000
0.000000
0.000000
0.000000
0.000000
0.000000
0.000000
0.000000
0.000000
0.000000
0.000000
0.000000
0.000147
0.000000
0.000127
0.000188
0.000000
0.000101
0.000565
0.000000
0.000485
0.000010
0.000000
0.000000
0.000015
0.000000
0.000007
0.000048
0.000000
0.000040
0.000000
0.000000
0.000064
0.000000
0.000000
0.000000
0.000000
0.000000
0.000000
0.000000
0.000000
0.000000
0.000000
0.000000
0.000000
0.000000
0.000000
0.000000
0.000000
0.000000
0.000000
0.000000
0.000332
0.000068
0.000000
0.000352
0.000052
0.000000
0.000814
0.000382
0.000000
0.000012
0.000000
0.000000
0.000115
0.000007
0.000000
0.000165
0.000000
0.000000
0.000000
0.000088
0.000000
0.000000
0.000000
0.000000
0.000000
0.000000
0.000000
0.000000
0.000000
0.000000
0.000000
0.000000
0.000000
0.000000
0.000000
0.000000
0.000000
0.000000
0.000122
0.000112
0.001083
0.000084
0.000311
0.000885
0.000356
0.000421
0.003427
0.000011
0.000008
0.000033
0.000013
0.000118
0.000120
0.000005
0.000136
0.000435
0.000000
0.000008
0.000217
0.000000
0.000000
0.000000
0.000000
0.000000
0.000000
0.000000
0.000000
0.000000
0.000000
0.000000
0.000000
0.000000
0.000000
0.000000
0.000000
0.000000
0.000000
0.000067
0.000000
0.000260
0.000000
0.000000
0.000000
0.000009
0.000000
0.000008
0.000530
0.000000
0.000076
0.000000
0.000000
0.000000
0.000072
0.000000
0.000009
0.000367
0.000000
0.000000
0.000000
0.000000
0.000000
0.000000
0.000000
0.000000
0.000000
0.000000
0.000000
0.000000
0.000000
0.000000
0.000000
0.000000
0.000000
0.000000
0.000000
0.000000
0.000000
0.000503
0.000338
0.000000
0.000000
0.000000
0.000000
0.000063
0.000011
0.000000
0.001412
0.000664
0.000000
0.000000
0.000000
0.000000
0.000068
0.000118
0.001143
0.000015
0.000167
0.000000
0.000000
0.000000
0.000000
0.000000
0.000000
0.000000
0.000000
0.000000
0.000007
0.000043
0.000013
0.000000
0.000000
0.000000
0.000000
0.000000
0.000000
0.000177
0.000014
0.000948
0.000000
0.000000
0.000000
0.000000
0.000000
0.000055
0.000132
0.000186
0.000601
0.000000
0.000000
0.000000
0.000000
0.000000
0.000015
0.000424
0.000051
0.000014
0.000000
0.000000
0.000000
0.000000
0.000000
0.000000
0.000000
0.000000
0.000000
0.000000
0.000055
0.000000
0.000000
0.000000
0.000000
0.000000
0.000000
0.000000
0.000000
0.000000
0.000000
0.000055
0.000000
0.000023
0.000028
0.000000
0.000000
0.000000
0.000000
0.000000
0.000263
0.000000
0.000129
0.000017
0.000000
0.000072
0.000200
0.000013
0.000000
0.000000
0.000000
0.000000
0.000000
0.000000
0.000000
0.000000
0.000000
0.000000
0.000000
0.000000
0.000000
0.000025
0.000000
0.000010
0.000000
0.000000
0.000000
0.000000
0.000000
0.000000
0.000000
0.000706
0.000176
0.000000
0.000055
0.000166
0.000000
0.000000
0.000000
0.000000
0.001976
0.000231
0.000000
0.000083
0.000102
0.001551
0.000116
0.000047
0.000000
0.000000
0.000000
0.000000
0.000000
0.000000
0.000000
0.000000
0.000000
0.000000
0.000000
0.000000
0.000000
0.000050
0.000006
0.000000
0.000000
0.000000
0.000000
0.000000
0.000000
0.000005
0.000023
0.000651
0.000000
0.000005
0.000132
0.000000
0.000000
0.000000
0.000161
0.000124
0.000394
0.000000
0.000000
0.000143
0.000411
0.000055
0.000012
0.000000
0.000000
0.000000
0.000000
0.000000
0.000000
0.000000
0.000000
0.000000
0.000000
0.000000
0.000000
0.000000
0.000006
0.000000
0.000000
0.000000
0.000000
0.000000
0.000000
0.000017
0.000000
0.000000
0.000046
0.000076
0.000000
0.000037
0.000032
0.000000
0.000000
0.000015
0.000000
0.000000
0.000062
0.000000
0.000000
0.000018
0.000000
0.000012
0.000000
0.000000
0.000000
0.000000
0.000000
0.000000
0.000000
0.000000
0.000000
0.000000
0.000000
0.000000
0.000000
0.000000
0.000000
0.000000
0.000000
0.000000
0.000000
0.000005
0.000007
0.000000
0.000011
0.000000
0.000000
0.000079
0.000146
0.000000
0.000107
0.000000
0.000000
0.000195
0.000000
0.000000
0.000100
0.000052
0.000134
0.000000
0.000000
0.000000
0.000000
0.000000
0.000000
0.000000
0.000000
0.000000
0.000000
0.000000
0.000000
0.000000
0.000000
0.000000
0.000000
0.000042
0.000000
0.000000
0.000000
0.000020
0.000000
0.000012
0.000000
0.000000
0.000033
0.000017
0.000000
0.000486
0.000088
0.000046
0.000045
0.000000
0.000089
0.000145
0.000000
0.000084
0.000045
0.000031
0.000013
0.000019
0.000000
0.000000
0.000000
0.000000
0.000000
0.000000
0.000000
0.000000
0.000000
0.000000
0.000000
0.000000
0.000000
0.000000
0.000000
0.000000
0.000000
0.000000
0.000000
0.000000
0.000000
0.000000
0.000000
0.000000
0.000000
0.000000
0.000000
0.000397
0.001479
0.000378
0.000237
0.001466
0.000440
0.000099
0.000128
0.000028
0.415224
0.000000
0.000164
0.000000
0.000000
0.000000
0.000000
0.000000
0.000000
0.000000
0.000000
0.000000
0.001311
0.004606
0.002069
0.001491
0.005297
0.001953
0.000160
0.000189
0.000312
0.000014
0.000000
0.000088
0.000000
0.000074
0.000015
0.000000
0.000006
0.000000
0.000015
0.000125
0.000055
0.000000
0.000018
0.000203
0.000000
0.000010
0.000033
0.000000
0.000366
0.000000
0.000000
0.000000
0.000090
0.000009
0.000000
0.000075
0.000000
0.000000
0.000000
0.000000
0.000063
0.000038
0.000000
0.000101
0.000028
0.000000
0.000013
0.000045
0.000084
0.000154
0.000377
0.000022
0.000088
0.000300
0.000052
0.000046
0.000099
0.000000
0.000034
0.000025
0.000000
0.000059
0.000017
0.000000
0.000000
0.000014
0.000044
0.000000
0.029551
0.000225
0.000041
0.000488
0.000132
0.000097
0.000385
0.000145
0.000026
0.000409
0.000013
0.000017
0.000025
0.000000
0.000026
0.000007
0.000008
0.000000
0.000000
0.000000
0.000000
0.000000
0.000000
0.000000
0.000000
0.000000
0.000000
0.000000
0.000000
0.000000
0.000000
0.000000
0.000000
0.000000
0.000000
0.000000
0.000000
0.000000
0.000000
0.000077
0.015749
0.000000
0.009718
0.000000
0.000000
0.000000
0.002049
0.000000
0.001349
0.000484
0.000000
0.000387
0.000000
0.000000
0.000000
0.000061
0.000000
0.000036
0.000000
0.000000
0.000000
0.000000
0.000000
0.000000
0.000000
0.000000
0.000000
0.000000
0.000000
0.000000
0.000000
0.000000
0.000000
0.000000
0.000000
0.000000
0.000000
0.000019
0.000153
0.000000
0.006643
0.003479
0.000000
0.000000
0.000000
0.000000
0.001628
0.000637
0.000000
0.002226
0.000143
0.000000
0.000000
0.000000
0.000000
0.000089
0.000000
0.000000
0.000000
0.000000
0.000000
0.000000
0.000000
0.000000
0.000000
0.000000
0.000000
0.000000
0.000000
0.000000
0.000000
0.000000
0.000000
0.000000
0.000000
0.000000
0.000065
0.000278
0.009716
0.005968
0.074151
0.000000
0.000000
0.000000
0.001274
0.001126
0.011031
0.000337
0.002070
0.004027
0.000000
0.000000
0.000000
0.000019
0.000062
0.000624
0.000000
0.000000
0.000000
0.000000
0.000000
0.000000
0.000000
0.000000
0.000000
0.000000
0.000000
0.000000
0.000000
0.000000
0.000000
0.000000
0.000000
0.000000
0.000000
0.000000
0.000070
0.000000
0.000000
0.000000
0.012446
0.000000
0.005849
0.001391
0.000000
0.001183
0.000000
0.000000
0.000000
0.000133
0.000000
0.000168
0.000020
0.000000
0.000099
0.000000
0.000000
0.000000
0.000000
0.000000
0.000000
0.000000
0.000000
0.000000
0.000000
0.000000
0.000000
0.000000
0.000000
0.000000
0.000000
0.000000
0.000000
0.000000
0.000025
0.000180
0.000000
0.000000
0.000000
0.000000
0.013694
0.007117
0.000000
0.000873
0.002122
0.000000
0.000000
0.000000
0.000000
0.001965
0.000013
0.000000
0.000006
0.000000
0.000000
0.000000
0.000000
0.000000
0.000000
0.000000
0.000000
0.000000
0.000000
0.000000
0.000000
0.000000
0.000000
0.000000
0.000000
0.000000
0.000000
0.000000
0.000000
0.000000
0.000199
0.000000
0.000000
0.000000
0.005887
0.005814
0.044530
0.001473
0.000536
0.011374
0.000000
0.000000
0.000000
0.000026
0.001436
0.001874
0.000011
0.000000
0.000118
0.000000
0.000000
0.000000
0.000000
0.000000
0.000000
0.000000
0.000000
0.000000
0.000000
0.000000
0.000000
0.000000
0.000000
0.000000
0.000000
0.000000
0.000000
0.000000
0.000000
0.000051
0.001226
0.000000
0.001872
0.000963
0.000000
0.001105
0.005853
0.000000
0.004388
0.000194
0.000000
0.000087
0.000087
0.000000
0.000104
0.000371
0.000000
0.000343
0.000000
0.000000
0.000000
0.000000
0.000000
0.000000
0.000000
0.000000
0.000000
0.000000
0.000000
0.000000
0.000000
0.000000
0.000000
0.000000
0.000000
0.000000
0.000000
0.000005
0.000091
0.000000
0.000883
0.000531
0.000000
0.002223
0.000945
0.000000
0.003473
0.001851
0.000000
0.000116
0.000000
0.000000
0.000261
0.000007
0.000000
0.000386
0.000000
0.000000
0.000000
0.000000
0.000000
0.000000
0.000000
0.000000
0.000000
0.000000
0.000000
0.000000
0.000000
0.000000
0.000000
0.000000
0.000000
0.000000
0.000000
0.000000
0.000082
0.000200
0.001789
0.001006
0.014636
0.000890
0.001548
0.006824
0.004070
0.002867
0.036210
0.000087
0.000355
0.000556
0.000023
0.000364
0.001013
0.000065
0.000515
0.001402
0.000000
0.000000
0.000000
0.000000
0.000000
0.000000
0.000000
0.000000
0.000000
0.000012
0.000070
0.000000
0.000000
0.000000
0.000000
0.000000
0.000000
0.000000
0.001521
0.000000
0.000009
0.000516
0.000000
0.000335
0.000000
0.000000
0.000000
0.000018
0.000000
0.000016
0.001793
0.000062
0.000404
0.000000
0.000000
0.000016
0.000114
0.000000
0.000014
0.000000
0.000000
0.000000
0.000000
0.000000
0.000000
0.000000
0.000000
0.000000
0.000009
0.000119
0.000052
0.000000
0.000000
0.000000
0.000000
0.000000
0.000000
0.007509
0.000070
0.000017
0.000000
0.000440
0.001198
0.000000
0.000000
0.000000
0.000000
0.000007
0.000106
0.000014
0.005384
0.002711
0.000000
0.000072
0.000000
0.000000
0.000134
0.000412
0.000000
0.000000
0.000000
0.000000
0.000000
0.000000
0.000000
0.000000
0.000000
0.000000
0.000062
0.000000
0.000000
0.000040
0.000000
0.000000
0.000000
0.000007
0.001568
0.000055
0.000039
0.000535
0.000023
0.003989
0.000000
0.000000
0.000000
0.000047
0.000000
0.000498
0.000452
0.003027
0.002781
0.000000
0.000000
0.000000
0.000000
0.000000
0.000261
0.000000
0.000000
0.000000
0.000000
0.000000
0.000000
0.000000
0.000000
0.000000
0.000000
0.000000
0.000007
0.000000
0.000011
0.000000
0.000000
0.000000
0.000000
0.000768
0.000010
0.000010
0.000000
0.000000
0.000000
0.000565
0.000000
0.000243
0.000055
0.000000
0.000036
0.000000
0.000006
0.000000
0.001054
0.000000
0.000266
0.000247
0.000000
0.000117
0.000000
0.000000
0.000000
0.000000
0.000000
0.000000
0.000000
0.000000
0.000000
0.000075
0.000063
0.000000
0.000000
0.000025
0.000000
0.000000
0.000012
0.000007
0.006422
0.000105
0.000025
0.000000
0.000000
0.000000
0.000000
0.001038
0.001511
0.000000
0.000060
0.000277
0.000000
0.000000
0.000000
0.000011
0.005662
0.002107
0.000000
0.000159
0.000508
0.000000
0.000000
0.000000
0.000000
0.000000
0.000000
0.000000
0.000000
0.000000
0.000000
0.000000
0.000000
0.000087
0.000011
0.000013
0.000000
0.000000
0.000000
0.001516
0.000091
0.000006
0.000000
0.000000
0.000000
0.000405
0.000107
0.003271
0.000000
0.000000
0.000512
0.000000
0.000000
0.000000
0.000262
0.001546
0.002059
0.000000
0.000000
0.000173
0.000000
0.000000
0.000000
0.000000
0.000000
0.000000
0.000000
0.000000
0.000000
0.000000
0.000000
0.000000
0.000000
0.000000
0.000000
0.000000
0.000000
0.000000
0.000334
0.000000
0.000000
0.000078
0.000000
0.000013
0.000037
0.000000
0.000043
0.000152
0.000000
0.000115
0.000129
0.000000
0.000000
0.000259
0.000007
0.000000
0.000184
0.000000
0.000096
0.000000
0.000000
0.000000
0.000000
0.000000
0.000000
0.000000
0.000000
0.000000
0.000000
0.000073
0.000000
0.000000
0.000000
0.000000
0.000000
0.000000
0.000000
0.000491
0.000051
0.000000
0.000000
0.000014
0.000010
0.000000
0.000000
0.000006
0.000000
0.000082
0.000280
0.000000
0.000172
0.000000
0.000000
0.000622
0.000000
0.000000
0.000172
0.000161
0.000000
0.000000
0.000000
0.000000
0.000000
0.000000
0.000000
0.000000
0.000000
0.000000
0.000000
0.000000
0.000000
0.000000
0.000000
0.000000
0.000000
0.000000
0.000330
0.000078
0.000014
0.000069
0.000000
0.000276
0.000000
0.000000
0.000119
0.000101
0.000000
0.001485
0.000065
0.000223
0.000154
0.000013
0.000763
0.000463
0.000185
0.000398
0.000624
