0.003925
0.006968
0.013729
0.001277
0.006388
0.009698
0.001785
0.002441
0.007848
0.001452
0.004659
0.002652
0.000903
0.005273
0.002155
0.000313
0.000854
0.001209
0.437541
0.001482
0.032813
0.029581
0.015125
0.109863
0.021828
0.026167
0.073029
0.016870
0.010675
0.074189
0.004880
0.018519
0.013393
0.003514
0.018121
0.010070
0.001424
0.002099
0.005289
0.002407
0.000000
0.000937
0.000000
0.000000
0.000000
0.000279
0.000000
0.000141
0.000019
0.000000
0.000012
0.000000
0.000000
0.000000
0.000000
0.000000
0.000000
0.000000
0.000000
0.000145
0.000000
0.000000
0.000000
0.000000
0.000000
0.000000
0.000000
0.000000
0.000000
0.000000
0.000000
0.000000
0.000000
0.000000
0.000000
0.000000
0.000000
0.000000
0.000000
0.004488
0.001289
0.000000
0.000000
0.000000
0.000000
0.000342
0.000124
0.000000
0.000427
0.000051
0.000000
0.000000
0.000000
0.000000
0.000019
0.000000
0.000000
0.000008
0.000220
0.000000
0.000000
0.000000
0.000000
0.000000
0.000000
0.000000
0.000000
0.000000
0.000000
0.000000
0.000000
0.000000
0.000000
0.000000
0.000000
0.000000
0.000000
0.000915
0.001244
0.008140
0.000000
0.000000
0.000000
0.000251
0.000184
0.001156
0.000135
0.000329
0.000678
0.000000
0.000000
0.000000
0.000006
0.000016
0.000082
0.000000
0.000169
0.000344
0.000000
0.000000
0.000000
0.000000
0.000000
0.000000
0.000000
0.000000
0.000000
0.000000
0.000000
0.000000
0.000000
0.000000
0.000000
0.000000
0.000000
0.000000
0.000000
0.000000
0.000000
0.000520
0.000000
0.000504
0.000141
0.000000
0.000030
0.000000
0.000000
0.000000
0.000045
0.000000
0.000009
0.000000
0.000000
0.000009
0.000000
0.000000
0.000025
0.000000
0.000000
0.000000
0.000000
0.000000
0.000000
0.000000
0.000000
0.000000
0.000000
0.000000
0.000000
0.000000
0.000000
0.000000
0.000000
0.000000
0.000000
0.000000
0.000000
0.000000
0.000000
0.003572
0.001029
0.000000
0.000338
0.000238
0.000000
0.000000
0.000000
0.000000
0.000753
0.000041
0.000000
0.000058
0.000000
0.000000
0.000009
0.000171
0.000000
0.000000
0.000000
0.000000
0.000000
0.000000
0.000000
0.000000
0.000000
0.000000
0.000000
0.000000
0.000000
0.000000
0.000000
0.000000
0.000000
0.000000
0.000000
0.000000
0.000000
0.000397
0.001264
0.005946
0.000028
0.000109
0.000813
0.000000
0.000000
0.000000
0.000089
0.000321
0.000378
0.000007
0.000000
0.000013
0.000000
0.000006
0.000220
0.000000
0.000000
0.000000
0.000000
0.000000
0.000000
0.000000
0.000000
0.000000
0.000000
0.000000
0.000000
0.000000
0.000000
0.000000
0.000000
0.000000
0.000000
0.000147
0.000000
0.000127
0.000187
0.000000
0.000101
0.000563
0.000000
0.000484
0.000010
0.000000
0.000000
0.000014
0.000000
0.000007
0.000048
0.000000
0.000040
0.000000
0.000000
0.000064
0.000000
0.000000
0.000000
0.000000
0.000000
0.000000
0.000000
0.000000
0.000000
0.000000
0.000000
0.000000
0.000000
0.000000
0.000000
0.000000
0.000000
0.000000
0.000000
0.000331
0.000068
0.000000
0.000351
0.000052
0.000000
0.000811
0.000381
0.000000
0.000012
0.000000
0.000000
0.000114
0.000007
0.000000
0.000165
0.000000
0.000000
0.000000
0.000088
0.000000
0.000000
0.000000
0.000000
0.000000
0.000000
0.000000
0.000000
0.000000
0.000000
0.000000
0.000000
0.000000
0.000000
0.000000
0.000000
0.000000
0.000000
0.000122
0.000111
0.001079
0.000084
0.000310
0.000882
0.000355
0.000419
0.003415
0.000011
0.000008
0.000033
0.000013
0.000118
0.000120
0.000005
0.000135
0.000433
0.000000
0.000008
0.000216
0.000000
0.000000
0.000000
0.000000
0.000000
0.000000
0.000000
0.000000
0.000000
0.000000
0.000000
0.000000
0.000000
0.000000
0.000000
0.000000
0.000000
0.000000
0.000067
0.000000
0.000259
0.000000
0.000000
0.000000
0.000009
0.000000
0.000008
0.000528
0.000000
0.000075
0.000000
0.000000
0.000000
0.000071
0.000000
0.000009
0.000365
0.000000
0.000000
0.000000
0.000000
0.000000
0.000000
0.000000
0.000000
0.000000
0.000000
0.000000
0.000000
0.000000
0.000000
0.000000
0.000000
0.000000
0.000000
0.000000
0.000000
0.000000
0.000501
0.000408
0.000000
0.000000
0.000000
0.000000
0.000062
0.000011
0.000000
0.001486
0.000662
0.000000
0.000000
0.000000
0.000000
0.000068
0.000117
0.001147
0.000015
0.000166
0.000000
0.000000
0.000000
0.000000
0.000000
0.000000
0.000000
0.000000
0.000000
0.000007
0.000043
0.000013
0.000000
0.000000
0.000000
0.000000
0.000000
0.000000
0.000176
0.000014
0.000952
0.000000
0.000000
0.000000
0.000000
0.000000
0.000054
0.000131
0.000185
0.000599
0.000000
0.000000
0.000000
0.000000
0.000000
0.000015
0.000423
0.000051
0.000014
0.000000
0.000000
0.000000
0.000000
0.000000
0.000000
0.000000
0.000000
0.000000
0.000000
0.000055
0.000000
0.000000
0.000000
0.000000
0.000000
0.000000
0.000000
0.000000
0.000000
0.000000
0.000055
0.000000
0.000023
0.000028
0.000000
0.000000
0.000000
0.000000
0.000000
0.000249
0.000000
0.000128
0.000017
0.000000
0.000071
0.000186
0.000013
0.000000
0.000000
0.000000
0.000000
0.000000
0.000000
0.000000
0.000000
0.000000
0.000000
0.000000
0.000000
0.000000
0.000025
0.000000
0.000010
0.000000
0.000000
0.000000
0.000000
0.000000
0.000000
0.000000
0.000704
0.000176
0.000000
0.000055
0.000166
0.000000
0.000000
0.000000
0.000000
0.001969
0.000230
0.000000
0.000082
0.000102
0.001545
0.000115
0.000047
0.000000
0.000000
0.000000
0.000000
0.000000
0.000000
0.000000
0.000000
0.000000
0.000000
0.000000
0.000000
0.000000
0.000050
0.000006
0.000000
0.000000
0.000000
0.000000
0.000000
0.000000
0.000005
0.000023
0.000648
0.000000
0.000005
0.000132
0.000000
0.000000
0.000000
0.000160
0.000123
0.000393
0.000000
0.000000
0.000143
0.000409
0.000055
0.000012
0.000000
0.000000
0.000000
0.000000
0.000000
0.000000
0.000000
0.000000
0.000000
0.000000
0.000000
0.000000
0.000000
0.000006
0.000000
0.000000
0.000000
0.000000
0.000000
0.000000
0.000017
0.000000
0.000000
0.000045
0.000075
0.000000
0.000037
0.000032
0.000000
0.000000
0.000015
0.000000
0.000000
0.000062
0.000000
0.000000
0.000018
0.000000
0.000012
0.000000
0.000000
0.000000
0.000000
0.000000
0.000000
0.000000
0.000000
0.000000
0.000000
0.000000
0.000000
0.000000
0.000000
0.000000
0.000000
0.000000
0.000000
0.000000
0.000005
0.000007
0.000000
0.000011
0.000000
0.000000
0.000078
0.000146
0.000000
0.000106
0.000000
0.000000
0.000194
0.000000
0.000000
0.000099
0.000052
0.000121
0.000000
0.000000
0.000000
0.000000
0.000000
0.000000
0.000000
0.000000
0.000000
0.000000
0.000000
0.000000
0.000000
0.000000
0.000000
0.000000
0.000042
0.000000
0.000000
0.000000
0.000020
0.000000
0.000012
0.000000
0.000000
0.000033
0.000017
0.000000
0.000484
0.000088
0.000046
0.000045
0.000000
0.000089
0.000144
0.000000
0.000071
0.000045
0.000031
0.000013
0.000019
0.000000
0.000000
0.000000
0.000000
0.000000
0.000000
0.000000
0.000000
0.000000
0.000000
0.000000
0.000000
0.000000
0.000000
0.000000
0.000000
0.000000
0.000000
0.000000
0.000000
0.000000
0.000000
0.000000
0.000000
0.000000
0.000000
0.000000
0.000396
0.001545
0.000376
0.000236
0.001448
0.000438
0.000099
0.000127
0.000028
0.412090
0.000000
0.000163
0.000000
0.000000
0.000000
0.000000
0.000000
0.000000
0.000000
0.000000
0.000000
0.001375
0.004744
0.001983
0.001525
0.005242
0.001971
0.000167
0.000178
0.000311
0.000014
0.000000
0.000088
0.000000
0.000074
0.000015
0.000000
0.000006
0.000000
0.000015
0.000125
0.000062
0.000000
0.000032
0.000203
0.000000
0.000010
0.000033
0.000000
0.000365
0.000000
0.000000
0.000000
0.000090
0.000009
0.000000
0.000075
0.000000
0.000000
0.000000
0.000000
0.000063
0.000038
0.000000
0.000101
0.000028
0.000000
0.000013
0.000045
0.000083
0.000154
0.000376
0.000010
0.000087
0.000298
0.000052
0.000045
0.000099
0.000000
0.000034
0.000025
0.000000
0.000059
0.000017
0.000000
0.000000
0.000014
0.000043
0.000000
0.029586
0.000224
0.000041
0.000487
0.000147
0.000096
0.000383
0.000145
0.000026
0.000421
0.000013
0.000017
0.000024
0.000000
0.000026
0.000007
0.000008
0.000000
0.000000
0.000000
0.000000
0.000000
0.000000
0.000000
0.000000
0.000000
0.000000
0.000000
0.000000
0.000000
0.000000
0.000000
0.000000
0.000000
0.000000
0.000000
0.000000
0.000000
0.000000
0.000084
0.015581
0.000000
0.009738
0.000000
0.000000
0.000000
0.002142
0.000000
0.001330
0.000478
0.000000
0.000386
0.000000
0.000000
0.000000
0.000061
0.000000
0.000036
0.000000
0.000000
0.000000
0.000000
0.000000
0.000000
0.000000
0.000000
0.000000
0.000000
0.000000
0.000000
0.000000
0.000000
0.000000
0.000000
0.000000
0.000000
0.000000
0.000019
0.000153
0.000000
0.006910
0.003513
0.000000
0.000000
0.000000
0.000000
0.001629
0.000629
0.000000
0.002175
0.000142
0.000000
0.000000
0.000000
0.000000
0.000089
0.000000
0.000000
0.000000
0.000000
0.000000
0.000000
0.000000
0.000000
0.000000
0.000000
0.000000
0.000000
0.000000
0.000000
0.000000
0.000000
0.000000
0.000000
0.000000
0.000000
0.000065
0.000278
0.009731
0.005908
0.074265
0.000000
0.000000
0.000000
0.001252
0.001122
0.011010
0.000336
0.002157
0.004127
0.000000
0.000000
0.000000
0.000019
0.000062
0.000622
0.000000
0.000000
0.000000
0.000000
0.000000
0.000000
0.000000
0.000000
0.000000
0.000000
0.000000
0.000000
0.000000
0.000000
0.000000
0.000000
0.000000
0.000000
0.000000
0.000000
0.000077
0.000000
0.000000
0.000000
0.012726
0.000000
0.005932
0.001529
0.000000
0.001213
0.000000
0.000000
0.000000
0.000192
0.000000
0.000175
0.000020
0.000000
0.000099
0.000000
0.000000
0.000000
0.000000
0.000000
0.000000
0.000000
0.000000
0.000000
0.000000
0.000000
0.000000
0.000000
0.000000
0.000000
0.000000
0.000000
0.000000
0.000000
0.000025
0.000179
0.000000
0.000000
0.000000
0.000000
0.014070
0.007092
0.000000
0.000868
0.002114
0.000000
0.000000
0.000000
0.000000
0.001944
0.000012
0.000000
0.000006
0.000000
0.000000
0.000000
0.000000
0.000000
0.000000
0.000000
0.000000
0.000000
0.000000
0.000000
0.000000
0.000000
0.000000
0.000000
0.000000
0.000000
0.000000
0.000000
0.000000
0.000000
0.000198
0.000000
0.000000
0.000000
0.006134
0.005808
0.044473
0.001425
0.000534
0.011444
0.000000
0.000000
0.000000
0.000033
0.001458
0.001844
0.000011
0.000000
0.000118
0.000000
0.000000
0.000000
0.000000
0.000000
0.000000
0.000000
0.000000
0.000000
0.000000
0.000000
0.000000
0.000000
0.000000
0.000000
0.000000
0.000000
0.000000
0.000000
0.000000
0.000050
0.001284
0.000000
0.001930
0.001027
0.000000
0.001081
0.006015
0.000000
0.004466
0.000193
0.000000
0.000086
0.000087
0.000000
0.000103
0.000370
0.000000
0.000341
0.000000
0.000000
0.000000
0.000000
0.000000
0.000000
0.000000
0.000000
0.000000
0.000000
0.000000
0.000000
0.000000
0.000000
0.000000
0.000000
0.000000
0.000000
0.000000
0.000005
0.000090
0.000000
0.000894
0.000529
0.000000
0.002222
0.000942
0.000000
0.003481
0.001829
0.000000
0.000116
0.000000
0.000000
0.000260
0.000007
0.000000
0.000385
0.000000
0.000000
0.000000
0.000000
0.000000
0.000000
0.000000
0.000000
0.000000
0.000000
0.000000
0.000000
0.000000
0.000000
0.000000
0.000000
0.000000
0.000000
0.000000
0.000000
0.000082
0.000199
0.001783
0.000978
0.014696
0.000874
0.001520
0.006958
0.004090
0.002857
0.036498
0.000086
0.000354
0.000522
0.000023
0.000363
0.001081
0.000065
0.000513
0.001392
0.000000
0.000000
0.000000
0.000000
0.000000
0.000000
0.000000
0.000000
0.000000
0.000012
0.000070
0.000000
0.000000
0.000000
0.000000
0.000000
0.000000
0.000000
0.001512
0.000000
0.000009
0.000513
0.000000
0.000309
0.000000
0.000000
0.000000
0.000078
0.000000
0.000016
0.001760
0.000062
0.000445
0.000000
0.000000
0.000015
0.000104
0.000000
0.000014
0.000000
0.000000
0.000000
0.000000
0.000000
0.000000
0.000000
0.000000
0.000000
0.000009
0.000119
0.000052
0.000000
0.000000
0.000000
0.000000
0.000000
0.000000
0.007552
0.000077
0.000017
0.000000
0.000492
0.001220
0.000000
0.000000
0.000000
0.000000
0.000007
0.000106
0.000014
0.005481
0.002776
0.000000
0.000071
0.000000
0.000000
0.000133
0.000410
0.000000
0.000000
0.000000
0.000000
0.000000
0.000000
0.000000
0.000000
0.000000
0.000000
0.000061
0.000000
0.000000
0.000040
0.000000
0.000000
0.000000
0.000007
0.001645
0.000055
0.000039
0.000566
0.000023
0.003926
0.000000
0.000000
0.000000
0.000047
0.000000
0.000532
0.000450
0.003042
0.002816
0.000000
0.000000
0.000000
0.000000
0.000000
0.000260
0.000000
0.000000
0.000000
0.000000
0.000000
0.000000
0.000000
0.000000
0.000000
0.000000
0.000000
0.000007
0.000000
0.000011
0.000000
0.000000
0.000000
0.000000
0.000828
0.000010
0.000010
0.000000
0.000000
0.000000
0.000602
0.000000
0.000242
0.000055
0.000000
0.000036
0.000000
0.000006
0.000000
0.001090
0.000000
0.000279
0.000246
0.000000
0.000117
0.000000
0.000000
0.000000
0.000000
0.000000
0.000000
0.000000
0.000000
0.000000
0.000074
0.000062
0.000000
0.000000
0.000025
0.000000
0.000000
0.000012
0.000007
0.006475
0.000105
0.000025
0.000000
0.000000
0.000000
0.000000
0.001032
0.001519
0.000000
0.000059
0.000276
0.000000
0.000000
0.000000
0.000011
0.005676
0.002044
0.000000
0.000158
0.000514
0.000000
0.000000
0.000000
0.000000
0.000000
0.000000
0.000000
0.000000
0.000000
0.000000
0.000000
0.000000
0.000086
0.000011
0.000013
0.000000
0.000000
0.000000
0.001482
0.000105
0.000006
0.000000
0.000000
0.000000
0.000382
0.000106
0.003269
0.000000
0.000000
0.000504
0.000000
0.000000
0.000000
0.000256
0.001616
0.002037
0.000000
0.000000
0.000173
0.000000
0.000000
0.000000
0.000000
0.000000
0.000000
0.000000
0.000000
0.000000
0.000000
0.000000
0.000000
0.000000
0.000000
0.000000
0.000000
0.000000
0.000000
0.000333
0.000000
0.000000
0.000078
0.000000
0.000013
0.000037
0.000000
0.000043
0.000141
0.000000
0.000115
0.000128
0.000000
0.000000
0.000258
0.000007
0.000000
0.000183
0.000000
0.000103
0.000000
0.000000
0.000000
0.000000
0.000000
0.000000
0.000000
0.000000
0.000000
0.000000
0.000073
0.000000
0.000000
0.000000
0.000000
0.000000
0.000000
0.000000
0.000490
0.000051
0.000000
0.000000
0.000014
0.000010
0.000000
0.000000
0.000006
0.000000
0.000082
0.000279
0.000000
0.000172
0.000000
0.000000
0.000620
0.000000
0.000000
0.000172
0.000151
0.000000
0.000000
0.000000
0.000000
0.000000
0.000000
0.000000
0.000000
0.000000
0.000000
0.000000
0.000000
0.000000
0.000000
0.000000
0.000000
0.000000
0.000000
0.000329
0.000077
0.000014
0.000068
0.000000
0.000266
0.000000
0.000000
0.000118
0.000101
0.000000
0.001495
0.000065
0.000223
0.000161
0.000013
0.000747
0.000461
0.000185
0.000397
0.000621
