0.004858
0.009706
0.016127
0.003107
0.011163
0.011436
0.003425
0.004205
0.012357
0.001703
0.004797
0.001704
0.000851
0.006957
0.002008
0.000295
0.000896
0.001452
0.471560
0.000709
0.044399
0.019365
0.012187
0.075316
0.019599
0.023505
0.069514
0.015698
0.014300
0.072369
0.005170
0.015502
0.007199
0.004394
0.017303
0.008886
0.001077
0.001272
0.003631
0.001926
0.000000
0.001354
0.000000
0.000000
0.000000
0.000627
0.000000
0.000345
0.000444
0.000000
0.000141
0.000000
0.000000
0.000000
0.000000
0.000000
0.000000
0.000000
0.000000
0.000039
0.000000
0.000000
0.000000
0.000000
0.000000
0.000000
0.000000
0.000000
0.000000
0.000000
0.000000
0.000000
0.000000
0.000000
0.000000
0.000000
0.000000
0.000000
0.000000
0.006723
0.000794
0.000000
0.000000
0.000000
0.000000
0.000503
0.000529
0.000000
0.001187
0.000000
0.000000
0.000000
0.000000
0.000000
0.000000
0.000000
0.000000
0.000000
0.000000
0.000000
0.000000
0.000000
0.000000
0.000000
0.000000
0.000000
0.000000
0.000000
0.000000
0.000000
0.000000
0.000000
0.000000
0.000000
0.000000
0.000000
0.000000
0.001758
0.001729
0.009778
0.000000
0.000000
0.000000
0.000358
0.000445
0.001110
0.000056
0.000203
0.000500
0.000000
0.000000
0.000000
0.000000
0.000000
0.000027
0.000000
0.000000
0.000271
0.000000
0.000000
0.000000
0.000000
0.000000
0.000000
0.000000
0.000000
0.000000
0.000000
0.000000
0.000000
0.000000
0.000000
0.000000
0.000000
0.000000
0.000000
0.000000
0.000000
0.000000
0.001316
0.000000
0.001367
0.000253
0.000000
0.000096
0.000000
0.000000
0.000000
0.000052
0.000000
0.000038
0.000000
0.000000
0.000000
0.000000
0.000000
0.000000
0.000000
0.000000
0.000000
0.000000
0.000000
0.000000
0.000000
0.000000
0.000000
0.000000
0.000000
0.000000
0.000000
0.000000
0.000000
0.000000
0.000000
0.000000
0.000000
0.000000
0.000000
0.000000
0.007396
0.001087
0.000000
0.000326
0.000722
0.000000
0.000000
0.000000
0.000000
0.001133
0.000019
0.000000
0.000000
0.000000
0.000000
0.000032
0.000496
0.000000
0.000000
0.000000
0.000000
0.000000
0.000000
0.000000
0.000000
0.000000
0.000000
0.000000
0.000000
0.000000
0.000000
0.000000
0.000000
0.000000
0.000000
0.000000
0.000000
0.000000
0.000621
0.001524
0.006609
0.000255
0.000343
0.001302
0.000000
0.000000
0.000000
0.000120
0.000150
0.000238
0.000000
0.000000
0.000038
0.000000
0.000000
0.000230
0.000000
0.000000
0.000000
0.000000
0.000000
0.000000
0.000000
0.000000
0.000000
0.000000
0.000000
0.000000
0.000000
0.000000
0.000000
0.000000
0.000000
0.000000
0.000546
0.000000
0.000235
0.000267
0.000000
0.000067
0.001163
0.000000
0.000689
0.000000
0.000000
0.000000
0.000094
0.000000
0.000000
0.000119
0.000000
0.000259
0.000000
0.000000
0.000000
0.000000
0.000000
0.000000
0.000000
0.000000
0.000000
0.000000
0.000000
0.000000
0.000000
0.000000
0.000000
0.000000
0.000000
0.000000
0.000000
0.000000
0.000000
0.000000
0.000241
0.000488
0.000000
0.000753
0.000267
0.000000
0.000931
0.000968
0.000000
0.000000
0.000000
0.000000
0.000094
0.000000
0.000000
0.000125
0.000000
0.000000
0.000000
0.000028
0.000000
0.000000
0.000000
0.000000
0.000000
0.000000
0.000000
0.000000
0.000000
0.000000
0.000000
0.000000
0.000000
0.000000
0.000000
0.000000
0.000000
0.000000
0.000335
0.000210
0.002199
0.000511
0.000269
0.001428
0.000587
0.000736
0.005291
0.000000
0.000000
0.000139
0.000000
0.000086
0.000039
0.000000
0.000191
0.000323
0.000000
0.000000
0.000067
0.000000
0.000000
0.000000
0.000000
0.000000
0.000000
0.000000
0.000000
0.000000
0.000000
0.000000
0.000000
0.000000
0.000000
0.000000
0.000000
0.000000
0.000000
0.000168
0.000000
0.000047
0.000000
0.000000
0.000000
0.000000
0.000000
0.000000
0.000650
0.000000
0.000148
0.000000
0.000000
0.000000
0.000019
0.000000
0.000000
0.000590
0.000000
0.000000
0.000000
0.000000
0.000000
0.000000
0.000000
0.000000
0.000000
0.000000
0.000000
0.000000
0.000088
0.000000
0.000000
0.000000
0.000000
0.000000
0.000000
0.000000
0.000000
0.000443
0.000247
0.000000
0.000000
0.000000
0.000000
0.000070
0.000038
0.000000
0.001948
0.000135
0.000000
0.000000
0.000000
0.000000
0.000116
0.000000
0.001662
0.000143
0.000000
0.000000
0.000000
0.000000
0.000000
0.000000
0.000000
0.000000
0.000000
0.000000
0.000000
0.000028
0.000000
0.000000
0.000000
0.000000
0.000000
0.000000
0.000000
0.000000
0.000000
0.000334
0.000000
0.000000
0.000000
0.000000
0.000032
0.000077
0.000090
0.000357
0.000372
0.000000
0.000000
0.000000
0.000000
0.000000
0.000112
0.000294
0.000039
0.000000
0.000000
0.000000
0.000000
0.000000
0.000000
0.000000
0.000000
0.000000
0.000000
0.000000
0.000000
0.000000
0.000000
0.000000
0.000000
0.000000
0.000000
0.000000
0.000000
0.000000
0.000000
0.000027
0.000000
0.000000
0.000052
0.000000
0.000000
0.000000
0.000000
0.000000
0.000264
0.000000
0.000142
0.000075
0.000000
0.000000
0.000293
0.000000
0.000000
0.000000
0.000000
0.000000
0.000000
0.000000
0.000000
0.000000
0.000000
0.000000
0.000000
0.000000
0.000000
0.000000
0.000000
0.000000
0.000000
0.000000
0.000000
0.000000
0.000000
0.000000
0.000000
0.001089
0.000180
0.000000
0.000181
0.000146
0.000000
0.000000
0.000000
0.000000
0.002782
0.000126
0.000000
0.000169
0.000288
0.001882
0.000000
0.000000
0.000000
0.000000
0.000000
0.000000
0.000000
0.000000
0.000000
0.000000
0.000000
0.000000
0.000000
0.000000
0.000000
0.000064
0.000000
0.000000
0.000000
0.000000
0.000000
0.000000
0.000000
0.000381
0.000000
0.000269
0.000000
0.000000
0.000055
0.000000
0.000000
0.000000
0.000027
0.000188
0.000583
0.000000
0.000000
0.000060
0.000202
0.000000
0.000000
0.000000
0.000000
0.000000
0.000000
0.000000
0.000000
0.000000
0.000000
0.000000
0.000000
0.000000
0.000000
0.000000
0.000259
0.000000
0.000000
0.000000
0.000000
0.000000
0.000000
0.000000
0.000000
0.000000
0.000000
0.000039
0.000000
0.000055
0.000000
0.000000
0.000000
0.000000
0.000000
0.000000
0.000082
0.000000
0.000000
0.000119
0.000000
0.000000
0.000000
0.000000
0.000000
0.000000
0.000000
0.000000
0.000000
0.000000
0.000000
0.000000
0.000000
0.000000
0.000000
0.000000
0.000000
0.000000
0.000000
0.000000
0.000000
0.000038
0.000000
0.000000
0.000060
0.000000
0.000000
0.000140
0.000183
0.000000
0.000086
0.000000
0.000000
0.000172
0.000000
0.000000
0.000124
0.000000
0.000096
0.000000
0.000000
0.000000
0.000000
0.000000
0.000000
0.000000
0.000000
0.000000
0.000000
0.000000
0.000000
0.000000
0.000000
0.000000
0.000000
0.000000
0.000000
0.000000
0.000000
0.000000
0.000000
0.000000
0.000000
0.000000
0.000052
0.000106
0.000038
0.000387
0.000088
0.000000
0.000000
0.000000
0.000055
0.000286
0.000000
0.000038
0.000203
0.000208
0.000000
0.000000
0.000000
0.000000
0.000000
0.000000
0.000000
0.000000
0.000000
0.000000
0.000000
0.000000
0.000000
0.000000
0.000000
0.000000
0.000000
0.000000
0.000000
0.000000
0.000000
0.000000
0.000000
0.000000
0.000000
0.000000
0.000000
0.000000
0.000000
0.000383
0.000983
0.000271
0.000244
0.001773
0.000153
0.000000
0.000135
0.000080
0.450309
0.000000
0.000152
0.000000
0.000000
0.000000
0.000000
0.000000
0.000000
0.000000
0.000000
0.000000
0.001314
0.002647
0.000639
0.001786
0.005333
0.001853
0.000085
0.000311
0.000422
0.000000
0.000000
0.000000
0.000000
0.000000
0.000000
0.000000
0.000058
0.000077
0.000000
0.000000
0.000000
0.000052
0.000180
0.000000
0.000000
0.000000
0.000039
0.000000
0.000090
0.000000
0.000000
0.000000
0.000000
0.000000
0.000000
0.000032
0.000000
0.000000
0.000000
0.000000
0.000000
0.000055
0.000000
0.000039
0.000000
0.000000
0.000000
0.000088
0.000144
0.000400
0.000759
0.000000
0.000094
0.000161
0.000000
0.000437
0.000343
0.000000
0.000000
0.000000
0.000000
0.000117
0.000056
0.000000
0.000000
0.000000
0.000067
0.000000
0.040096
0.000000
0.000259
0.000260
0.000155
0.000189
0.000229
0.000055
0.000087
0.000615
0.000000
0.000037
0.000000
0.000000
0.000039
0.000000
0.000000
0.000000
0.000000
0.000000
0.000000
0.000000
0.000000
0.000000
0.000000
0.000000
0.000000
0.000000
0.000000
0.000000
0.000000
0.000000
0.000000
0.000000
0.000000
0.000000
0.000000
0.000000
0.000000
0.000095
0.010828
0.000000
0.004249
0.000000
0.000000
0.000000
0.002005
0.000000
0.001656
0.000409
0.000000
0.000199
0.000000
0.000000
0.000000
0.000000
0.000000
0.000072
0.000000
0.000000
0.000000
0.000000
0.000000
0.000000
0.000000
0.000000
0.000000
0.000000
0.000000
0.000000
0.000000
0.000000
0.000000
0.000000
0.000000
0.000000
0.000000
0.000000
0.000184
0.000000
0.005356
0.002392
0.000000
0.000000
0.000000
0.000000
0.001673
0.000305
0.000000
0.002222
0.000088
0.000000
0.000000
0.000000
0.000000
0.000028
0.000000
0.000000
0.000000
0.000000
0.000000
0.000000
0.000000
0.000000
0.000000
0.000000
0.000000
0.000000
0.000000
0.000000
0.000000
0.000000
0.000000
0.000000
0.000000
0.000000
0.000000
0.000640
0.004930
0.004380
0.049675
0.000000
0.000000
0.000000
0.000559
0.001445
0.008185
0.000211
0.002487
0.003096
0.000000
0.000000
0.000000
0.000000
0.000000
0.000145
0.000000
0.000000
0.000000
0.000000
0.000000
0.000000
0.000000
0.000000
0.000000
0.000000
0.000000
0.000000
0.000000
0.000000
0.000000
0.000000
0.000000
0.000000
0.000000
0.000000
0.000092
0.000000
0.000000
0.000000
0.010496
0.000000
0.005143
0.002545
0.000000
0.001095
0.000000
0.000000
0.000000
0.000120
0.000000
0.000258
0.000000
0.000000
0.000000
0.000000
0.000000
0.000000
0.000000
0.000000
0.000000
0.000000
0.000000
0.000000
0.000000
0.000000
0.000000
0.000000
0.000000
0.000000
0.000000
0.000000
0.000000
0.000000
0.000058
0.000150
0.000000
0.000000
0.000000
0.000000
0.012274
0.006217
0.000000
0.001187
0.001558
0.000000
0.000000
0.000000
0.000000
0.002110
0.000027
0.000000
0.000025
0.000039
0.000000
0.000000
0.000000
0.000000
0.000000
0.000000
0.000000
0.000000
0.000000
0.000000
0.000000
0.000000
0.000000
0.000000
0.000000
0.000000
0.000000
0.000000
0.000000
0.000000
0.000793
0.000000
0.000000
0.000000
0.006235
0.004789
0.041353
0.000944
0.001039
0.012417
0.000000
0.000000
0.000000
0.000110
0.000573
0.001491
0.000000
0.000000
0.000000
0.000000
0.000000
0.000000
0.000000
0.000000
0.000000
0.000000
0.000000
0.000000
0.000000
0.000000
0.000000
0.000000
0.000000
0.000000
0.000000
0.000000
0.000000
0.000000
0.000000
0.000111
0.000884
0.000000
0.002346
0.000985
0.000000
0.000664
0.005437
0.000000
0.004550
0.000195
0.000000
0.000000
0.000058
0.000000
0.000028
0.000419
0.000000
0.000177
0.000000
0.000000
0.000000
0.000000
0.000000
0.000000
0.000000
0.000000
0.000000
0.000000
0.000000
0.000000
0.000000
0.000000
0.000000
0.000000
0.000000
0.000000
0.000000
0.000000
0.000058
0.000000
0.001153
0.000584
0.000000
0.002464
0.000869
0.000000
0.005260
0.003314
0.000000
0.000336
0.000000
0.000000
0.000120
0.000039
0.000000
0.000179
0.000018
0.000000
0.000000
0.000000
0.000000
0.000000
0.000000
0.000000
0.000000
0.000000
0.000000
0.000000
0.000000
0.000000
0.000000
0.000000
0.000000
0.000000
0.000000
0.000000
0.000058
0.000714
0.002170
0.000545
0.013665
0.000493
0.001966
0.007795
0.004102
0.003228
0.035286
0.000259
0.000000
0.000394
0.000028
0.000738
0.000306
0.000131
0.000089
0.001047
0.000000
0.000000
0.000000
0.000000
0.000000
0.000000
0.000000
0.000000
0.000000
0.000000
0.000000
0.000000
0.000000
0.000000
0.000000
0.000000
0.000000
0.000000
0.002119
0.000000
0.000000
0.000582
0.000000
0.000293
0.000000
0.000000
0.000000
0.000000
0.000000
0.000129
0.001613
0.000155
0.000261
0.000000
0.000000
0.000000
0.000049
0.000000
0.000000
0.000000
0.000000
0.000000
0.000000
0.000000
0.000000
0.000000
0.000000
0.000000
0.000000
0.000038
0.000000
0.000000
0.000000
0.000000
0.000000
0.000000
0.000000
0.006502
0.000067
0.000000
0.000000
0.000537
0.000464
0.000000
0.000000
0.000000
0.000000
0.000038
0.000077
0.000000
0.005600
0.001449
0.000519
0.000000
0.000000
0.000000
0.000146
0.000207
0.000000
0.000000
0.000000
0.000000
0.000000
0.000000
0.000000
0.000000
0.000000
0.000000
0.000028
0.000000
0.000000
0.000000
0.000343
0.000000
0.000000
0.000032
0.000717
0.000039
0.000000
0.000036
0.000018
0.001629
0.000000
0.000000
0.000000
0.000000
0.000000
0.000722
0.000884
0.001943
0.000850
0.000000
0.000000
0.000000
0.000000
0.000000
0.000000
0.000000
0.000000
0.000000
0.000000
0.000000
0.000000
0.000000
0.000000
0.000000
0.000000
0.000000
0.000000
0.000000
0.000000
0.000000
0.000000
0.000000
0.000000
0.000778
0.000000
0.000032
0.000000
0.000000
0.000000
0.001276
0.000000
0.000319
0.000000
0.000000
0.000000
0.000000
0.000000
0.000000
0.001189
0.000000
0.000340
0.000259
0.000000
0.000236
0.000000
0.000000
0.000000
0.000000
0.000000
0.000000
0.000000
0.000000
0.000000
0.000000
0.000000
0.000000
0.000000
0.000259
0.000000
0.000000
0.000000
0.000000
0.005340
0.000052
0.000085
0.000000
0.000000
0.000000
0.000000
0.001483
0.001122
0.000000
0.000045
0.000202
0.000000
0.000000
0.000000
0.000000
0.005842
0.002589
0.000000
0.000000
0.000400
0.000000
0.000000
0.000000
0.000000
0.000000
0.000000
0.000000
0.000000
0.000000
0.000000
0.000000
0.000000
0.000000
0.000000
0.000000
0.000000
0.000000
0.000000
0.000703
0.000077
0.000085
0.000000
0.000000
0.000000
0.000109
0.000000
0.003793
0.000083
0.000000
0.000442
0.000000
0.000000
0.000000
0.000075
0.001510
0.001657
0.000000
0.000000
0.000401
0.000000
0.000000
0.000000
0.000000
0.000000
0.000000
0.000000
0.000000
0.000000
0.000000
0.000000
0.000000
0.000000
0.000000
0.000000
0.000000
0.000000
0.000000
0.000056
0.000055
0.000259
0.000085
0.000000
0.000000
0.000000
0.000000
0.000000
0.000000
0.000000
0.000049
0.000171
0.000000
0.000000
0.000323
0.000000
0.000000
0.000085
0.000000
0.000000
0.000000
0.000000
0.000000
0.000000
0.000000
0.000000
0.000000
0.000000
0.000000
0.000000
0.000000
0.000000
0.000000
0.000000
0.000000
0.000000
0.000000
0.000000
0.000298
0.000000
0.000000
0.000000
0.000000
0.000086
0.000000
0.000000
0.000058
0.000000
0.000000
0.000201
0.000000
0.000045
0.000000
0.000000
0.000135
0.000000
0.000000
0.000340
0.000112
0.000000
0.000000
0.000000
0.000000
0.000000
0.000000
0.000000
0.000000
0.000000
0.000000
0.000000
0.000000
0.000000
0.000000
0.000000
0.000000
0.000000
0.000000
0.000108
0.000000
0.000000
0.000000
0.000000
0.000257
0.000000
0.000000
0.000055
0.000123
0.000000
0.001433
0.000144
0.000056
0.000209
0.000064
0.000488
0.000217
0.000056
0.000157
0.000278
