0.010773
0.015184
0.007710
0.005137
0.014823
0.006046
0.001648
0.001474
0.001188
0.000598
0.002044
0.000248
0.000438
0.002158
0.000186
0.000012
0.000042
0.000008
0.473985
0.000117
0.028117
0.085368
0.059048
0.063533
0.058678
0.064966
0.042930
0.012767
0.008709
0.011000
0.001947
0.007629
0.000918
0.001408
0.007914
0.000850
0.000145
0.000172
0.000085
0.008621
0.000000
0.001419
0.000000
0.000000
0.000000
0.000477
0.000000
0.000056
0.000103
0.000000
0.000016
0.000000
0.000000
0.000000
0.000003
0.000000
0.000000
0.000000
0.000000
0.000076
0.000000
0.000000
0.000000
0.000000
0.000000
0.000000
0.000000
0.000000
0.000000
0.000000
0.000000
0.000000
0.000000
0.000000
0.000000
0.000000
0.000000
0.000000
0.000000
0.012721
0.001459
0.000000
0.000000
0.000000
0.000000
0.000366
0.000044
0.000000
0.000391
0.000015
0.000000
0.000000
0.000000
0.000000
0.000002
0.000000
0.000000
0.000002
0.000202
0.000000
0.000000
0.000000
0.000000
0.000000
0.000000
0.000000
0.000000
0.000000
0.000000
0.000000
0.000000
0.000000
0.000000
0.000000
0.000000
0.000000
0.000000
0.001550
0.001394
0.004256
0.000000
0.000000
0.000000
0.000046
0.000088
0.000197
0.000008
0.000064
0.000070
0.000000
0.000000
0.000000
0.000000
0.000000
0.000000
0.000000
0.000000
0.000054
0.000000
0.000000
0.000000
0.000000
0.000000
0.000000
0.000000
0.000000
0.000000
0.000000
0.000000
0.000000
0.000000
0.000000
0.000000
0.000000
0.000000
0.000000
0.000000
0.000000
0.000000
0.003680
0.000000
0.000951
0.000311
0.000000
0.000045
0.000000
0.000000
0.000000
0.000083
0.000000
0.000004
0.000000
0.000000
0.000000
0.000000
0.000000
0.000060
0.000000
0.000000
0.000000
0.000000
0.000000
0.000000
0.000000
0.000000
0.000000
0.000000
0.000000
0.000000
0.000000
0.000000
0.000000
0.000000
0.000000
0.000000
0.000000
0.000000
0.000000
0.000000
0.012347
0.001221
0.000000
0.000357
0.000088
0.000000
0.000000
0.000000
0.000000
0.000580
0.000016
0.000000
0.000002
0.000000
0.000000
0.000000
0.000092
0.000000
0.000000
0.000000
0.000000
0.000000
0.000000
0.000000
0.000000
0.000000
0.000000
0.000000
0.000000
0.000000
0.000000
0.000000
0.000000
0.000000
0.000000
0.000000
0.000000
0.000000
0.000819
0.001323
0.003435
0.000091
0.000034
0.000163
0.000000
0.000000
0.000000
0.000022
0.000074
0.000048
0.000000
0.000000
0.000000
0.000000
0.000003
0.000024
0.000000
0.000000
0.000000
0.000000
0.000000
0.000000
0.000000
0.000000
0.000000
0.000000
0.000000
0.000000
0.000000
0.000000
0.000000
0.000000
0.000000
0.000000
0.000303
0.000000
0.000100
0.000367
0.000000
0.000086
0.000598
0.000000
0.000154
0.000024
0.000000
0.000000
0.000000
0.000000
0.000000
0.000004
0.000000
0.000000
0.000000
0.000000
0.000004
0.000000
0.000000
0.000000
0.000000
0.000000
0.000000
0.000000
0.000000
0.000000
0.000000
0.000000
0.000000
0.000000
0.000000
0.000000
0.000000
0.000000
0.000000
0.000000
0.000314
0.000078
0.000000
0.000451
0.000014
0.000000
0.000481
0.000099
0.000000
0.000006
0.000000
0.000000
0.000009
0.000000
0.000000
0.000020
0.000000
0.000000
0.000000
0.000005
0.000000
0.000000
0.000000
0.000000
0.000000
0.000000
0.000000
0.000000
0.000000
0.000000
0.000000
0.000000
0.000000
0.000000
0.000000
0.000000
0.000000
0.000000
0.000089
0.000037
0.000214
0.000046
0.000092
0.000215
0.000083
0.000081
0.000312
0.000000
0.000000
0.000007
0.000000
0.000003
0.000000
0.000000
0.000000
0.000004
0.000000
0.000000
0.000008
0.000000
0.000000
0.000000
0.000000
0.000000
0.000000
0.000000
0.000000
0.000000
0.000000
0.000000
0.000000
0.000000
0.000000
0.000000
0.000000
0.000000
0.000000
0.000146
0.000000
0.000023
0.000000
0.000000
0.000000
0.000015
0.000000
0.000000
0.000236
0.000000
0.000016
0.000000
0.000000
0.000000
0.000000
0.000000
0.000000
0.000161
0.000003
0.000000
0.000000
0.000000
0.000000
0.000000
0.000000
0.000000
0.000000
0.000000
0.000000
0.000000
0.000000
0.000000
0.000000
0.000000
0.000000
0.000000
0.000000
0.000000
0.000000
0.000576
0.000053
0.000000
0.000000
0.000000
0.000000
0.000025
0.000000
0.000000
0.000806
0.000042
0.000000
0.000000
0.000000
0.000000
0.000000
0.000000
0.000485
0.000024
0.000021
0.000000
0.000000
0.000000
0.000000
0.000000
0.000000
0.000000
0.000000
0.000000
0.000000
0.000000
0.000000
0.000000
0.000000
0.000000
0.000000
0.000018
0.000000
0.000022
0.000003
0.000076
0.000000
0.000000
0.000000
0.000000
0.000000
0.000003
0.000023
0.000051
0.000034
0.000000
0.000000
0.000000
0.000000
0.000000
0.000000
0.000028
0.000008
0.000000
0.000000
0.000000
0.000000
0.000000
0.000000
0.000000
0.000000
0.000000
0.000000
0.000000
0.000000
0.000000
0.000000
0.000000
0.000000
0.000000
0.000000
0.000000
0.000000
0.000000
0.000000
0.000133
0.000000
0.000016
0.000003
0.000000
0.000000
0.000000
0.000000
0.000000
0.000152
0.000000
0.000021
0.000000
0.000000
0.000000
0.000109
0.000000
0.000004
0.000000
0.000000
0.000000
0.000000
0.000000
0.000000
0.000000
0.000000
0.000000
0.000000
0.000000
0.000000
0.000000
0.000000
0.000000
0.000000
0.000000
0.000000
0.000000
0.000000
0.000000
0.000000
0.000529
0.000022
0.000000
0.000026
0.000006
0.000000
0.000000
0.000000
0.000000
0.000811
0.000064
0.000000
0.000008
0.000002
0.000662
0.000000
0.000000
0.000000
0.000000
0.000000
0.000000
0.000000
0.000000
0.000000
0.000000
0.000000
0.000000
0.000014
0.000000
0.000000
0.000002
0.000000
0.000000
0.000000
0.000000
0.000000
0.000000
0.000000
0.000035
0.000000
0.000067
0.000000
0.000000
0.000005
0.000000
0.000000
0.000000
0.000016
0.000024
0.000012
0.000000
0.000000
0.000000
0.000026
0.000000
0.000000
0.000000
0.000000
0.000000
0.000000
0.000000
0.000000
0.000000
0.000000
0.000000
0.000000
0.000000
0.000000
0.000000
0.000002
0.000000
0.000000
0.000000
0.000000
0.000000
0.000000
0.000000
0.000000
0.000000
0.000000
0.000003
0.000000
0.000000
0.000002
0.000000
0.000000
0.000002
0.000000
0.000000
0.000002
0.000000
0.000000
0.000003
0.000000
0.000000
0.000000
0.000000
0.000000
0.000000
0.000000
0.000000
0.000000
0.000000
0.000000
0.000000
0.000000
0.000000
0.000000
0.000000
0.000000
0.000000
0.000000
0.000000
0.000000
0.000004
0.000000
0.000000
0.000000
0.000000
0.000000
0.000004
0.000006
0.000000
0.000012
0.000000
0.000000
0.000008
0.000000
0.000000
0.000004
0.000002
0.000004
0.000000
0.000000
0.000000
0.000000
0.000000
0.000000
0.000000
0.000000
0.000000
0.000000
0.000000
0.000000
0.000000
0.000000
0.000000
0.000000
0.000000
0.000000
0.000000
0.000000
0.000000
0.000000
0.000002
0.000000
0.000000
0.000000
0.000000
0.000000
0.000002
0.000002
0.000000
0.000003
0.000000
0.000000
0.000000
0.000000
0.000000
0.000000
0.000000
0.000000
0.000000
0.000000
0.000000
0.000000
0.000000
0.000000
0.000000
0.000000
0.000000
0.000000
0.000000
0.000000
0.000000
0.000000
0.000000
0.000000
0.000000
0.000000
0.000000
0.000000
0.000000
0.000000
0.000000
0.000000
0.000000
0.000000
0.000000
0.000000
0.000200
0.000694
0.000046
0.000164
0.000608
0.000018
0.000003
0.000007
0.000000
0.465649
0.000000
0.000002
0.000000
0.000000
0.000000
0.000000
0.000000
0.000000
0.000000
0.000000
0.000000
0.000593
0.001892
0.000153
0.000570
0.002205
0.000127
0.000029
0.000014
0.000002
0.000004
0.000021
0.000000
0.000000
0.000002
0.000000
0.000000
0.000003
0.000000
0.000000
0.000000
0.000000
0.000000
0.000015
0.000003
0.000000
0.000000
0.000000
0.000000
0.000029
0.000000
0.000000
0.000012
0.000000
0.000003
0.000002
0.000000
0.000000
0.000003
0.000000
0.000000
0.000004
0.000012
0.000000
0.000000
0.000000
0.000000
0.000004
0.000000
0.000049
0.000098
0.000040
0.000060
0.000095
0.000019
0.000024
0.000012
0.000011
0.000000
0.000000
0.000000
0.000000
0.000000
0.000000
0.000000
0.000000
0.000000
0.000019
0.000000
0.027141
0.000124
0.000048
0.000103
0.000118
0.000066
0.000082
0.000026
0.000012
0.000025
0.000000
0.000003
0.000000
0.000000
0.000004
0.000000
0.000000
0.000000
0.000000
0.000000
0.000000
0.000000
0.000000
0.000000
0.000000
0.000000
0.000000
0.000000
0.000000
0.000000
0.000000
0.000000
0.000000
0.000000
0.000000
0.000000
0.000000
0.000000
0.000000
0.000083
0.066790
0.000000
0.014752
0.000000
0.000000
0.000000
0.002831
0.000000
0.000650
0.000432
0.000000
0.000040
0.000000
0.000000
0.000000
0.000022
0.000000
0.000009
0.000000
0.000000
0.000000
0.000000
0.000000
0.000000
0.000000
0.000000
0.000000
0.000000
0.000000
0.000000
0.000000
0.000000
0.000000
0.000000
0.000000
0.000000
0.000000
0.000021
0.000062
0.000000
0.043002
0.011121
0.000000
0.000000
0.000000
0.000000
0.002172
0.000463
0.000000
0.002332
0.000034
0.000000
0.000000
0.000000
0.000000
0.000008
0.000000
0.000000
0.000000
0.000000
0.000000
0.000000
0.000000
0.000000
0.000000
0.000000
0.000000
0.000000
0.000000
0.000000
0.000000
0.000000
0.000000
0.000000
0.000000
0.000000
0.000000
0.000070
0.013716
0.012912
0.033579
0.000000
0.000000
0.000000
0.000624
0.000515
0.001622
0.000085
0.000299
0.000275
0.000000
0.000000
0.000000
0.000004
0.000003
0.000017
0.000000
0.000000
0.000000
0.000000
0.000000
0.000000
0.000000
0.000000
0.000000
0.000000
0.000000
0.000000
0.000000
0.000000
0.000000
0.000000
0.000000
0.000000
0.000000
0.000000
0.000044
0.000000
0.000000
0.000000
0.046472
0.000000
0.008508
0.002898
0.000000
0.000585
0.000000
0.000000
0.000000
0.000221
0.000000
0.000068
0.000003
0.000000
0.000000
0.000000
0.000000
0.000000
0.000000
0.000000
0.000000
0.000000
0.000000
0.000000
0.000000
0.000000
0.000000
0.000000
0.000000
0.000000
0.000000
0.000000
0.000000
0.000000
0.000005
0.000140
0.000000
0.000000
0.000000
0.000000
0.051602
0.008507
0.000000
0.001951
0.000830
0.000000
0.000000
0.000000
0.000000
0.002014
0.000037
0.000000
0.000000
0.000004
0.000000
0.000000
0.000000
0.000000
0.000000
0.000000
0.000000
0.000000
0.000000
0.000000
0.000000
0.000000
0.000000
0.000000
0.000000
0.000000
0.000000
0.000000
0.000000
0.000000
0.000028
0.000000
0.000000
0.000000
0.008656
0.007758
0.022914
0.000604
0.000440
0.002051
0.000000
0.000000
0.000000
0.000044
0.000277
0.000251
0.000000
0.000000
0.000000
0.000000
0.000000
0.000000
0.000000
0.000000
0.000000
0.000000
0.000000
0.000000
0.000000
0.000000
0.000000
0.000000
0.000000
0.000000
0.000000
0.000000
0.000000
0.000000
0.000000
0.000010
0.003375
0.000000
0.000659
0.002438
0.000000
0.000707
0.004564
0.000000
0.000958
0.000035
0.000000
0.000004
0.000019
0.000000
0.000000
0.000035
0.000000
0.000002
0.000000
0.000000
0.000000
0.000000
0.000000
0.000000
0.000000
0.000000
0.000000
0.000000
0.000000
0.000000
0.000000
0.000000
0.000000
0.000000
0.000000
0.000000
0.000000
0.000000
0.000011
0.000000
0.001608
0.000671
0.000000
0.002378
0.000280
0.000000
0.002595
0.000992
0.000000
0.000003
0.000000
0.000000
0.000142
0.000000
0.000000
0.000051
0.000000
0.000000
0.000000
0.000000
0.000000
0.000000
0.000000
0.000000
0.000000
0.000000
0.000000
0.000000
0.000000
0.000000
0.000000
0.000000
0.000000
0.000000
0.000000
0.000000
0.000000
0.000010
0.001112
0.000401
0.001986
0.000578
0.000677
0.001331
0.001196
0.000871
0.002757
0.000002
0.000032
0.000004
0.000004
0.000019
0.000023
0.000004
0.000008
0.000013
0.000000
0.000000
0.000000
0.000000
0.000000
0.000000
0.000000
0.000000
0.000000
0.000000
0.000000
0.000000
0.000000
0.000000
0.000000
0.000000
0.000000
0.000000
0.000619
0.000000
0.000000
0.000379
0.000000
0.000112
0.000000
0.000000
0.000000
0.000019
0.000000
0.000000
0.000711
0.000000
0.000091
0.000011
0.000000
0.000000
0.000008
0.000000
0.000000
0.000000
0.000000
0.000000
0.000000
0.000000
0.000000
0.000000
0.000000
0.000000
0.000000
0.000016
0.000000
0.000000
0.000000
0.000000
0.000000
0.000000
0.000000
0.002853
0.000000
0.000000
0.000000
0.001204
0.000357
0.000000
0.000000
0.000000
0.000000
0.000057
0.000018
0.000013
0.002854
0.000229
0.000000
0.000000
0.000000
0.000000
0.000020
0.000003
0.000000
0.000000
0.000000
0.000000
0.000000
0.000000
0.000000
0.000000
0.000000
0.000000
0.000000
0.000000
0.000000
0.000000
0.000000
0.000000
0.000000
0.000000
0.000095
0.000004
0.000000
0.000096
0.000021
0.000367
0.000000
0.000000
0.000000
0.000000
0.000000
0.000000
0.000050
0.000203
0.000080
0.000000
0.000000
0.000000
0.000000
0.000000
0.000000
0.000000
0.000000
0.000000
0.000000
0.000000
0.000000
0.000000
0.000000
0.000000
0.000000
0.000000
0.000000
0.000000
0.000000
0.000000
0.000000
0.000000
0.000000
0.000369
0.000000
0.000000
0.000000
0.000000
0.000000
0.000451
0.000000
0.000040
0.000032
0.000000
0.000005
0.000000
0.000000
0.000000
0.000457
0.000000
0.000056
0.000000
0.000000
0.000000
0.000000
0.000000
0.000000
0.000000
0.000000
0.000000
0.000000
0.000000
0.000000
0.000000
0.000007
0.000000
0.000000
0.000031
0.000000
0.000000
0.000000
0.000000
0.002638
0.000015
0.000011
0.000000
0.000000
0.000000
0.000000
0.001564
0.000397
0.000000
0.000030
0.000032
0.000000
0.000000
0.000000
0.000000
0.002996
0.000167
0.000000
0.000024
0.000017
0.000000
0.000000
0.000000
0.000000
0.000000
0.000000
0.000000
0.000000
0.000000
0.000000
0.000000
0.000000
0.000000
0.000000
0.000000
0.000000
0.000000
0.000000
0.000141
0.000003
0.000000
0.000000
0.000000
0.000000
0.000081
0.000018
0.000233
0.000000
0.000002
0.000012
0.000000
0.000000
0.000000
0.000045
0.000197
0.000117
0.000000
0.000000
0.000004
0.000000
0.000000
0.000000
0.000000
0.000000
0.000000
0.000000
0.000000
0.000000
0.000000
0.000000
0.000000
0.000000
0.000000
0.000000
0.000000
0.000000
0.000000
0.000027
0.000000
0.000000
0.000014
0.000000
0.000000
0.000004
0.000000
0.000000
0.000013
0.000000
0.000002
0.000026
0.000000
0.000000
0.000019
0.000000
0.000000
0.000036
0.000000
0.000004
0.000000
0.000000
0.000000
0.000000
0.000000
0.000000
0.000000
0.000000
0.000000
0.000000
0.000000
0.000000
0.000000
0.000000
0.000000
0.000000
0.000000
0.000000
0.000012
0.000000
0.000000
0.000000
0.000007
0.000006
0.000000
0.000007
0.000026
0.000000
0.000029
0.000000
0.000000
0.000003
0.000000
0.000000
0.000055
0.000000
0.000000
0.000022
0.000006
0.000000
0.000000
0.000000
0.000000
0.000000
0.000000
0.000000
0.000000
0.000000
0.000000
0.000000
0.000000
0.000000
0.000000
0.000000
0.000000
0.000000
0.000000
0.000006
0.000000
0.000000
0.000000
0.000000
0.000008
0.000000
0.000000
0.000003
0.000000
0.000000
0.000026
0.000004
0.000006
0.000000
0.000017
0.000003
0.000006
0.000004
0.000000
0.000004
