0.007856
0.011767
0.010939
0.003189
0.011435
0.008155
0.002017
0.002172
0.003015
0.000846
0.002978
0.000720
0.000690
0.003420
0.000647
0.000096
0.000181
0.000056
0.466701
0.000383
0.029286
0.060961
0.038013
0.090299
0.043195
0.049543
0.059126
0.017306
0.010930
0.026621
0.002964
0.011954
0.003422
0.002260
0.012456
0.002659
0.000465
0.000669
0.000605
0.005528
0.000000
0.001446
0.000000
0.000000
0.000000
0.000474
0.000000
0.000209
0.000089
0.000000
0.000033
0.000000
0.000000
0.000000
0.000005
0.000000
0.000000
0.000000
0.000000
0.000101
0.000000
0.000000
0.000000
0.000000
0.000000
0.000000
0.000000
0.000000
0.000000
0.000000
0.000000
0.000000
0.000000
0.000000
0.000000
0.000000
0.000000
0.000000
0.000000
0.008817
0.001611
0.000000
0.000000
0.000000
0.000000
0.000528
0.000038
0.000000
0.000448
0.000003
0.000000
0.000000
0.000000
0.000000
0.000009
0.000000
0.000000
0.000045
0.000283
0.000000
0.000000
0.000000
0.000000
0.000000
0.000000
0.000000
0.000000
0.000000
0.000000
0.000000
0.000000
0.000000
0.000000
0.000000
0.000000
0.000000
0.000000
0.001601
0.001654
0.006489
0.000000
0.000000
0.000000
0.000063
0.000057
0.000556
0.000012
0.000120
0.000243
0.000000
0.000000
0.000000
0.000000
0.000000
0.000000
0.000000
0.000013
0.000142
0.000000
0.000000
0.000000
0.000000
0.000000
0.000000
0.000000
0.000000
0.000000
0.000000
0.000000
0.000000
0.000000
0.000000
0.000000
0.000000
0.000000
0.000000
0.000000
0.000000
0.000000
0.001957
0.000000
0.000839
0.000216
0.000000
0.000030
0.000000
0.000000
0.000000
0.000088
0.000000
0.000003
0.000003
0.000000
0.000000
0.000000
0.000000
0.000062
0.000000
0.000000
0.000000
0.000000
0.000000
0.000000
0.000000
0.000000
0.000000
0.000000
0.000000
0.000000
0.000000
0.000000
0.000000
0.000000
0.000000
0.000000
0.000000
0.000000
0.000000
0.000000
0.008538
0.001313
0.000000
0.000450
0.000119
0.000000
0.000000
0.000000
0.000000
0.000708
0.000026
0.000000
0.000020
0.000003
0.000000
0.000000
0.000133
0.000000
0.000000
0.000000
0.000000
0.000000
0.000000
0.000000
0.000000
0.000000
0.000000
0.000000
0.000000
0.000000
0.000000
0.000000
0.000000
0.000000
0.000000
0.000000
0.000000
0.000000
0.000743
0.001561
0.004781
0.000109
0.000077
0.000506
0.000000
0.000000
0.000000
0.000052
0.000061
0.000152
0.000000
0.000000
0.000000
0.000000
0.000005
0.000057
0.000000
0.000000
0.000000
0.000000
0.000000
0.000000
0.000000
0.000000
0.000000
0.000000
0.000000
0.000000
0.000000
0.000000
0.000000
0.000000
0.000000
0.000000
0.000304
0.000000
0.000089
0.000264
0.000000
0.000225
0.000851
0.000000
0.000248
0.000006
0.000000
0.000000
0.000005
0.000000
0.000003
0.000013
0.000000
0.000006
0.000000
0.000000
0.000011
0.000000
0.000000
0.000000
0.000000
0.000000
0.000000
0.000000
0.000000
0.000000
0.000000
0.000000
0.000000
0.000000
0.000000
0.000000
0.000000
0.000000
0.000000
0.000000
0.000350
0.000074
0.000000
0.000433
0.000095
0.000000
0.000677
0.000244
0.000000
0.000052
0.000000
0.000000
0.000085
0.000000
0.000000
0.000057
0.000000
0.000000
0.000000
0.000021
0.000000
0.000000
0.000000
0.000000
0.000000
0.000000
0.000000
0.000000
0.000000
0.000000
0.000000
0.000000
0.000000
0.000000
0.000000
0.000000
0.000000
0.000000
0.000148
0.000068
0.000559
0.000059
0.000146
0.000378
0.000193
0.000267
0.000957
0.000007
0.000000
0.000005
0.000006
0.000042
0.000082
0.000033
0.000022
0.000005
0.000000
0.000000
0.000028
0.000000
0.000000
0.000000
0.000000
0.000000
0.000000
0.000000
0.000000
0.000000
0.000000
0.000000
0.000000
0.000000
0.000000
0.000000
0.000000
0.000000
0.000000
0.000184
0.000000
0.000029
0.000000
0.000000
0.000000
0.000032
0.000000
0.000000
0.000290
0.000000
0.000042
0.000000
0.000000
0.000000
0.000024
0.000000
0.000004
0.000245
0.000000
0.000000
0.000000
0.000000
0.000000
0.000000
0.000000
0.000000
0.000000
0.000000
0.000000
0.000000
0.000000
0.000000
0.000000
0.000000
0.000000
0.000000
0.000000
0.000000
0.000000
0.000646
0.000270
0.000000
0.000000
0.000000
0.000000
0.000027
0.000012
0.000000
0.001115
0.000121
0.000000
0.000000
0.000000
0.000000
0.000016
0.000000
0.000714
0.000030
0.000017
0.000000
0.000000
0.000000
0.000000
0.000000
0.000000
0.000000
0.000000
0.000000
0.000000
0.000025
0.000000
0.000000
0.000000
0.000000
0.000000
0.000000
0.000000
0.000028
0.000013
0.000253
0.000000
0.000000
0.000000
0.000005
0.000000
0.000007
0.000081
0.000107
0.000117
0.000000
0.000000
0.000000
0.000000
0.000000
0.000000
0.000108
0.000000
0.000005
0.000000
0.000000
0.000000
0.000000
0.000000
0.000000
0.000000
0.000000
0.000000
0.000000
0.000000
0.000000
0.000000
0.000000
0.000000
0.000000
0.000000
0.000000
0.000000
0.000000
0.000000
0.000068
0.000000
0.000078
0.000027
0.000000
0.000000
0.000000
0.000000
0.000000
0.000255
0.000000
0.000090
0.000003
0.000000
0.000000
0.000165
0.000000
0.000007
0.000000
0.000000
0.000000
0.000000
0.000000
0.000000
0.000000
0.000000
0.000000
0.000000
0.000000
0.000000
0.000000
0.000000
0.000000
0.000000
0.000000
0.000000
0.000000
0.000000
0.000000
0.000000
0.000668
0.000126
0.000000
0.000059
0.000009
0.000000
0.000000
0.000000
0.000000
0.001322
0.000102
0.000000
0.000017
0.000023
0.000977
0.000026
0.000017
0.000000
0.000000
0.000000
0.000000
0.000000
0.000000
0.000000
0.000000
0.000000
0.000000
0.000000
0.000000
0.000000
0.000008
0.000004
0.000000
0.000000
0.000000
0.000000
0.000000
0.000000
0.000015
0.000008
0.000219
0.000000
0.000000
0.000056
0.000000
0.000000
0.000000
0.000033
0.000139
0.000083
0.000000
0.000000
0.000003
0.000090
0.000003
0.000000
0.000000
0.000000
0.000000
0.000000
0.000000
0.000000
0.000000
0.000000
0.000000
0.000000
0.000000
0.000000
0.000000
0.000000
0.000000
0.000000
0.000000
0.000000
0.000000
0.000000
0.000000
0.000000
0.000000
0.000000
0.000030
0.000000
0.000000
0.000039
0.000000
0.000000
0.000003
0.000000
0.000000
0.000009
0.000000
0.000003
0.000009
0.000004
0.000000
0.000000
0.000000
0.000000
0.000000
0.000000
0.000000
0.000000
0.000000
0.000000
0.000000
0.000000
0.000000
0.000000
0.000000
0.000000
0.000000
0.000000
0.000000
0.000000
0.000000
0.000006
0.000000
0.000000
0.000000
0.000000
0.000036
0.000002
0.000000
0.000033
0.000000
0.000000
0.000046
0.000000
0.000000
0.000026
0.000004
0.000029
0.000000
0.000000
0.000000
0.000000
0.000000
0.000000
0.000000
0.000000
0.000000
0.000000
0.000000
0.000000
0.000000
0.000000
0.000000
0.000000
0.000000
0.000000
0.000000
0.000000
0.000013
0.000000
0.000007
0.000000
0.000000
0.000000
0.000000
0.000000
0.000020
0.000007
0.000000
0.000000
0.000000
0.000000
0.000000
0.000000
0.000000
0.000003
0.000000
0.000006
0.000000
0.000000
0.000000
0.000000
0.000000
0.000000
0.000000
0.000000
0.000000
0.000000
0.000000
0.000000
0.000000
0.000000
0.000000
0.000000
0.000000
0.000000
0.000000
0.000000
0.000000
0.000000
0.000000
0.000000
0.000000
0.000000
0.000000
0.000000
0.000301
0.001049
0.000139
0.000218
0.000901
0.000099
0.000006
0.000015
0.000000
0.453252
0.000000
0.000022
0.000000
0.000000
0.000000
0.000000
0.000000
0.000000
0.000000
0.000000
0.000000
0.000889
0.002823
0.000549
0.000895
0.003512
0.000348
0.000047
0.000045
0.000034
0.000000
0.000035
0.000000
0.000000
0.000005
0.000000
0.000000
0.000005
0.000000
0.000007
0.000033
0.000004
0.000000
0.000069
0.000005
0.000000
0.000000
0.000000
0.000000
0.000091
0.000000
0.000000
0.000021
0.000020
0.000005
0.000004
0.000000
0.000000
0.000000
0.000000
0.000000
0.000034
0.000000
0.000000
0.000006
0.000000
0.000000
0.000013
0.000030
0.000060
0.000146
0.000130
0.000080
0.000094
0.000107
0.000026
0.000000
0.000015
0.000000
0.000004
0.000012
0.000000
0.000006
0.000000
0.000000
0.000000
0.000000
0.000022
0.000000
0.027681
0.000148
0.000052
0.000202
0.000113
0.000081
0.000179
0.000101
0.000003
0.000105
0.000006
0.000009
0.000000
0.000000
0.000013
0.000000
0.000000
0.000000
0.000000
0.000000
0.000000
0.000000
0.000000
0.000000
0.000000
0.000000
0.000000
0.000000
0.000000
0.000000
0.000000
0.000000
0.000000
0.000000
0.000000
0.000000
0.000000
0.000000
0.000000
0.000065
0.042123
0.000000
0.014177
0.000000
0.000000
0.000000
0.003163
0.000000
0.000947
0.000578
0.000000
0.000148
0.000000
0.000000
0.000000
0.000033
0.000000
0.000015
0.000000
0.000000
0.000000
0.000000
0.000000
0.000000
0.000000
0.000000
0.000000
0.000000
0.000000
0.000000
0.000000
0.000000
0.000000
0.000000
0.000000
0.000000
0.000000
0.000035
0.000100
0.000000
0.022740
0.009295
0.000000
0.000000
0.000000
0.000000
0.002086
0.000838
0.000000
0.002925
0.000074
0.000000
0.000000
0.000000
0.000000
0.000096
0.000000
0.000000
0.000000
0.000000
0.000000
0.000000
0.000000
0.000000
0.000000
0.000000
0.000000
0.000000
0.000000
0.000000
0.000000
0.000000
0.000000
0.000000
0.000000
0.000000
0.000007
0.000155
0.013517
0.011945
0.057360
0.000000
0.000000
0.000000
0.000773
0.000915
0.004061
0.000125
0.000888
0.000930
0.000000
0.000000
0.000000
0.000006
0.000009
0.000046
0.000000
0.000000
0.000000
0.000000
0.000000
0.000000
0.000000
0.000000
0.000000
0.000000
0.000000
0.000000
0.000000
0.000000
0.000000
0.000000
0.000000
0.000000
0.000000
0.000000
0.000061
0.000000
0.000000
0.000000
0.030760
0.000000
0.008170
0.003045
0.000000
0.001003
0.000000
0.000000
0.000000
0.000197
0.000000
0.000083
0.000015
0.000000
0.000000
0.000000
0.000000
0.000000
0.000000
0.000000
0.000000
0.000000
0.000000
0.000000
0.000000
0.000000
0.000000
0.000000
0.000000
0.000000
0.000000
0.000000
0.000000
0.000000
0.000010
0.000171
0.000000
0.000000
0.000000
0.000000
0.034623
0.009094
0.000000
0.001660
0.001673
0.000000
0.000000
0.000000
0.000000
0.002438
0.000016
0.000000
0.000005
0.000000
0.000000
0.000000
0.000000
0.000000
0.000000
0.000000
0.000000
0.000000
0.000000
0.000000
0.000000
0.000000
0.000000
0.000000
0.000000
0.000000
0.000000
0.000000
0.000000
0.000005
0.000085
0.000000
0.000000
0.000000
0.008585
0.007919
0.035580
0.000947
0.000657
0.004162
0.000000
0.000000
0.000000
0.000068
0.000556
0.000746
0.000009
0.000000
0.000012
0.000000
0.000000
0.000000
0.000000
0.000000
0.000000
0.000000
0.000000
0.000000
0.000000
0.000000
0.000000
0.000000
0.000000
0.000000
0.000000
0.000000
0.000000
0.000000
0.000000
0.000017
0.002959
0.000000
0.001715
0.002296
0.000000
0.000987
0.006904
0.000000
0.002217
0.000017
0.000000
0.000006
0.000075
0.000000
0.000031
0.000119
0.000000
0.000055
0.000000
0.000000
0.000000
0.000000
0.000000
0.000000
0.000000
0.000000
0.000000
0.000000
0.000000
0.000000
0.000000
0.000000
0.000000
0.000000
0.000000
0.000000
0.000000
0.000000
0.000030
0.000000
0.001446
0.000800
0.000000
0.002511
0.000500
0.000000
0.003683
0.001541
0.000000
0.000042
0.000008
0.000000
0.000175
0.000024
0.000000
0.000188
0.000029
0.000000
0.000000
0.000000
0.000000
0.000000
0.000000
0.000000
0.000000
0.000000
0.000000
0.000000
0.000000
0.000000
0.000000
0.000000
0.000000
0.000000
0.000000
0.000000
0.000000
0.000029
0.001599
0.000684
0.005184
0.000856
0.001139
0.002923
0.002292
0.001731
0.009692
0.000004
0.000043
0.000050
0.000006
0.000132
0.000147
0.000039
0.000049
0.000146
0.000000
0.000000
0.000000
0.000000
0.000000
0.000000
0.000000
0.000000
0.000000
0.000000
0.000000
0.000000
0.000000
0.000000
0.000000
0.000000
0.000000
0.000000
0.000945
0.000000
0.000000
0.000529
0.000000
0.000165
0.000000
0.000000
0.000000
0.000028
0.000000
0.000000
0.001056
0.000000
0.000203
0.000000
0.000000
0.000000
0.000040
0.000000
0.000009
0.000000
0.000000
0.000000
0.000000
0.000000
0.000000
0.000000
0.000000
0.000000
0.000007
0.000027
0.000000
0.000000
0.000000
0.000000
0.000000
0.000000
0.000000
0.004482
0.000004
0.000000
0.000000
0.001249
0.000637
0.000000
0.000000
0.000000
0.000000
0.000046
0.000011
0.000027
0.004555
0.000782
0.000000
0.000000
0.000000
0.000000
0.000107
0.000036
0.000000
0.000000
0.000000
0.000000
0.000000
0.000000
0.000000
0.000000
0.000000
0.000000
0.000000
0.000000
0.000000
0.000000
0.000000
0.000000
0.000000
0.000000
0.000385
0.000027
0.000019
0.000363
0.000040
0.001101
0.000000
0.000000
0.000000
0.000000
0.000000
0.000036
0.000171
0.000591
0.000688
0.000000
0.000000
0.000000
0.000000
0.000000
0.000012
0.000000
0.000000
0.000000
0.000000
0.000000
0.000000
0.000000
0.000000
0.000000
0.000000
0.000000
0.000000
0.000000
0.000000
0.000000
0.000000
0.000000
0.000000
0.000534
0.000000
0.000000
0.000000
0.000000
0.000000
0.000503
0.000000
0.000126
0.000086
0.000000
0.000011
0.000000
0.000000
0.000000
0.000827
0.000000
0.000122
0.000027
0.000000
0.000019
0.000000
0.000000
0.000000
0.000000
0.000000
0.000000
0.000000
0.000000
0.000000
0.000000
0.000000
0.000005
0.000033
0.000051
0.000005
0.000000
0.000000
0.000003
0.004047
0.000069
0.000049
0.000000
0.000000
0.000000
0.000000
0.001720
0.000748
0.000000
0.000082
0.000111
0.000000
0.000000
0.000000
0.000000
0.004679
0.000719
0.000000
0.000054
0.000077
0.000000
0.000000
0.000000
0.000000
0.000000
0.000000
0.000000
0.000000
0.000000
0.000000
0.000000
0.000000
0.000000
0.000000
0.000000
0.000000
0.000000
0.000000
0.000322
0.000007
0.000000
0.000000
0.000000
0.000000
0.000190
0.000052
0.000915
0.000010
0.000004
0.000043
0.000000
0.000000
0.000000
0.000124
0.000581
0.000379
0.000000
0.000000
0.000019
0.000000
0.000000
0.000000
0.000000
0.000000
0.000000
0.000000
0.000000
0.000000
0.000000
0.000000
0.000000
0.000000
0.000000
0.000000
0.000000
0.000000
0.000000
0.000096
0.000000
0.000000
0.000006
0.000000
0.000023
0.000023
0.000000
0.000000
0.000029
0.000000
0.000015
0.000095
0.000000
0.000000
0.000072
0.000000
0.000018
0.000081
0.000000
0.000007
0.000000
0.000000
0.000000
0.000000
0.000000
0.000000
0.000000
0.000000
0.000000
0.000000
0.000000
0.000000
0.000000
0.000000
0.000000
0.000000
0.000000
0.000000
0.000082
0.000000
0.000000
0.000000
0.000012
0.000012
0.000000
0.000009
0.000012
0.000000
0.000083
0.000091
0.000000
0.000011
0.000000
0.000000
0.000260
0.000002
0.000000
0.000086
0.000012
0.000000
0.000000
0.000000
0.000000
0.000000
0.000000
0.000000
0.000000
0.000000
0.000000
0.000000
0.000000
0.000000
0.000000
0.000000
0.000000
0.000000
0.000000
0.000031
0.000000
0.000000
0.000000
0.000000
0.000056
0.000000
0.000000
0.000060
0.000012
0.000000
0.000126
0.000000
0.000067
0.000000
0.000003
0.000128
0.000019
0.000048
0.000007
0.000051
