0.010697
0.015195
0.011454
0.006142
0.017802
0.008677
0.003130
0.003512
0.004017
0.001014
0.002574
0.000549
0.000507
0.003981
0.000663
0.000109
0.000169
0.000242
0.496889
0.000061
0.041234
0.043243
0.032123
0.064677
0.040614
0.048638
0.057406
0.017870
0.012463
0.023468
0.003162
0.009360
0.001673
0.002852
0.010840
0.002069
0.000100
0.000379
0.000441
0.007136
0.000000
0.002205
0.000000
0.000000
0.000000
0.000694
0.000000
0.000271
0.000286
0.000000
0.000071
0.000000
0.000000
0.000000
0.000041
0.000000
0.000000
0.000000
0.000000
0.000020
0.000000
0.000000
0.000000
0.000000
0.000000
0.000000
0.000000
0.000000
0.000000
0.000000
0.000000
0.000000
0.000000
0.000000
0.000000
0.000000
0.000000
0.000000
0.000000
0.011914
0.001874
0.000000
0.000000
0.000000
0.000000
0.000605
0.000105
0.000000
0.000705
0.000000
0.000000
0.000000
0.000000
0.000000
0.000029
0.000000
0.000000
0.000000
0.000000
0.000000
0.000000
0.000000
0.000000
0.000000
0.000000
0.000000
0.000000
0.000000
0.000000
0.000000
0.000000
0.000000
0.000000
0.000000
0.000000
0.000000
0.000000
0.002236
0.001975
0.006023
0.000000
0.000000
0.000000
0.000067
0.000150
0.000621
0.000030
0.000041
0.000194
0.000000
0.000000
0.000000
0.000000
0.000000
0.000000
0.000000
0.000000
0.000149
0.000000
0.000000
0.000000
0.000000
0.000000
0.000000
0.000000
0.000000
0.000000
0.000000
0.000000
0.000000
0.000000
0.000000
0.000000
0.000000
0.000000
0.000000
0.000000
0.000000
0.000000
0.004108
0.000000
0.001349
0.000403
0.000000
0.000049
0.000000
0.000000
0.000000
0.000146
0.000000
0.000026
0.000000
0.000000
0.000000
0.000000
0.000000
0.000037
0.000000
0.000000
0.000000
0.000000
0.000000
0.000000
0.000000
0.000000
0.000000
0.000000
0.000000
0.000000
0.000000
0.000000
0.000000
0.000000
0.000000
0.000000
0.000000
0.000000
0.000000
0.000000
0.013860
0.001368
0.000000
0.001125
0.000253
0.000000
0.000000
0.000000
0.000000
0.000789
0.000020
0.000000
0.000000
0.000000
0.000000
0.000016
0.000218
0.000000
0.000000
0.000000
0.000000
0.000000
0.000000
0.000000
0.000000
0.000000
0.000000
0.000000
0.000000
0.000000
0.000000
0.000000
0.000000
0.000000
0.000000
0.000000
0.000000
0.000000
0.001233
0.001770
0.004799
0.000155
0.000075
0.000466
0.000000
0.000000
0.000000
0.000000
0.000042
0.000029
0.000000
0.000000
0.000034
0.000000
0.000000
0.000094
0.000000
0.000000
0.000000
0.000000
0.000000
0.000000
0.000000
0.000000
0.000000
0.000000
0.000000
0.000000
0.000000
0.000000
0.000000
0.000000
0.000000
0.000000
0.000600
0.000000
0.000146
0.000530
0.000000
0.000148
0.001278
0.000000
0.000262
0.000000
0.000000
0.000000
0.000000
0.000000
0.000000
0.000000
0.000000
0.000128
0.000000
0.000000
0.000044
0.000000
0.000000
0.000000
0.000000
0.000000
0.000000
0.000000
0.000000
0.000000
0.000000
0.000000
0.000000
0.000000
0.000000
0.000000
0.000000
0.000000
0.000000
0.000000
0.000527
0.000128
0.000000
0.000893
0.000075
0.000000
0.001038
0.000779
0.000000
0.000025
0.000000
0.000000
0.000042
0.000000
0.000000
0.000018
0.000000
0.000000
0.000000
0.000000
0.000000
0.000000
0.000000
0.000000
0.000000
0.000000
0.000000
0.000000
0.000000
0.000000
0.000000
0.000000
0.000000
0.000000
0.000000
0.000000
0.000000
0.000000
0.000439
0.000124
0.000706
0.000132
0.000164
0.000565
0.000465
0.000231
0.001101
0.000000
0.000000
0.000000
0.000000
0.000014
0.000000
0.000000
0.000028
0.000056
0.000000
0.000000
0.000000
0.000000
0.000000
0.000000
0.000000
0.000000
0.000000
0.000000
0.000000
0.000000
0.000000
0.000000
0.000000
0.000000
0.000000
0.000000
0.000000
0.000000
0.000000
0.000120
0.000000
0.000032
0.000000
0.000000
0.000000
0.000000
0.000000
0.000000
0.000455
0.000000
0.000042
0.000000
0.000000
0.000000
0.000009
0.000000
0.000000
0.000358
0.000000
0.000000
0.000000
0.000000
0.000000
0.000000
0.000000
0.000000
0.000000
0.000000
0.000000
0.000000
0.000000
0.000000
0.000000
0.000000
0.000000
0.000000
0.000000
0.000000
0.000000
0.000350
0.000020
0.000000
0.000000
0.000000
0.000000
0.000044
0.000000
0.000000
0.001112
0.000116
0.000000
0.000000
0.000000
0.000000
0.000030
0.000000
0.000819
0.000000
0.000000
0.000000
0.000000
0.000000
0.000000
0.000000
0.000000
0.000000
0.000000
0.000000
0.000000
0.000071
0.000000
0.000000
0.000020
0.000000
0.000000
0.000000
0.000000
0.000000
0.000000
0.000179
0.000000
0.000000
0.000000
0.000000
0.000000
0.000020
0.000027
0.000121
0.000085
0.000000
0.000000
0.000000
0.000000
0.000000
0.000000
0.000116
0.000000
0.000000
0.000000
0.000000
0.000000
0.000000
0.000000
0.000000
0.000000
0.000000
0.000000
0.000000
0.000000
0.000000
0.000000
0.000000
0.000000
0.000000
0.000000
0.000000
0.000000
0.000000
0.000000
0.000053
0.000000
0.000020
0.000020
0.000000
0.000000
0.000000
0.000000
0.000000
0.000183
0.000000
0.000014
0.000018
0.000000
0.000026
0.000175
0.000000
0.000000
0.000000
0.000000
0.000000
0.000000
0.000000
0.000000
0.000000
0.000000
0.000000
0.000000
0.000000
0.000000
0.000000
0.000000
0.000000
0.000000
0.000000
0.000000
0.000000
0.000000
0.000000
0.000000
0.000821
0.000018
0.000000
0.000199
0.000000
0.000000
0.000000
0.000000
0.000000
0.001671
0.000276
0.000000
0.000000
0.000000
0.000962
0.000000
0.000044
0.000000
0.000000
0.000000
0.000000
0.000000
0.000000
0.000000
0.000000
0.000000
0.000000
0.000000
0.000000
0.000000
0.000000
0.000000
0.000000
0.000000
0.000000
0.000000
0.000000
0.000000
0.000062
0.000013
0.000279
0.000000
0.000000
0.000014
0.000000
0.000000
0.000000
0.000029
0.000020
0.000052
0.000000
0.000000
0.000000
0.000196
0.000000
0.000000
0.000000
0.000000
0.000000
0.000000
0.000000
0.000000
0.000000
0.000000
0.000000
0.000000
0.000000
0.000000
0.000000
0.000000
0.000000
0.000000
0.000000
0.000000
0.000000
0.000000
0.000000
0.000000
0.000000
0.000000
0.000027
0.000000
0.000000
0.000000
0.000000
0.000000
0.000000
0.000000
0.000000
0.000041
0.000000
0.000000
0.000041
0.000000
0.000000
0.000000
0.000000
0.000000
0.000000
0.000000
0.000000
0.000000
0.000000
0.000000
0.000000
0.000000
0.000000
0.000000
0.000000
0.000000
0.000000
0.000000
0.000000
0.000000
0.000000
0.000000
0.000000
0.000016
0.000000
0.000000
0.000014
0.000016
0.000000
0.000018
0.000000
0.000000
0.000000
0.000000
0.000000
0.000029
0.000000
0.000076
0.000000
0.000000
0.000000
0.000000
0.000000
0.000000
0.000000
0.000000
0.000000
0.000000
0.000000
0.000000
0.000000
0.000000
0.000000
0.000000
0.000000
0.000000
0.000000
0.000000
0.000000
0.000000
0.000000
0.000000
0.000000
0.000000
0.000000
0.000000
0.000026
0.000014
0.000000
0.000000
0.000000
0.000013
0.000170
0.000000
0.000020
0.000000
0.000000
0.000000
0.000000
0.000000
0.000000
0.000000
0.000000
0.000000
0.000000
0.000000
0.000000
0.000000
0.000000
0.000000
0.000000
0.000000
0.000000
0.000000
0.000000
0.000000
0.000000
0.000000
0.000000
0.000000
0.000000
0.000000
0.000000
0.000000
0.000000
0.000000
0.000204
0.000560
0.000041
0.000124
0.001220
0.000040
0.000000
0.000016
0.000000
0.485627
0.000000
0.000016
0.000000
0.000000
0.000000
0.000000
0.000000
0.000000
0.000000
0.000000
0.000000
0.000683
0.001554
0.000150
0.001322
0.003559
0.000340
0.000016
0.000111
0.000018
0.000000
0.000000
0.000000
0.000000
0.000000
0.000000
0.000000
0.000000
0.000000
0.000000
0.000000
0.000000
0.000000
0.000029
0.000000
0.000000
0.000000
0.000000
0.000000
0.000016
0.000000
0.000000
0.000000
0.000000
0.000000
0.000000
0.000016
0.000000
0.000000
0.000000
0.000000
0.000000
0.000000
0.000000
0.000000
0.000000
0.000000
0.000000
0.000000
0.000192
0.000366
0.000174
0.000039
0.000295
0.000075
0.000029
0.000042
0.000044
0.000000
0.000000
0.000000
0.000000
0.000042
0.000000
0.000000
0.000000
0.000000
0.000000
0.000000
0.039032
0.000028
0.000147
0.000313
0.000066
0.000147
0.000119
0.000000
0.000100
0.000037
0.000033
0.000000
0.000000
0.000000
0.000000
0.000000
0.000000
0.000000
0.000000
0.000000
0.000000
0.000000
0.000000
0.000000
0.000000
0.000000
0.000000
0.000000
0.000000
0.000000
0.000000
0.000000
0.000000
0.000000
0.000000
0.000000
0.000000
0.000000
0.000000
0.000127
0.029760
0.000000
0.009005
0.000000
0.000000
0.000000
0.002991
0.000000
0.000778
0.000675
0.000000
0.000090
0.000000
0.000000
0.000000
0.000000
0.000000
0.000000
0.000000
0.000000
0.000000
0.000000
0.000000
0.000000
0.000000
0.000000
0.000000
0.000000
0.000000
0.000000
0.000000
0.000000
0.000000
0.000000
0.000000
0.000000
0.000000
0.000000
0.000436
0.000000
0.019193
0.006939
0.000000
0.000000
0.000000
0.000000
0.002176
0.000181
0.000000
0.003249
0.000054
0.000000
0.000000
0.000000
0.000000
0.000000
0.000000
0.000000
0.000000
0.000000
0.000000
0.000000
0.000000
0.000000
0.000000
0.000000
0.000000
0.000000
0.000000
0.000000
0.000000
0.000000
0.000000
0.000000
0.000000
0.000000
0.000000
0.000183
0.007960
0.009919
0.040692
0.000000
0.000000
0.000000
0.000523
0.000564
0.003849
0.000315
0.000309
0.000598
0.000000
0.000000
0.000000
0.000000
0.000000
0.000000
0.000000
0.000000
0.000000
0.000000
0.000000
0.000000
0.000000
0.000000
0.000000
0.000000
0.000000
0.000000
0.000000
0.000000
0.000000
0.000000
0.000000
0.000000
0.000000
0.000000
0.000073
0.000000
0.000000
0.000000
0.028702
0.000000
0.007621
0.003127
0.000000
0.001005
0.000000
0.000000
0.000000
0.000171
0.000000
0.000073
0.000000
0.000000
0.000000
0.000000
0.000000
0.000000
0.000000
0.000000
0.000000
0.000000
0.000000
0.000000
0.000000
0.000000
0.000000
0.000000
0.000000
0.000000
0.000000
0.000000
0.000000
0.000000
0.000000
0.000351
0.000000
0.000000
0.000000
0.000000
0.033598
0.008497
0.000000
0.002575
0.001602
0.000000
0.000000
0.000000
0.000000
0.002078
0.000000
0.000000
0.000056
0.000000
0.000000
0.000000
0.000000
0.000000
0.000000
0.000000
0.000000
0.000000
0.000000
0.000000
0.000000
0.000000
0.000000
0.000000
0.000000
0.000000
0.000000
0.000000
0.000000
0.000000
0.000272
0.000000
0.000000
0.000000
0.008283
0.007479
0.034423
0.001446
0.000501
0.004262
0.000000
0.000000
0.000000
0.000038
0.000483
0.000370
0.000000
0.000000
0.000000
0.000000
0.000000
0.000000
0.000000
0.000000
0.000000
0.000000
0.000000
0.000000
0.000000
0.000000
0.000000
0.000000
0.000000
0.000000
0.000000
0.000000
0.000000
0.000000
0.000000
0.000162
0.003928
0.000000
0.001621
0.001986
0.000000
0.000708
0.007094
0.000000
0.002242
0.000014
0.000000
0.000029
0.000146
0.000000
0.000000
0.000000
0.000000
0.000029
0.000000
0.000000
0.000000
0.000000
0.000000
0.000000
0.000000
0.000000
0.000000
0.000000
0.000000
0.000000
0.000000
0.000000
0.000000
0.000000
0.000000
0.000000
0.000000
0.000000
0.000033
0.000000
0.001688
0.000690
0.000000
0.003099
0.000662
0.000000
0.004575
0.001646
0.000000
0.000009
0.000000
0.000000
0.000050
0.000009
0.000000
0.000014
0.000000
0.000000
0.000000
0.000000
0.000000
0.000000
0.000000
0.000000
0.000000
0.000000
0.000000
0.000000
0.000000
0.000000
0.000000
0.000000
0.000000
0.000000
0.000000
0.000000
0.000000
0.000039
0.001150
0.000671
0.004642
0.000821
0.001293
0.002755
0.002456
0.001905
0.007478
0.000029
0.000000
0.000076
0.000032
0.000000
0.000032
0.000018
0.000042
0.000128
0.000000
0.000000
0.000000
0.000000
0.000000
0.000000
0.000000
0.000000
0.000000
0.000000
0.000000
0.000000
0.000000
0.000000
0.000000
0.000000
0.000000
0.000000
0.001235
0.000000
0.000000
0.000562
0.000000
0.000053
0.000000
0.000000
0.000000
0.000025
0.000000
0.000000
0.001209
0.000000
0.000044
0.000000
0.000000
0.000000
0.000000
0.000000
0.000000
0.000000
0.000000
0.000000
0.000000
0.000000
0.000000
0.000000
0.000000
0.000000
0.000000
0.000000
0.000000
0.000000
0.000053
0.000000
0.000000
0.000000
0.000000
0.003751
0.000000
0.000000
0.000000
0.000573
0.000443
0.000000
0.000000
0.000000
0.000000
0.000073
0.000070
0.000000
0.003971
0.000378
0.000000
0.000000
0.000000
0.000000
0.000055
0.000033
0.000000
0.000000
0.000000
0.000000
0.000000
0.000000
0.000000
0.000000
0.000000
0.000000
0.000000
0.000000
0.000000
0.000000
0.000000
0.000000
0.000000
0.000000
0.000409
0.000000
0.000000
0.000038
0.000009
0.000524
0.000000
0.000000
0.000000
0.000000
0.000000
0.000000
0.000214
0.000224
0.000259
0.000000
0.000000
0.000000
0.000000
0.000000
0.000000
0.000000
0.000000
0.000000
0.000000
0.000000
0.000000
0.000000
0.000000
0.000000
0.000000
0.000000
0.000000
0.000000
0.000028
0.000000
0.000000
0.000000
0.000000
0.000392
0.000000
0.000016
0.000000
0.000000
0.000000
0.000849
0.000000
0.000134
0.000142
0.000000
0.000000
0.000000
0.000000
0.000000
0.001079
0.000000
0.000061
0.000067
0.000000
0.000095
0.000000
0.000000
0.000000
0.000000
0.000000
0.000000
0.000000
0.000000
0.000000
0.000000
0.000000
0.000000
0.000026
0.000029
0.000039
0.000000
0.000000
0.000000
0.002905
0.000029
0.000013
0.000000
0.000000
0.000000
0.000000
0.001671
0.000927
0.000000
0.000000
0.000041
0.000000
0.000000
0.000000
0.000000
0.004160
0.000957
0.000000
0.000000
0.000080
0.000000
0.000000
0.000000
0.000000
0.000000
0.000000
0.000000
0.000000
0.000000
0.000000
0.000000
0.000000
0.000000
0.000000
0.000000
0.000000
0.000000
0.000000
0.000207
0.000000
0.000000
0.000000
0.000000
0.000000
0.000066
0.000000
0.001091
0.000018
0.000000
0.000124
0.000000
0.000000
0.000000
0.000033
0.000274
0.000204
0.000000
0.000000
0.000059
0.000000
0.000000
0.000000
0.000000
0.000000
0.000000
0.000000
0.000000
0.000000
0.000000
0.000000
0.000000
0.000000
0.000000
0.000000
0.000000
0.000000
0.000000
0.000018
0.000000
0.000000
0.000000
0.000000
0.000000
0.000000
0.000000
0.000000
0.000042
0.000000
0.000040
0.000000
0.000000
0.000000
0.000000
0.000000
0.000000
0.000000
0.000000
0.000000
0.000000
0.000000
0.000000
0.000000
0.000000
0.000000
0.000000
0.000000
0.000000
0.000000
0.000000
0.000000
0.000000
0.000000
0.000000
0.000000
0.000000
0.000000
0.000086
0.000000
0.000000
0.000000
0.000029
0.000000
0.000000
0.000056
0.000000
0.000000
0.000042
0.000039
0.000000
0.000012
0.000000
0.000000
0.000014
0.000000
0.000000
0.000102
0.000000
0.000000
0.000000
0.000000
0.000000
0.000000
0.000000
0.000000
0.000000
0.000000
0.000000
0.000000
0.000000
0.000000
0.000000
0.000000
0.000000
0.000000
0.000000
0.000000
0.000000
0.000000
0.000000
0.000000
0.000020
0.000000
0.000000
0.000000
0.000094
0.000000
0.000171
0.000000
0.000000
0.000000
0.000000
0.000128
0.000029
0.000000
0.000000
0.000000
