0.013648
0.018809
0.008489
0.008679
0.021479
0.006237
0.002344
0.002968
0.001503
0.000440
0.001500
0.000144
0.000356
0.002277
0.000281
0.000032
0.000075
0.000015
0.509727
0.000009
0.036546
0.060912
0.047895
0.046288
0.057501
0.063714
0.041682
0.012167
0.008311
0.008675
0.001900
0.005424
0.000533
0.001857
0.006737
0.000609
0.000026
0.000181
0.000031
0.010833
0.000000
0.001809
0.000000
0.000000
0.000000
0.000637
0.000000
0.000142
0.000176
0.000000
0.000052
0.000000
0.000000
0.000000
0.000008
0.000000
0.000000
0.000000
0.000000
0.000011
0.000000
0.000000
0.000000
0.000000
0.000000
0.000000
0.000000
0.000000
0.000000
0.000000
0.000000
0.000000
0.000000
0.000000
0.000000
0.000000
0.000000
0.000000
0.000000
0.016207
0.001480
0.000000
0.000000
0.000000
0.000000
0.000572
0.000051
0.000000
0.000465
0.000012
0.000000
0.000000
0.000000
0.000000
0.000017
0.000000
0.000000
0.000000
0.000034
0.000000
0.000000
0.000000
0.000000
0.000000
0.000000
0.000000
0.000000
0.000000
0.000000
0.000000
0.000000
0.000000
0.000000
0.000000
0.000000
0.000000
0.000000
0.001898
0.001573
0.004519
0.000000
0.000000
0.000000
0.000049
0.000073
0.000234
0.000016
0.000041
0.000046
0.000000
0.000000
0.000000
0.000000
0.000000
0.000000
0.000000
0.000000
0.000053
0.000000
0.000000
0.000000
0.000000
0.000000
0.000000
0.000000
0.000000
0.000000
0.000000
0.000000
0.000000
0.000000
0.000000
0.000000
0.000000
0.000000
0.000000
0.000000
0.000000
0.000000
0.006713
0.000000
0.001227
0.000545
0.000000
0.000039
0.000000
0.000000
0.000000
0.000097
0.000000
0.000027
0.000000
0.000000
0.000000
0.000000
0.000000
0.000022
0.000000
0.000000
0.000000
0.000000
0.000000
0.000000
0.000000
0.000000
0.000000
0.000000
0.000000
0.000000
0.000000
0.000000
0.000000
0.000000
0.000000
0.000000
0.000000
0.000000
0.000000
0.000000
0.018556
0.001154
0.000000
0.000880
0.000108
0.000000
0.000000
0.000000
0.000000
0.000529
0.000000
0.000000
0.000000
0.000000
0.000000
0.000000
0.000146
0.000000
0.000000
0.000000
0.000000
0.000000
0.000000
0.000000
0.000000
0.000000
0.000000
0.000000
0.000000
0.000000
0.000000
0.000000
0.000000
0.000000
0.000000
0.000000
0.000000
0.000000
0.001164
0.001417
0.003245
0.000060
0.000092
0.000179
0.000000
0.000000
0.000000
0.000017
0.000016
0.000019
0.000000
0.000000
0.000000
0.000000
0.000000
0.000036
0.000000
0.000000
0.000000
0.000000
0.000000
0.000000
0.000000
0.000000
0.000000
0.000000
0.000000
0.000000
0.000000
0.000000
0.000000
0.000000
0.000000
0.000000
0.000575
0.000000
0.000024
0.000597
0.000000
0.000070
0.000883
0.000000
0.000157
0.000000
0.000000
0.000000
0.000000
0.000000
0.000000
0.000016
0.000000
0.000000
0.000000
0.000000
0.000026
0.000000
0.000000
0.000000
0.000000
0.000000
0.000000
0.000000
0.000000
0.000000
0.000000
0.000000
0.000000
0.000000
0.000000
0.000000
0.000000
0.000000
0.000000
0.000000
0.000535
0.000313
0.000000
0.000643
0.000088
0.000000
0.001141
0.000204
0.000000
0.000011
0.000000
0.000000
0.000027
0.000000
0.000000
0.000011
0.000000
0.000000
0.000000
0.000000
0.000000
0.000000
0.000000
0.000000
0.000000
0.000000
0.000000
0.000000
0.000000
0.000000
0.000000
0.000000
0.000000
0.000000
0.000000
0.000000
0.000000
0.000000
0.000119
0.000090
0.000186
0.000092
0.000065
0.000265
0.000129
0.000100
0.000357
0.000000
0.000000
0.000000
0.000000
0.000000
0.000092
0.000008
0.000000
0.000000
0.000000
0.000000
0.000000
0.000000
0.000000
0.000000
0.000000
0.000000
0.000000
0.000000
0.000000
0.000000
0.000000
0.000000
0.000000
0.000000
0.000000
0.000000
0.000000
0.000000
0.000000
0.000075
0.000000
0.000027
0.000000
0.000000
0.000000
0.000006
0.000000
0.000000
0.000101
0.000000
0.000011
0.000000
0.000000
0.000000
0.000000
0.000000
0.000000
0.000212
0.000000
0.000009
0.000000
0.000000
0.000000
0.000000
0.000000
0.000000
0.000000
0.000000
0.000000
0.000000
0.000000
0.000000
0.000000
0.000000
0.000000
0.000000
0.000000
0.000000
0.000000
0.000279
0.000063
0.000000
0.000000
0.000000
0.000000
0.000000
0.000000
0.000000
0.000560
0.000000
0.000000
0.000000
0.000000
0.000000
0.000019
0.000000
0.000582
0.000000
0.000000
0.000000
0.000000
0.000000
0.000000
0.000000
0.000000
0.000000
0.000000
0.000000
0.000000
0.000000
0.000000
0.000000
0.000000
0.000000
0.000000
0.000000
0.000000
0.000000
0.000000
0.000027
0.000000
0.000000
0.000000
0.000000
0.000000
0.000000
0.000012
0.000065
0.000008
0.000000
0.000000
0.000000
0.000000
0.000000
0.000000
0.000033
0.000000
0.000000
0.000000
0.000000
0.000000
0.000000
0.000000
0.000000
0.000000
0.000000
0.000000
0.000000
0.000000
0.000000
0.000000
0.000000
0.000000
0.000000
0.000000
0.000000
0.000000
0.000000
0.000000
0.000065
0.000000
0.000019
0.000000
0.000000
0.000000
0.000000
0.000000
0.000000
0.000107
0.000000
0.000016
0.000000
0.000000
0.000000
0.000149
0.000000
0.000000
0.000000
0.000000
0.000000
0.000000
0.000000
0.000000
0.000000
0.000000
0.000000
0.000000
0.000000
0.000000
0.000000
0.000000
0.000000
0.000000
0.000000
0.000000
0.000000
0.000000
0.000000
0.000000
0.000627
0.000113
0.000000
0.000008
0.000000
0.000000
0.000000
0.000000
0.000000
0.000869
0.000031
0.000000
0.000011
0.000000
0.000586
0.000009
0.000026
0.000000
0.000000
0.000000
0.000000
0.000000
0.000000
0.000000
0.000000
0.000000
0.000000
0.000000
0.000000
0.000000
0.000000
0.000000
0.000000
0.000000
0.000000
0.000000
0.000000
0.000000
0.000021
0.000000
0.000057
0.000000
0.000000
0.000008
0.000000
0.000000
0.000000
0.000012
0.000012
0.000041
0.000000
0.000000
0.000015
0.000115
0.000000
0.000000
0.000000
0.000000
0.000000
0.000000
0.000000
0.000000
0.000000
0.000000
0.000000
0.000000
0.000000
0.000000
0.000000
0.000000
0.000000
0.000000
0.000000
0.000000
0.000000
0.000000
0.000000
0.000000
0.000000
0.000000
0.000000
0.000000
0.000000
0.000008
0.000000
0.000000
0.000024
0.000000
0.000000
0.000000
0.000000
0.000000
0.000000
0.000000
0.000000
0.000000
0.000000
0.000000
0.000000
0.000000
0.000000
0.000000
0.000000
0.000000
0.000000
0.000000
0.000000
0.000000
0.000000
0.000000
0.000000
0.000000
0.000000
0.000000
0.000011
0.000000
0.000000
0.000000
0.000000
0.000000
0.000009
0.000009
0.000000
0.000000
0.000000
0.000000
0.000011
0.000000
0.000000
0.000017
0.000000
0.000017
0.000000
0.000000
0.000000
0.000000
0.000000
0.000000
0.000000
0.000000
0.000000
0.000000
0.000000
0.000000
0.000000
0.000000
0.000000
0.000000
0.000000
0.000000
0.000000
0.000000
0.000000
0.000000
0.000000
0.000000
0.000000
0.000000
0.000000
0.000000
0.000015
0.000000
0.000000
0.000000
0.000000
0.000000
0.000000
0.000000
0.000000
0.000000
0.000000
0.000000
0.000000
0.000000
0.000000
0.000000
0.000000
0.000000
0.000000
0.000000
0.000000
0.000000
0.000000
0.000000
0.000000
0.000000
0.000000
0.000000
0.000000
0.000000
0.000000
0.000000
0.000000
0.000000
0.000000
0.000000
0.000000
0.000000
0.000000
0.000000
0.000128
0.000361
0.000016
0.000101
0.000799
0.000054
0.000000
0.000000
0.000000
0.502799
0.000000
0.000000
0.000000
0.000000
0.000000
0.000000
0.000000
0.000000
0.000000
0.000000
0.000000
0.000433
0.001063
0.000059
0.000776
0.002306
0.000058
0.000000
0.000039
0.000000
0.000000
0.000000
0.000000
0.000000
0.000000
0.000000
0.000000
0.000000
0.000000
0.000000
0.000000
0.000000
0.000000
0.000000
0.000000
0.000000
0.000000
0.000000
0.000000
0.000000
0.000000
0.000000
0.000000
0.000000
0.000000
0.000000
0.000009
0.000000
0.000000
0.000000
0.000000
0.000000
0.000000
0.000000
0.000000
0.000000
0.000000
0.000000
0.000000
0.000168
0.000155
0.000056
0.000039
0.000196
0.000006
0.000039
0.000100
0.000000
0.000000
0.000000
0.000000
0.000000
0.000000
0.000000
0.000000
0.000000
0.000000
0.000000
0.000000
0.035323
0.000032
0.000110
0.000142
0.000039
0.000051
0.000078
0.000000
0.000037
0.000022
0.000020
0.000000
0.000000
0.000000
0.000000
0.000000
0.000000
0.000000
0.000000
0.000000
0.000000
0.000000
0.000000
0.000000
0.000000
0.000000
0.000000
0.000000
0.000000
0.000000
0.000000
0.000000
0.000000
0.000000
0.000000
0.000000
0.000000
0.000000
0.000000
0.000113
0.046683
0.000000
0.010410
0.000000
0.000000
0.000000
0.002891
0.000000
0.000314
0.000631
0.000000
0.000022
0.000000
0.000000
0.000000
0.000000
0.000000
0.000000
0.000000
0.000000
0.000000
0.000000
0.000000
0.000000
0.000000
0.000000
0.000000
0.000000
0.000000
0.000000
0.000000
0.000000
0.000000
0.000000
0.000000
0.000000
0.000000
0.000000
0.000255
0.000000
0.035762
0.007622
0.000000
0.000000
0.000000
0.000000
0.001945
0.000225
0.000000
0.002147
0.000020
0.000000
0.000000
0.000000
0.000000
0.000021
0.000000
0.000000
0.000000
0.000000
0.000000
0.000000
0.000000
0.000000
0.000000
0.000000
0.000000
0.000000
0.000000
0.000000
0.000000
0.000000
0.000000
0.000000
0.000000
0.000000
0.000000
0.000103
0.009003
0.009228
0.025381
0.000000
0.000000
0.000000
0.000182
0.000586
0.001538
0.000034
0.000095
0.000230
0.000000
0.000000
0.000000
0.000000
0.000000
0.000000
0.000000
0.000000
0.000000
0.000000
0.000000
0.000000
0.000000
0.000000
0.000000
0.000000
0.000000
0.000000
0.000000
0.000000
0.000000
0.000000
0.000000
0.000000
0.000000
0.000000
0.000118
0.000000
0.000000
0.000000
0.045317
0.000000
0.008254
0.003056
0.000000
0.000619
0.000000
0.000000
0.000000
0.000243
0.000000
0.000000
0.000000
0.000000
0.000000
0.000000
0.000000
0.000000
0.000000
0.000000
0.000000
0.000000
0.000000
0.000000
0.000000
0.000000
0.000000
0.000000
0.000000
0.000000
0.000000
0.000000
0.000000
0.000000
0.000000
0.000164
0.000000
0.000000
0.000000
0.000000
0.050487
0.008801
0.000000
0.001938
0.000901
0.000000
0.000000
0.000000
0.000000
0.001547
0.000000
0.000000
0.000000
0.000000
0.000000
0.000000
0.000000
0.000000
0.000000
0.000000
0.000000
0.000000
0.000000
0.000000
0.000000
0.000000
0.000000
0.000000
0.000000
0.000000
0.000000
0.000000
0.000000
0.000000
0.000103
0.000000
0.000000
0.000000
0.008990
0.007489
0.022013
0.000816
0.000594
0.001446
0.000000
0.000000
0.000000
0.000013
0.000188
0.000092
0.000000
0.000000
0.000000
0.000000
0.000000
0.000000
0.000000
0.000000
0.000000
0.000000
0.000000
0.000000
0.000000
0.000000
0.000000
0.000000
0.000000
0.000000
0.000000
0.000000
0.000000
0.000000
0.000000
0.000000
0.003974
0.000000
0.000297
0.002188
0.000000
0.000502
0.004108
0.000000
0.001107
0.000008
0.000000
0.000000
0.000000
0.000000
0.000000
0.000016
0.000000
0.000000
0.000000
0.000000
0.000000
0.000000
0.000000
0.000000
0.000000
0.000000
0.000000
0.000000
0.000000
0.000000
0.000000
0.000000
0.000000
0.000000
0.000000
0.000000
0.000000
0.000000
0.000041
0.000000
0.001609
0.000522
0.000000
0.002283
0.000345
0.000000
0.002685
0.000754
0.000000
0.000005
0.000000
0.000000
0.000021
0.000000
0.000000
0.000041
0.000000
0.000000
0.000000
0.000000
0.000000
0.000000
0.000000
0.000000
0.000000
0.000000
0.000000
0.000000
0.000000
0.000000
0.000000
0.000000
0.000000
0.000000
0.000000
0.000000
0.000000
0.000020
0.001024
0.000535
0.001621
0.000290
0.000610
0.001141
0.001110
0.000468
0.001722
0.000000
0.000000
0.000000
0.000017
0.000118
0.000019
0.000000
0.000000
0.000000
0.000000
0.000000
0.000000
0.000000
0.000000
0.000000
0.000000
0.000000
0.000000
0.000000
0.000000
0.000000
0.000000
0.000000
0.000000
0.000000
0.000000
0.000000
0.000672
0.000000
0.000000
0.000329
0.000000
0.000083
0.000000
0.000000
0.000000
0.000014
0.000000
0.000000
0.000772
0.000000
0.000005
0.000000
0.000000
0.000000
0.000000
0.000000
0.000000
0.000000
0.000000
0.000000
0.000000
0.000000
0.000000
0.000000
0.000000
0.000000
0.000000
0.000000
0.000000
0.000000
0.000000
0.000000
0.000000
0.000000
0.000000
0.002356
0.000000
0.000000
0.000000
0.000753
0.000196
0.000000
0.000000
0.000000
0.000000
0.000017
0.000000
0.000000
0.002017
0.000065
0.000000
0.000000
0.000000
0.000000
0.000033
0.000000
0.000000
0.000000
0.000000
0.000000
0.000000
0.000000
0.000000
0.000000
0.000000
0.000000
0.000000
0.000000
0.000000
0.000000
0.000000
0.000000
0.000000
0.000000
0.000166
0.000000
0.000000
0.000019
0.000000
0.000090
0.000000
0.000000
0.000000
0.000000
0.000000
0.000020
0.000006
0.000101
0.000132
0.000000
0.000000
0.000000
0.000000
0.000000
0.000000
0.000000
0.000000
0.000000
0.000000
0.000000
0.000000
0.000000
0.000000
0.000000
0.000000
0.000000
0.000000
0.000000
0.000000
0.000000
0.000000
0.000000
0.000000
0.000301
0.000000
0.000009
0.000000
0.000000
0.000000
0.000646
0.000000
0.000068
0.000014
0.000000
0.000009
0.000000
0.000000
0.000000
0.000763
0.000000
0.000019
0.000009
0.000000
0.000022
0.000000
0.000000
0.000000
0.000000
0.000000
0.000000
0.000000
0.000000
0.000000
0.000000
0.000000
0.000000
0.000000
0.000017
0.000000
0.000000
0.000000
0.000000
0.001959
0.000000
0.000000
0.000000
0.000000
0.000000
0.000000
0.001693
0.000202
0.000000
0.000000
0.000000
0.000000
0.000000
0.000000
0.000000
0.002430
0.000409
0.000000
0.000031
0.000010
0.000000
0.000000
0.000000
0.000000
0.000000
0.000000
0.000000
0.000000
0.000000
0.000000
0.000000
0.000000
0.000000
0.000000
0.000000
0.000000
0.000000
0.000000
0.000027
0.000000
0.000000
0.000000
0.000000
0.000000
0.000137
0.000008
0.000332
0.000000
0.000000
0.000008
0.000000
0.000000
0.000000
0.000012
0.000072
0.000015
0.000000
0.000000
0.000000
0.000000
0.000000
0.000000
0.000000
0.000000
0.000000
0.000000
0.000000
0.000000
0.000000
0.000000
0.000000
0.000000
0.000000
0.000000
0.000000
0.000000
0.000000
0.000000
0.000000
0.000000
0.000000
0.000000
0.000000
0.000000
0.000000
0.000000
0.000000
0.000000
0.000009
0.000000
0.000000
0.000000
0.000016
0.000000
0.000000
0.000000
0.000000
0.000000
0.000000
0.000000
0.000000
0.000000
0.000000
0.000000
0.000000
0.000000
0.000000
0.000000
0.000000
0.000000
0.000000
0.000000
0.000000
0.000000
0.000000
0.000000
0.000026
0.000000
0.000000
0.000000
0.000000
0.000011
0.000000
0.000033
0.000000
0.000000
0.000058
0.000000
0.000000
0.000007
0.000000
0.000000
0.000029
0.000000
0.000000
0.000016
0.000000
0.000000
0.000000
0.000000
0.000000
0.000000
0.000000
0.000000
0.000000
0.000000
0.000000
0.000000
0.000000
0.000000
0.000000
0.000000
0.000000
0.000000
0.000000
0.000000
0.000000
0.000000
0.000000
0.000000
0.000022
0.000000
0.000000
0.000000
0.000010
0.000000
0.000000
0.000000
0.000000
0.000000
0.000000
0.000000
0.000000
0.000000
0.000000
0.000000
