0.004783
0.009208
0.016054
0.002882
0.011059
0.011124
0.003350
0.004056
0.011384
0.001766
0.004399
0.001643
0.000776
0.006635
0.001821
0.000257
0.000671
0.001377
0.472584
0.000709
0.045831
0.021236
0.011637
0.074495
0.020188
0.025192
0.069500
0.017073
0.013863
0.070347
0.005115
0.015618
0.007445
0.004477
0.017397
0.008820
0.000966
0.001187
0.003074
0.001888
0.000000
0.001354
0.000000
0.000000
0.000000
0.000627
0.000000
0.000345
0.000406
0.000000
0.000141
0.000000
0.000000
0.000000
0.000000
0.000000
0.000000
0.000000
0.000000
0.000039
0.000000
0.000000
0.000000
0.000000
0.000000
0.000000
0.000000
0.000000
0.000000
0.000000
0.000000
0.000000
0.000000
0.000000
0.000000
0.000000
0.000000
0.000000
0.000000
0.006323
0.000781
0.000000
0.000000
0.000000
0.000000
0.000465
0.000492
0.000000
0.001175
0.000000
0.000000
0.000000
0.000000
0.000000
0.000000
0.000000
0.000000
0.000000
0.000000
0.000000
0.000000
0.000000
0.000000
0.000000
0.000000
0.000000
0.000000
0.000000
0.000000
0.000000
0.000000
0.000000
0.000000
0.000000
0.000000
0.000000
0.000000
0.001720
0.001742
0.009792
0.000000
0.000000
0.000000
0.000358
0.000445
0.001035
0.000056
0.000166
0.000551
0.000000
0.000000
0.000000
0.000000
0.000000
0.000027
0.000000
0.000000
0.000271
0.000000
0.000000
0.000000
0.000000
0.000000
0.000000
0.000000
0.000000
0.000000
0.000000
0.000000
0.000000
0.000000
0.000000
0.000000
0.000000
0.000000
0.000000
0.000000
0.000000
0.000000
0.001241
0.000000
0.001330
0.000215
0.000000
0.000059
0.000000
0.000000
0.000000
0.000052
0.000000
0.000000
0.000000
0.000000
0.000000
0.000000
0.000000
0.000000
0.000000
0.000000
0.000000
0.000000
0.000000
0.000000
0.000000
0.000000
0.000000
0.000000
0.000000
0.000000
0.000000
0.000000
0.000000
0.000000
0.000000
0.000000
0.000000
0.000000
0.000000
0.000000
0.007372
0.001087
0.000000
0.000326
0.000684
0.000000
0.000000
0.000000
0.000000
0.001090
0.000019
0.000000
0.000000
0.000000
0.000000
0.000032
0.000496
0.000000
0.000000
0.000000
0.000000
0.000000
0.000000
0.000000
0.000000
0.000000
0.000000
0.000000
0.000000
0.000000
0.000000
0.000000
0.000000
0.000000
0.000000
0.000000
0.000000
0.000000
0.000546
0.001575
0.006510
0.000255
0.000343
0.001189
0.000000
0.000000
0.000000
0.000120
0.000150
0.000201
0.000000
0.000000
0.000000
0.000000
0.000000
0.000230
0.000000
0.000000
0.000000
0.000000
0.000000
0.000000
0.000000
0.000000
0.000000
0.000000
0.000000
0.000000
0.000000
0.000000
0.000000
0.000000
0.000000
0.000000
0.000546
0.000000
0.000235
0.000267
0.000000
0.000067
0.001125
0.000000
0.000689
0.000000
0.000000
0.000000
0.000094
0.000000
0.000000
0.000082
0.000000
0.000259
0.000000
0.000000
0.000000
0.000000
0.000000
0.000000
0.000000
0.000000
0.000000
0.000000
0.000000
0.000000
0.000000
0.000000
0.000000
0.000000
0.000000
0.000000
0.000000
0.000000
0.000000
0.000000
0.000241
0.000488
0.000000
0.000753
0.000267
0.000000
0.000893
0.000930
0.000000
0.000000
0.000000
0.000000
0.000094
0.000000
0.000000
0.000050
0.000000
0.000000
0.000000
0.000028
0.000000
0.000000
0.000000
0.000000
0.000000
0.000000
0.000000
0.000000
0.000000
0.000000
0.000000
0.000000
0.000000
0.000000
0.000000
0.000000
0.000000
0.000000
0.000335
0.000210
0.002049
0.000473
0.000232
0.001278
0.000587
0.000736
0.004765
0.000000
0.000000
0.000064
0.000000
0.000086
0.000039
0.000000
0.000191
0.000323
0.000000
0.000000
0.000067
0.000000
0.000000
0.000000
0.000000
0.000000
0.000000
0.000000
0.000000
0.000000
0.000000
0.000000
0.000000
0.000000
0.000000
0.000000
0.000000
0.000000
0.000000
0.000168
0.000000
0.000073
0.000000
0.000000
0.000000
0.000000
0.000000
0.000000
0.000675
0.000000
0.000148
0.000000
0.000000
0.000000
0.000019
0.000000
0.000000
0.000603
0.000000
0.000000
0.000000
0.000000
0.000000
0.000000
0.000000
0.000000
0.000000
0.000000
0.000000
0.000000
0.000088
0.000000
0.000000
0.000000
0.000000
0.000000
0.000000
0.000000
0.000000
0.000367
0.000247
0.000000
0.000000
0.000000
0.000000
0.000032
0.000000
0.000000
0.001773
0.000160
0.000000
0.000000
0.000000
0.000000
0.000116
0.000000
0.001562
0.000143
0.000000
0.000000
0.000000
0.000000
0.000000
0.000000
0.000000
0.000000
0.000000
0.000000
0.000000
0.000028
0.000000
0.000000
0.000000
0.000000
0.000000
0.000000
0.000000
0.000000
0.000000
0.000384
0.000000
0.000000
0.000000
0.000000
0.000032
0.000039
0.000141
0.000282
0.000359
0.000000
0.000000
0.000000
0.000000
0.000000
0.000074
0.000294
0.000039
0.000000
0.000000
0.000000
0.000000
0.000000
0.000000
0.000000
0.000000
0.000000
0.000000
0.000000
0.000000
0.000000
0.000000
0.000000
0.000000
0.000000
0.000000
0.000000
0.000000
0.000000
0.000000
0.000027
0.000000
0.000000
0.000052
0.000000
0.000000
0.000000
0.000000
0.000000
0.000264
0.000000
0.000067
0.000075
0.000000
0.000000
0.000293
0.000000
0.000000
0.000000
0.000000
0.000000
0.000000
0.000000
0.000000
0.000000
0.000000
0.000000
0.000000
0.000000
0.000000
0.000000
0.000000
0.000000
0.000000
0.000000
0.000000
0.000000
0.000000
0.000000
0.000000
0.000995
0.000180
0.000000
0.000181
0.000146
0.000000
0.000000
0.000000
0.000000
0.002683
0.000151
0.000000
0.000169
0.000288
0.001727
0.000000
0.000000
0.000000
0.000000
0.000000
0.000000
0.000000
0.000000
0.000000
0.000000
0.000000
0.000000
0.000000
0.000000
0.000000
0.000064
0.000000
0.000000
0.000000
0.000000
0.000000
0.000000
0.000000
0.000343
0.000000
0.000244
0.000000
0.000000
0.000055
0.000000
0.000000
0.000000
0.000027
0.000150
0.000533
0.000000
0.000000
0.000060
0.000165
0.000000
0.000000
0.000000
0.000000
0.000000
0.000000
0.000000
0.000000
0.000000
0.000000
0.000000
0.000000
0.000000
0.000000
0.000000
0.000259
0.000000
0.000000
0.000000
0.000000
0.000000
0.000000
0.000000
0.000000
0.000000
0.000000
0.000039
0.000000
0.000055
0.000000
0.000000
0.000000
0.000000
0.000000
0.000000
0.000082
0.000000
0.000000
0.000082
0.000000
0.000000
0.000000
0.000000
0.000000
0.000000
0.000000
0.000000
0.000000
0.000000
0.000000
0.000000
0.000000
0.000000
0.000000
0.000000
0.000000
0.000000
0.000000
0.000000
0.000000
0.000000
0.000000
0.000000
0.000060
0.000000
0.000000
0.000140
0.000145
0.000000
0.000086
0.000000
0.000000
0.000097
0.000000
0.000000
0.000086
0.000000
0.000058
0.000000
0.000000
0.000000
0.000000
0.000000
0.000000
0.000000
0.000000
0.000000
0.000000
0.000000
0.000000
0.000000
0.000000
0.000000
0.000000
0.000000
0.000000
0.000000
0.000000
0.000000
0.000000
0.000000
0.000000
0.000000
0.000052
0.000106
0.000000
0.000387
0.000088
0.000000
0.000000
0.000000
0.000055
0.000286
0.000000
0.000000
0.000203
0.000208
0.000000
0.000000
0.000000
0.000000
0.000000
0.000000
0.000000
0.000000
0.000000
0.000000
0.000000
0.000000
0.000000
0.000000
0.000000
0.000000
0.000000
0.000000
0.000000
0.000000
0.000000
0.000000
0.000000
0.000000
0.000000
0.000000
0.000000
0.000000
0.000000
0.000408
0.000895
0.000221
0.000169
0.001705
0.000140
0.000000
0.000060
0.000080
0.451820
0.000000
0.000152
0.000000
0.000000
0.000000
0.000000
0.000000
0.000000
0.000000
0.000000
0.000000
0.001314
0.002434
0.000608
0.001969
0.005442
0.001669
0.000085
0.000274
0.000422
0.000000
0.000000
0.000000
0.000000
0.000000
0.000000
0.000000
0.000058
0.000077
0.000000
0.000000
0.000000
0.000052
0.000180
0.000000
0.000000
0.000000
0.000039
0.000000
0.000090
0.000000
0.000000
0.000000
0.000000
0.000000
0.000000
0.000032
0.000000
0.000000
0.000000
0.000000
0.000000
0.000055
0.000000
0.000039
0.000000
0.000000
0.000000
0.000088
0.000144
0.000400
0.000759
0.000000
0.000094
0.000161
0.000000
0.000437
0.000343
0.000000
0.000025
0.000000
0.000000
0.000117
0.000056
0.000000
0.000000
0.000000
0.000067
0.000000
0.041430
0.000000
0.000259
0.000260
0.000155
0.000189
0.000229
0.000055
0.000087
0.000615
0.000000
0.000037
0.000000
0.000000
0.000039
0.000000
0.000000
0.000000
0.000000
0.000000
0.000000
0.000000
0.000000
0.000000
0.000000
0.000000
0.000000
0.000000
0.000000
0.000000
0.000000
0.000000
0.000000
0.000000
0.000000
0.000000
0.000000
0.000000
0.000000
0.000095
0.012255
0.000000
0.004470
0.000000
0.000000
0.000000
0.002282
0.000000
0.001703
0.000409
0.000000
0.000199
0.000000
0.000000
0.000000
0.000000
0.000000
0.000000
0.000000
0.000000
0.000000
0.000000
0.000000
0.000000
0.000000
0.000000
0.000000
0.000000
0.000000
0.000000
0.000000
0.000000
0.000000
0.000000
0.000000
0.000000
0.000000
0.000000
0.000209
0.000000
0.005114
0.002271
0.000000
0.000000
0.000000
0.000000
0.001544
0.000233
0.000000
0.002247
0.000051
0.000000
0.000000
0.000000
0.000000
0.000028
0.000000
0.000000
0.000000
0.000000
0.000000
0.000000
0.000000
0.000000
0.000000
0.000000
0.000000
0.000000
0.000000
0.000000
0.000000
0.000000
0.000000
0.000000
0.000000
0.000000
0.000000
0.000719
0.005311
0.004101
0.048746
0.000000
0.000000
0.000000
0.000559
0.001301
0.007974
0.000211
0.002755
0.003279
0.000000
0.000000
0.000000
0.000000
0.000000
0.000000
0.000000
0.000000
0.000000
0.000000
0.000000
0.000000
0.000000
0.000000
0.000000
0.000000
0.000000
0.000000
0.000000
0.000000
0.000000
0.000000
0.000000
0.000000
0.000000
0.000000
0.000092
0.000000
0.000000
0.000000
0.010834
0.000000
0.005152
0.002923
0.000000
0.001023
0.000000
0.000000
0.000000
0.000064
0.000000
0.000258
0.000000
0.000000
0.000000
0.000000
0.000000
0.000000
0.000000
0.000000
0.000000
0.000000
0.000000
0.000000
0.000000
0.000000
0.000000
0.000000
0.000000
0.000000
0.000000
0.000000
0.000000
0.000000
0.000058
0.000150
0.000000
0.000000
0.000000
0.000000
0.013880
0.006133
0.000000
0.001174
0.001716
0.000000
0.000000
0.000000
0.000000
0.002136
0.000027
0.000000
0.000025
0.000039
0.000000
0.000000
0.000000
0.000000
0.000000
0.000000
0.000000
0.000000
0.000000
0.000000
0.000000
0.000000
0.000000
0.000000
0.000000
0.000000
0.000000
0.000000
0.000000
0.000000
0.000793
0.000000
0.000000
0.000000
0.006521
0.005180
0.041135
0.000888
0.001039
0.012057
0.000000
0.000000
0.000000
0.000110
0.000599
0.001417
0.000000
0.000000
0.000000
0.000000
0.000000
0.000000
0.000000
0.000000
0.000000
0.000000
0.000000
0.000000
0.000000
0.000000
0.000000
0.000000
0.000000
0.000000
0.000000
0.000000
0.000000
0.000000
0.000000
0.000111
0.001120
0.000000
0.002851
0.000929
0.000000
0.000664
0.006312
0.000000
0.004438
0.000195
0.000000
0.000000
0.000058
0.000000
0.000028
0.000363
0.000000
0.000177
0.000000
0.000000
0.000000
0.000000
0.000000
0.000000
0.000000
0.000000
0.000000
0.000000
0.000000
0.000000
0.000000
0.000000
0.000000
0.000000
0.000000
0.000000
0.000000
0.000000
0.000058
0.000000
0.001178
0.000609
0.000000
0.002298
0.000869
0.000000
0.005120
0.003132
0.000000
0.000336
0.000000
0.000000
0.000120
0.000039
0.000000
0.000179
0.000018
0.000000
0.000000
0.000000
0.000000
0.000000
0.000000
0.000000
0.000000
0.000000
0.000000
0.000000
0.000000
0.000000
0.000000
0.000000
0.000000
0.000000
0.000000
0.000000
0.000058
0.000714
0.002025
0.000489
0.013452
0.000437
0.001756
0.007790
0.004022
0.003228
0.034117
0.000259
0.000000
0.000394
0.000028
0.000817
0.000329
0.000131
0.000089
0.000863
0.000000
0.000000
0.000000
0.000000
0.000000
0.000000
0.000000
0.000000
0.000000
0.000000
0.000000
0.000000
0.000000
0.000000
0.000000
0.000000
0.000000
0.000000
0.002063
0.000000
0.000000
0.000582
0.000000
0.000293
0.000000
0.000000
0.000000
0.000000
0.000000
0.000129
0.001613
0.000155
0.000261
0.000000
0.000000
0.000000
0.000049
0.000000
0.000000
0.000000
0.000000
0.000000
0.000000
0.000000
0.000000
0.000000
0.000000
0.000000
0.000000
0.000000
0.000000
0.000000
0.000000
0.000000
0.000000
0.000000
0.000000
0.006881
0.000067
0.000000
0.000000
0.000537
0.000203
0.000000
0.000000
0.000000
0.000000
0.000000
0.000077
0.000000
0.005595
0.001534
0.000519
0.000000
0.000000
0.000000
0.000146
0.000207
0.000000
0.000000
0.000000
0.000000
0.000000
0.000000
0.000000
0.000000
0.000000
0.000000
0.000028
0.000000
0.000000
0.000000
0.000343
0.000000
0.000000
0.000032
0.000759
0.000039
0.000000
0.000036
0.000018
0.001642
0.000000
0.000000
0.000000
0.000000
0.000000
0.000763
0.000884
0.002047
0.000897
0.000000
0.000000
0.000000
0.000000
0.000000
0.000000
0.000000
0.000000
0.000000
0.000000
0.000000
0.000000
0.000000
0.000000
0.000000
0.000000
0.000000
0.000000
0.000000
0.000000
0.000000
0.000000
0.000000
0.000000
0.000722
0.000000
0.000032
0.000000
0.000000
0.000000
0.001433
0.000000
0.000247
0.000000
0.000000
0.000000
0.000000
0.000000
0.000000
0.001219
0.000000
0.000365
0.000259
0.000000
0.000236
0.000000
0.000000
0.000000
0.000000
0.000000
0.000000
0.000000
0.000000
0.000000
0.000000
0.000000
0.000000
0.000000
0.000259
0.000000
0.000000
0.000000
0.000000
0.005275
0.000052
0.000085
0.000000
0.000000
0.000000
0.000000
0.001556
0.000963
0.000000
0.000045
0.000164
0.000000
0.000000
0.000000
0.000000
0.005818
0.002922
0.000000
0.000025
0.000353
0.000000
0.000000
0.000000
0.000000
0.000000
0.000000
0.000000
0.000000
0.000000
0.000000
0.000000
0.000000
0.000000
0.000000
0.000000
0.000000
0.000000
0.000000
0.000703
0.000077
0.000085
0.000000
0.000000
0.000000
0.000037
0.000000
0.004039
0.000083
0.000000
0.000442
0.000000
0.000000
0.000000
0.000075
0.001460
0.001473
0.000000
0.000000
0.000401
0.000000
0.000000
0.000000
0.000000
0.000000
0.000000
0.000000
0.000000
0.000000
0.000000
0.000000
0.000000
0.000000
0.000000
0.000000
0.000000
0.000000
0.000000
0.000000
0.000055
0.000259
0.000085
0.000000
0.000000
0.000000
0.000000
0.000000
0.000000
0.000000
0.000049
0.000116
0.000000
0.000000
0.000323
0.000000
0.000000
0.000085
0.000000
0.000000
0.000000
0.000000
0.000000
0.000000
0.000000
0.000000
0.000000
0.000000
0.000000
0.000000
0.000000
0.000000
0.000000
0.000000
0.000000
0.000000
0.000000
0.000000
0.000226
0.000000
0.000000
0.000000
0.000000
0.000086
0.000000
0.000000
0.000058
0.000000
0.000025
0.000201
0.000000
0.000045
0.000000
0.000000
0.000135
0.000000
0.000000
0.000340
0.000074
0.000000
0.000000
0.000000
0.000000
0.000000
0.000000
0.000000
0.000000
0.000000
0.000000
0.000000
0.000000
0.000000
0.000000
0.000000
0.000000
0.000000
0.000000
0.000036
0.000000
0.000000
0.000000
0.000000
0.000219
0.000000
0.000000
0.000055
0.000123
0.000000
0.001385
0.000144
0.000000
0.000209
0.000064
0.000344
0.000217
0.000000
0.000085
0.000205
