0.003867
0.006914
0.013407
0.001336
0.006259
0.009702
0.001719
0.002432
0.007738
0.001447
0.004457
0.002589
0.000895
0.005189
0.002118
0.000311
0.000863
0.001179
0.440475
0.001462
0.031391
0.029485
0.014961
0.110057
0.022132
0.026242
0.073786
0.017007
0.010569
0.073138
0.004886
0.018591
0.013373
0.003512
0.018150
0.009903
0.001383
0.001916
0.005161
0.002384
0.000000
0.000934
0.000000
0.000000
0.000000
0.000263
0.000000
0.000141
0.000018
0.000000
0.000012
0.000000
0.000000
0.000000
0.000000
0.000000
0.000000
0.000000
0.000000
0.000130
0.000000
0.000000
0.000000
0.000000
0.000000
0.000000
0.000000
0.000000
0.000000
0.000000
0.000000
0.000000
0.000000
0.000000
0.000000
0.000000
0.000000
0.000000
0.000000
0.004458
0.001285
0.000000
0.000000
0.000000
0.000000
0.000340
0.000123
0.000000
0.000411
0.000051
0.000000
0.000000
0.000000
0.000000
0.000019
0.000000
0.000000
0.000008
0.000220
0.000000
0.000000
0.000000
0.000000
0.000000
0.000000
0.000000
0.000000
0.000000
0.000000
0.000000
0.000000
0.000000
0.000000
0.000000
0.000000
0.000000
0.000000
0.000912
0.001239
0.007874
0.000000
0.000000
0.000000
0.000250
0.000183
0.001152
0.000135
0.000289
0.000676
0.000000
0.000000
0.000000
0.000006
0.000016
0.000082
0.000000
0.000168
0.000343
0.000000
0.000000
0.000000
0.000000
0.000000
0.000000
0.000000
0.000000
0.000000
0.000000
0.000000
0.000000
0.000000
0.000000
0.000000
0.000000
0.000000
0.000000
0.000000
0.000000
0.000000
0.000568
0.000000
0.000502
0.000140
0.000000
0.000030
0.000000
0.000000
0.000000
0.000058
0.000000
0.000009
0.000000
0.000000
0.000009
0.000000
0.000000
0.000025
0.000000
0.000000
0.000000
0.000000
0.000000
0.000000
0.000000
0.000000
0.000000
0.000000
0.000000
0.000000
0.000000
0.000000
0.000000
0.000000
0.000000
0.000000
0.000000
0.000000
0.000000
0.000000
0.003479
0.001038
0.000000
0.000337
0.000197
0.000000
0.000000
0.000000
0.000000
0.000751
0.000041
0.000000
0.000058
0.000000
0.000000
0.000009
0.000170
0.000000
0.000000
0.000000
0.000000
0.000000
0.000000
0.000000
0.000000
0.000000
0.000000
0.000000
0.000000
0.000000
0.000000
0.000000
0.000000
0.000000
0.000000
0.000000
0.000000
0.000000
0.000396
0.001259
0.005950
0.000028
0.000108
0.000810
0.000000
0.000000
0.000000
0.000088
0.000320
0.000377
0.000007
0.000000
0.000026
0.000000
0.000006
0.000219
0.000000
0.000000
0.000000
0.000000
0.000000
0.000000
0.000000
0.000000
0.000000
0.000000
0.000000
0.000000
0.000000
0.000000
0.000000
0.000000
0.000000
0.000000
0.000132
0.000000
0.000126
0.000186
0.000000
0.000100
0.000531
0.000000
0.000467
0.000010
0.000000
0.000000
0.000014
0.000000
0.000007
0.000048
0.000000
0.000040
0.000000
0.000000
0.000064
0.000000
0.000000
0.000000
0.000000
0.000000
0.000000
0.000000
0.000000
0.000000
0.000000
0.000000
0.000000
0.000000
0.000000
0.000000
0.000000
0.000000
0.000000
0.000000
0.000330
0.000068
0.000000
0.000349
0.000051
0.000000
0.000808
0.000379
0.000000
0.000012
0.000000
0.000000
0.000114
0.000007
0.000000
0.000164
0.000000
0.000000
0.000000
0.000087
0.000000
0.000000
0.000000
0.000000
0.000000
0.000000
0.000000
0.000000
0.000000
0.000000
0.000000
0.000000
0.000000
0.000000
0.000000
0.000000
0.000000
0.000000
0.000122
0.000096
0.001076
0.000083
0.000309
0.000879
0.000354
0.000418
0.003388
0.000011
0.000008
0.000018
0.000013
0.000118
0.000119
0.000005
0.000135
0.000392
0.000000
0.000008
0.000215
0.000000
0.000000
0.000000
0.000000
0.000000
0.000000
0.000000
0.000000
0.000000
0.000000
0.000000
0.000000
0.000000
0.000000
0.000000
0.000000
0.000000
0.000000
0.000067
0.000000
0.000259
0.000000
0.000000
0.000000
0.000009
0.000000
0.000008
0.000526
0.000000
0.000075
0.000000
0.000000
0.000000
0.000071
0.000000
0.000009
0.000364
0.000000
0.000000
0.000000
0.000000
0.000000
0.000000
0.000000
0.000000
0.000000
0.000000
0.000000
0.000000
0.000000
0.000000
0.000000
0.000000
0.000000
0.000000
0.000000
0.000000
0.000000
0.000499
0.000367
0.000000
0.000000
0.000000
0.000000
0.000062
0.000011
0.000000
0.001402
0.000659
0.000000
0.000000
0.000000
0.000000
0.000068
0.000117
0.001088
0.000000
0.000166
0.000000
0.000000
0.000000
0.000000
0.000000
0.000000
0.000000
0.000000
0.000000
0.000007
0.000043
0.000013
0.000000
0.000000
0.000000
0.000000
0.000000
0.000000
0.000175
0.000014
0.000949
0.000000
0.000000
0.000000
0.000000
0.000000
0.000054
0.000131
0.000170
0.000597
0.000000
0.000000
0.000000
0.000000
0.000000
0.000015
0.000382
0.000051
0.000014
0.000000
0.000000
0.000000
0.000000
0.000000
0.000000
0.000000
0.000000
0.000000
0.000000
0.000054
0.000000
0.000000
0.000000
0.000000
0.000000
0.000000
0.000000
0.000000
0.000000
0.000000
0.000055
0.000000
0.000023
0.000013
0.000000
0.000000
0.000000
0.000000
0.000000
0.000246
0.000000
0.000128
0.000017
0.000000
0.000071
0.000198
0.000013
0.000000
0.000000
0.000000
0.000000
0.000000
0.000000
0.000000
0.000000
0.000000
0.000000
0.000000
0.000000
0.000000
0.000025
0.000000
0.000010
0.000000
0.000000
0.000000
0.000000
0.000000
0.000000
0.000000
0.000674
0.000175
0.000000
0.000054
0.000165
0.000000
0.000000
0.000000
0.000000
0.001923
0.000229
0.000000
0.000082
0.000101
0.001540
0.000115
0.000047
0.000000
0.000000
0.000000
0.000000
0.000000
0.000000
0.000000
0.000000
0.000000
0.000000
0.000000
0.000000
0.000000
0.000050
0.000006
0.000000
0.000000
0.000000
0.000000
0.000000
0.000000
0.000005
0.000023
0.000646
0.000000
0.000005
0.000116
0.000000
0.000000
0.000000
0.000160
0.000123
0.000376
0.000000
0.000000
0.000142
0.000408
0.000055
0.000012
0.000000
0.000000
0.000000
0.000000
0.000000
0.000000
0.000000
0.000000
0.000000
0.000000
0.000000
0.000000
0.000000
0.000006
0.000000
0.000000
0.000000
0.000000
0.000000
0.000000
0.000017
0.000000
0.000000
0.000045
0.000075
0.000000
0.000037
0.000032
0.000000
0.000000
0.000015
0.000000
0.000000
0.000062
0.000000
0.000000
0.000018
0.000000
0.000012
0.000000
0.000000
0.000000
0.000000
0.000000
0.000000
0.000000
0.000000
0.000000
0.000000
0.000000
0.000000
0.000000
0.000000
0.000000
0.000000
0.000000
0.000000
0.000000
0.000005
0.000007
0.000000
0.000011
0.000000
0.000000
0.000078
0.000145
0.000000
0.000106
0.000000
0.000000
0.000194
0.000000
0.000000
0.000099
0.000052
0.000133
0.000000
0.000000
0.000000
0.000000
0.000000
0.000000
0.000000
0.000000
0.000000
0.000000
0.000000
0.000000
0.000000
0.000000
0.000000
0.000000
0.000041
0.000000
0.000000
0.000000
0.000020
0.000000
0.000012
0.000000
0.000000
0.000033
0.000017
0.000000
0.000483
0.000088
0.000046
0.000005
0.000000
0.000088
0.000144
0.000000
0.000083
0.000044
0.000031
0.000013
0.000019
0.000000
0.000000
0.000000
0.000000
0.000000
0.000000
0.000000
0.000000
0.000000
0.000000
0.000000
0.000000
0.000000
0.000000
0.000000
0.000000
0.000000
0.000000
0.000000
0.000000
0.000000
0.000000
0.000000
0.000000
0.000000
0.000000
0.000000
0.000394
0.001500
0.000375
0.000235
0.001456
0.000422
0.000098
0.000127
0.000028
0.415261
0.000000
0.000163
0.000000
0.000000
0.000000
0.000000
0.000000
0.000000
0.000000
0.000000
0.000000
0.001388
0.004668
0.002048
0.001536
0.005276
0.001877
0.000120
0.000187
0.000264
0.000014
0.000000
0.000087
0.000000
0.000074
0.000015
0.000000
0.000006
0.000000
0.000015
0.000124
0.000062
0.000000
0.000032
0.000202
0.000000
0.000010
0.000033
0.000000
0.000364
0.000000
0.000000
0.000000
0.000090
0.000009
0.000000
0.000075
0.000000
0.000000
0.000000
0.000000
0.000048
0.000038
0.000000
0.000100
0.000027
0.000000
0.000013
0.000045
0.000068
0.000153
0.000375
0.000022
0.000087
0.000297
0.000051
0.000045
0.000099
0.000000
0.000034
0.000025
0.000000
0.000059
0.000017
0.000000
0.000000
0.000014
0.000029
0.000000
0.028305
0.000223
0.000040
0.000470
0.000132
0.000081
0.000337
0.000144
0.000026
0.000404
0.000013
0.000017
0.000024
0.000000
0.000026
0.000007
0.000008
0.000000
0.000000
0.000000
0.000000
0.000000
0.000000
0.000000
0.000000
0.000000
0.000000
0.000000
0.000000
0.000000
0.000000
0.000000
0.000000
0.000000
0.000000
0.000000
0.000000
0.000000
0.000000
0.000084
0.015685
0.000000
0.009672
0.000000
0.000000
0.000000
0.002091
0.000000
0.001273
0.000487
0.000000
0.000345
0.000000
0.000000
0.000000
0.000061
0.000000
0.000036
0.000000
0.000000
0.000000
0.000000
0.000000
0.000000
0.000000
0.000000
0.000000
0.000000
0.000000
0.000000
0.000000
0.000000
0.000000
0.000000
0.000000
0.000000
0.000000
0.000019
0.000122
0.000000
0.006810
0.003508
0.000000
0.000000
0.000000
0.000000
0.001624
0.000632
0.000000
0.002221
0.000142
0.000000
0.000000
0.000000
0.000000
0.000013
0.000000
0.000000
0.000000
0.000000
0.000000
0.000000
0.000000
0.000000
0.000000
0.000000
0.000000
0.000000
0.000000
0.000000
0.000000
0.000000
0.000000
0.000000
0.000000
0.000000
0.000065
0.000275
0.009642
0.005861
0.074609
0.000000
0.000000
0.000000
0.001301
0.001104
0.010968
0.000335
0.002251
0.004029
0.000000
0.000000
0.000000
0.000019
0.000062
0.000619
0.000000
0.000000
0.000000
0.000000
0.000000
0.000000
0.000000
0.000000
0.000000
0.000000
0.000000
0.000000
0.000000
0.000000
0.000000
0.000000
0.000000
0.000000
0.000000
0.000000
0.000077
0.000000
0.000000
0.000000
0.012971
0.000000
0.005964
0.001577
0.000000
0.001209
0.000000
0.000000
0.000000
0.000178
0.000000
0.000174
0.000020
0.000000
0.000099
0.000000
0.000000
0.000000
0.000000
0.000000
0.000000
0.000000
0.000000
0.000000
0.000000
0.000000
0.000000
0.000000
0.000000
0.000000
0.000000
0.000000
0.000000
0.000000
0.000025
0.000179
0.000000
0.000000
0.000000
0.000000
0.014159
0.007203
0.000000
0.000850
0.001972
0.000000
0.000000
0.000000
0.000000
0.001977
0.000012
0.000000
0.000006
0.000000
0.000000
0.000000
0.000000
0.000000
0.000000
0.000000
0.000000
0.000000
0.000000
0.000000
0.000000
0.000000
0.000000
0.000000
0.000000
0.000000
0.000000
0.000000
0.000000
0.000000
0.000183
0.000000
0.000000
0.000000
0.006160
0.005948
0.045151
0.001469
0.000532
0.011300
0.000000
0.000000
0.000000
0.000033
0.001469
0.001865
0.000011
0.000000
0.000117
0.000000
0.000000
0.000000
0.000000
0.000000
0.000000
0.000000
0.000000
0.000000
0.000000
0.000000
0.000000
0.000000
0.000000
0.000000
0.000000
0.000000
0.000000
0.000000
0.000000
0.000050
0.001245
0.000000
0.001997
0.001045
0.000000
0.001132
0.006125
0.000000
0.004396
0.000192
0.000000
0.000086
0.000087
0.000000
0.000103
0.000368
0.000000
0.000340
0.000000
0.000000
0.000000
0.000000
0.000000
0.000000
0.000000
0.000000
0.000000
0.000000
0.000000
0.000000
0.000000
0.000000
0.000000
0.000000
0.000000
0.000000
0.000000
0.000005
0.000075
0.000000
0.000876
0.000527
0.000000
0.002201
0.000939
0.000000
0.003456
0.001823
0.000000
0.000116
0.000000
0.000000
0.000259
0.000007
0.000000
0.000369
0.000000
0.000000
0.000000
0.000000
0.000000
0.000000
0.000000
0.000000
0.000000
0.000000
0.000000
0.000000
0.000000
0.000000
0.000000
0.000000
0.000000
0.000000
0.000000
0.000000
0.000081
0.000154
0.001687
0.000977
0.014507
0.000856
0.001499
0.006890
0.004016
0.002818
0.036029
0.000086
0.000353
0.000552
0.000023
0.000361
0.001031
0.000065
0.000511
0.001372
0.000000
0.000000
0.000000
0.000000
0.000000
0.000000
0.000000
0.000000
0.000000
0.000012
0.000070
0.000000
0.000000
0.000000
0.000000
0.000000
0.000000
0.000000
0.001503
0.000000
0.000009
0.000488
0.000000
0.000339
0.000000
0.000000
0.000000
0.000078
0.000000
0.000016
0.001762
0.000061
0.000444
0.000000
0.000000
0.000015
0.000113
0.000000
0.000014
0.000000
0.000000
0.000000
0.000000
0.000000
0.000000
0.000000
0.000000
0.000000
0.000009
0.000119
0.000052
0.000000
0.000000
0.000000
0.000000
0.000000
0.000000
0.007581
0.000077
0.000017
0.000000
0.000490
0.001216
0.000000
0.000000
0.000000
0.000000
0.000007
0.000091
0.000014
0.005618
0.002721
0.000000
0.000071
0.000000
0.000000
0.000119
0.000409
0.000000
0.000000
0.000000
0.000000
0.000000
0.000000
0.000000
0.000000
0.000000
0.000000
0.000061
0.000000
0.000000
0.000000
0.000000
0.000000
0.000000
0.000007
0.001628
0.000054
0.000039
0.000609
0.000023
0.003992
0.000000
0.000000
0.000000
0.000046
0.000000
0.000520
0.000434
0.002931
0.002897
0.000000
0.000000
0.000000
0.000000
0.000000
0.000246
0.000000
0.000000
0.000000
0.000000
0.000000
0.000000
0.000000
0.000000
0.000000
0.000000
0.000000
0.000007
0.000000
0.000011
0.000000
0.000000
0.000000
0.000000
0.000816
0.000010
0.000010
0.000000
0.000000
0.000000
0.000616
0.000000
0.000241
0.000055
0.000000
0.000036
0.000000
0.000006
0.000000
0.001088
0.000000
0.000278
0.000245
0.000000
0.000117
0.000000
0.000000
0.000000
0.000000
0.000000
0.000000
0.000000
0.000000
0.000000
0.000074
0.000062
0.000000
0.000000
0.000025
0.000000
0.000000
0.000012
0.000007
0.006431
0.000104
0.000010
0.000000
0.000000
0.000000
0.000000
0.001029
0.001514
0.000000
0.000059
0.000275
0.000000
0.000000
0.000000
0.000011
0.005718
0.002114
0.000000
0.000148
0.000512
0.000000
0.000000
0.000000
0.000000
0.000000
0.000000
0.000000
0.000000
0.000000
0.000000
0.000000
0.000000
0.000071
0.000011
0.000013
0.000000
0.000000
0.000000
0.001517
0.000104
0.000006
0.000000
0.000000
0.000000
0.000417
0.000077
0.003235
0.000000
0.000000
0.000508
0.000000
0.000000
0.000000
0.000260
0.001562
0.001923
0.000000
0.000000
0.000172
0.000000
0.000000
0.000000
0.000000
0.000000
0.000000
0.000000
0.000000
0.000000
0.000000
0.000000
0.000000
0.000000
0.000000
0.000000
0.000000
0.000000
0.000000
0.000332
0.000000
0.000000
0.000077
0.000000
0.000013
0.000036
0.000000
0.000042
0.000151
0.000000
0.000115
0.000128
0.000000
0.000000
0.000257
0.000007
0.000000
0.000182
0.000000
0.000057
0.000000
0.000000
0.000000
0.000000
0.000000
0.000000
0.000000
0.000000
0.000000
0.000000
0.000073
0.000000
0.000000
0.000000
0.000000
0.000000
0.000000
0.000000
0.000412
0.000050
0.000000
0.000000
0.000014
0.000010
0.000000
0.000000
0.000006
0.000000
0.000082
0.000254
0.000000
0.000171
0.000000
0.000000
0.000604
0.000000
0.000000
0.000096
0.000160
0.000000
0.000000
0.000000
0.000000
0.000000
0.000000
0.000000
0.000000
0.000000
0.000000
0.000000
0.000000
0.000000
0.000000
0.000000
0.000000
0.000000
0.000000
0.000327
0.000077
0.000014
0.000068
0.000000
0.000228
0.000000
0.000000
0.000118
0.000101
0.000000
0.001430
0.000065
0.000222
0.000160
0.000013
0.000730
0.000459
0.000184
0.000395
0.000619
