0.001275
0.006812
0.012359
0.001899
0.005281
0.005528
0.002018
0.001921
0.005068
0.000989
0.003881
0.001282
0.000756
0.003434
0.002408
0.000400
0.000212
0.000317
0.565458
0.000562
0.034173
0.028038
0.018503
0.072732
0.023177
0.015433
0.049688
0.021832
0.008636
0.048377
0.003954
0.014424
0.007181
0.008149
0.010756
0.007507
0.001097
0.001458
0.003023
0.000568
0.000000
0.000359
0.000000
0.000000
0.000000
0.000180
0.000000
0.000000
0.000041
0.000000
0.000000
0.000000
0.000000
0.000000
0.000000
0.000000
0.000000
0.000000
0.000000
0.000065
0.000000
0.000000
0.000000
0.000000
0.000000
0.000000
0.000000
0.000000
0.000000
0.000000
0.000000
0.000000
0.000000
0.000000
0.000000
0.000000
0.000000
0.000000
0.000000
0.004577
0.000976
0.000000
0.000000
0.000000
0.000000
0.000000
0.000554
0.000000
0.000521
0.000109
0.000000
0.000000
0.000000
0.000000
0.000000
0.000000
0.000000
0.000000
0.000133
0.000000
0.000000
0.000000
0.000000
0.000000
0.000000
0.000000
0.000000
0.000000
0.000000
0.000000
0.000000
0.000000
0.000000
0.000000
0.000000
0.000000
0.000000
0.000170
0.001094
0.008142
0.000000
0.000000
0.000000
0.000041
0.000069
0.001633
0.000078
0.000367
0.000233
0.000000
0.000000
0.000000
0.000000
0.000000
0.000037
0.000000
0.000000
0.000069
0.000000
0.000000
0.000000
0.000000
0.000000
0.000000
0.000000
0.000000
0.000000
0.000000
0.000000
0.000000
0.000000
0.000000
0.000000
0.000000
0.000000
0.000000
0.000000
0.000000
0.000000
0.000949
0.000000
0.000362
0.000317
0.000000
0.000106
0.000000
0.000000
0.000000
0.000168
0.000000
0.000000
0.000000
0.000000
0.000000
0.000000
0.000000
0.000000
0.000000
0.000000
0.000000
0.000000
0.000000
0.000000
0.000000
0.000000
0.000000
0.000000
0.000000
0.000000
0.000000
0.000000
0.000000
0.000000
0.000000
0.000000
0.000000
0.000000
0.000000
0.000000
0.003183
0.001029
0.000000
0.000082
0.000000
0.000000
0.000000
0.000000
0.000000
0.001019
0.000000
0.000000
0.000000
0.000000
0.000000
0.000000
0.000000
0.000000
0.000000
0.000000
0.000000
0.000000
0.000000
0.000000
0.000000
0.000000
0.000000
0.000000
0.000000
0.000000
0.000000
0.000000
0.000000
0.000000
0.000000
0.000000
0.000000
0.000000
0.000291
0.001138
0.002587
0.000078
0.000513
0.000157
0.000000
0.000000
0.000000
0.000037
0.000079
0.000640
0.000000
0.000000
0.000037
0.000000
0.000000
0.000000
0.000000
0.000000
0.000000
0.000000
0.000000
0.000000
0.000000
0.000000
0.000000
0.000000
0.000000
0.000000
0.000000
0.000000
0.000000
0.000000
0.000000
0.000000
0.000313
0.000000
0.000226
0.000372
0.000000
0.000048
0.000800
0.000000
0.000109
0.000075
0.000000
0.000000
0.000000
0.000000
0.000000
0.000078
0.000000
0.000000
0.000000
0.000000
0.000000
0.000000
0.000000
0.000000
0.000000
0.000000
0.000000
0.000000
0.000000
0.000000
0.000000
0.000000
0.000000
0.000000
0.000000
0.000000
0.000000
0.000000
0.000000
0.000000
0.000041
0.000554
0.000000
0.000581
0.000037
0.000000
0.000554
0.000069
0.000000
0.000037
0.000000
0.000000
0.000000
0.000000
0.000000
0.000000
0.000000
0.000000
0.000000
0.000069
0.000000
0.000000
0.000000
0.000000
0.000000
0.000000
0.000000
0.000000
0.000000
0.000000
0.000000
0.000000
0.000000
0.000000
0.000000
0.000000
0.000000
0.000000
0.000079
0.000065
0.000377
0.000041
0.000000
0.000996
0.000246
0.000687
0.002044
0.000000
0.000000
0.000000
0.000041
0.000000
0.000377
0.000037
0.000000
0.000116
0.000000
0.000000
0.000000
0.000000
0.000000
0.000000
0.000000
0.000000
0.000000
0.000000
0.000000
0.000000
0.000000
0.000000
0.000000
0.000000
0.000000
0.000000
0.000000
0.000000
0.000000
0.000147
0.000000
0.000114
0.000000
0.000000
0.000000
0.000000
0.000000
0.000000
0.000416
0.000000
0.000000
0.000000
0.000000
0.000000
0.000000
0.000000
0.000000
0.000313
0.000000
0.000000
0.000000
0.000000
0.000000
0.000000
0.000000
0.000000
0.000000
0.000000
0.000000
0.000000
0.000000
0.000000
0.000000
0.000000
0.000000
0.000000
0.000000
0.000000
0.000000
0.000380
0.000414
0.000000
0.000000
0.000000
0.000000
0.000000
0.000037
0.000000
0.001415
0.000413
0.000000
0.000000
0.000000
0.000000
0.000075
0.000037
0.000984
0.000099
0.000000
0.000000
0.000000
0.000000
0.000000
0.000000
0.000000
0.000000
0.000000
0.000000
0.000000
0.000000
0.000038
0.000000
0.000000
0.000000
0.000000
0.000000
0.000000
0.000000
0.000000
0.000307
0.000000
0.000000
0.000000
0.000000
0.000000
0.000215
0.000079
0.000154
0.000341
0.000000
0.000000
0.000000
0.000000
0.000000
0.000000
0.000150
0.000000
0.000000
0.000000
0.000000
0.000000
0.000000
0.000000
0.000000
0.000000
0.000000
0.000000
0.000000
0.000000
0.000000
0.000000
0.000037
0.000000
0.000000
0.000000
0.000000
0.000000
0.000000
0.000000
0.000078
0.000000
0.000000
0.000000
0.000000
0.000000
0.000000
0.000000
0.000000
0.000235
0.000000
0.000041
0.000041
0.000000
0.000000
0.000324
0.000000
0.000000
0.000000
0.000000
0.000000
0.000000
0.000000
0.000000
0.000000
0.000000
0.000000
0.000000
0.000000
0.000000
0.000000
0.000037
0.000000
0.000000
0.000000
0.000000
0.000000
0.000000
0.000000
0.000000
0.000168
0.000085
0.000000
0.000000
0.000000
0.000000
0.000000
0.000000
0.000000
0.001241
0.000438
0.000000
0.000000
0.000000
0.001010
0.000000
0.000000
0.000000
0.000000
0.000000
0.000000
0.000000
0.000000
0.000000
0.000000
0.000000
0.000000
0.000000
0.000000
0.000000
0.000513
0.000000
0.000000
0.000000
0.000000
0.000000
0.000000
0.000000
0.000037
0.000069
0.000413
0.000000
0.000000
0.000106
0.000000
0.000000
0.000000
0.000041
0.000425
0.000658
0.000000
0.000000
0.000052
0.000552
0.000000
0.000069
0.000000
0.000000
0.000000
0.000000
0.000000
0.000000
0.000000
0.000000
0.000000
0.000000
0.000000
0.000000
0.000000
0.000000
0.000000
0.000000
0.000000
0.000000
0.000000
0.000000
0.000000
0.000000
0.000000
0.000000
0.000179
0.000000
0.000000
0.000041
0.000000
0.000000
0.000075
0.000000
0.000000
0.000069
0.000000
0.000000
0.000037
0.000000
0.000000
0.000000
0.000000
0.000000
0.000000
0.000000
0.000000
0.000000
0.000000
0.000000
0.000000
0.000000
0.000000
0.000000
0.000000
0.000000
0.000000
0.000000
0.000000
0.000000
0.000069
0.000000
0.000000
0.000000
0.000000
0.000000
0.000037
0.000037
0.000000
0.000000
0.000000
0.000000
0.000000
0.000000
0.000000
0.000069
0.000000
0.000000
0.000000
0.000000
0.000000
0.000000
0.000000
0.000000
0.000000
0.000000
0.000000
0.000000
0.000000
0.000000
0.000000
0.000000
0.000000
0.000000
0.000000
0.000000
0.000000
0.000000
0.000000
0.000000
0.000000
0.000000
0.000000
0.000000
0.000052
0.000000
0.000037
0.000000
0.000000
0.000037
0.000000
0.000000
0.000000
0.000037
0.000000
0.000037
0.000079
0.000037
0.000000
0.000000
0.000000
0.000000
0.000000
0.000000
0.000000
0.000000
0.000000
0.000000
0.000000
0.000000
0.000000
0.000000
0.000000
0.000000
0.000000
0.000000
0.000000
0.000000
0.000000
0.000000
0.000000
0.000000
0.000000
0.000000
0.000000
0.000000
0.000223
0.001279
0.000150
0.000160
0.000650
0.000227
0.000137
0.000069
0.000000
0.547048
0.000000
0.000064
0.000000
0.000000
0.000000
0.000000
0.000000
0.000000
0.000000
0.000000
0.000000
0.000815
0.002747
0.001176
0.003137
0.003985
0.001095
0.000098
0.000276
0.000139
0.000000
0.000000
0.000000
0.000069
0.000000
0.000000
0.000065
0.000000
0.000000
0.000038
0.000041
0.000000
0.000000
0.000041
0.000041
0.000000
0.000000
0.000000
0.000000
0.000133
0.000000
0.000000
0.000000
0.000000
0.000000
0.000000
0.000000
0.000000
0.000000
0.000000
0.000000
0.000000
0.000099
0.000000
0.000000
0.000000
0.000000
0.000037
0.000000
0.000000
0.000645
0.000937
0.000065
0.000173
0.000000
0.000065
0.000000
0.000000
0.000000
0.000000
0.000000
0.000000
0.000000
0.000000
0.000000
0.000000
0.000000
0.000000
0.000000
0.031711
0.000000
0.000133
0.000197
0.000065
0.000000
0.000000
0.000206
0.000000
0.000133
0.000000
0.000000
0.000000
0.000000
0.000000
0.000000
0.000000
0.000000
0.000000
0.000000
0.000000
0.000000
0.000000
0.000000
0.000000
0.000000
0.000000
0.000000
0.000000
0.000000
0.000000
0.000000
0.000000
0.000000
0.000000
0.000000
0.000000
0.000000
0.000000
0.000141
0.018538
0.000000
0.005611
0.000000
0.000000
0.000000
0.001794
0.000000
0.001069
0.000970
0.000000
0.000150
0.000000
0.000000
0.000000
0.000000
0.000000
0.000000
0.000000
0.000000
0.000000
0.000000
0.000000
0.000000
0.000000
0.000000
0.000000
0.000000
0.000000
0.000000
0.000000
0.000000
0.000000
0.000000
0.000000
0.000000
0.000000
0.000000
0.000000
0.000000
0.010644
0.003972
0.000000
0.000000
0.000000
0.000000
0.001116
0.000635
0.000000
0.002137
0.000000
0.000000
0.000000
0.000000
0.000000
0.000099
0.000000
0.000000
0.000000
0.000000
0.000000
0.000000
0.000000
0.000000
0.000000
0.000000
0.000000
0.000000
0.000000
0.000000
0.000000
0.000000
0.000000
0.000000
0.000000
0.000000
0.000065
0.001087
0.005189
0.005583
0.047848
0.000000
0.000000
0.000000
0.000276
0.000827
0.006367
0.000253
0.002459
0.002646
0.000000
0.000000
0.000000
0.000000
0.000000
0.000562
0.000000
0.000000
0.000000
0.000000
0.000000
0.000000
0.000000
0.000000
0.000000
0.000000
0.000000
0.000000
0.000000
0.000000
0.000000
0.000000
0.000000
0.000000
0.000000
0.000000
0.000000
0.000000
0.000000
0.000000
0.012853
0.000000
0.006581
0.001690
0.000000
0.001858
0.000000
0.000000
0.000000
0.000171
0.000000
0.000151
0.000000
0.000000
0.000000
0.000000
0.000000
0.000000
0.000000
0.000000
0.000000
0.000000
0.000000
0.000000
0.000000
0.000000
0.000000
0.000000
0.000000
0.000000
0.000000
0.000000
0.000000
0.000000
0.000000
0.000000
0.000000
0.000000
0.000000
0.000000
0.009462
0.003276
0.000000
0.001116
0.000624
0.000000
0.000000
0.000000
0.000000
0.000824
0.000086
0.000000
0.000110
0.000000
0.000000
0.000000
0.000000
0.000000
0.000000
0.000000
0.000000
0.000000
0.000000
0.000000
0.000000
0.000000
0.000000
0.000000
0.000000
0.000000
0.000000
0.000000
0.000000
0.000069
0.000554
0.000000
0.000000
0.000000
0.004878
0.002916
0.028149
0.002164
0.000621
0.007892
0.000000
0.000000
0.000000
0.000817
0.000607
0.001316
0.000000
0.000000
0.000000
0.000000
0.000000
0.000000
0.000000
0.000000
0.000000
0.000000
0.000000
0.000000
0.000000
0.000000
0.000000
0.000000
0.000000
0.000000
0.000000
0.000000
0.000000
0.000000
0.000000
0.000133
0.003397
0.000000
0.003239
0.001753
0.000000
0.000788
0.009372
0.000000
0.002850
0.000000
0.000000
0.000136
0.000170
0.000000
0.000000
0.000041
0.000000
0.000131
0.000000
0.000000
0.000000
0.000000
0.000000
0.000000
0.000000
0.000000
0.000000
0.000000
0.000000
0.000000
0.000000
0.000000
0.000000
0.000000
0.000000
0.000000
0.000000
0.000000
0.000048
0.000000
0.000951
0.001205
0.000000
0.001238
0.000605
0.000000
0.003278
0.001244
0.000000
0.000000
0.000000
0.000000
0.000000
0.000000
0.000000
0.000108
0.000000
0.000000
0.000000
0.000000
0.000000
0.000000
0.000000
0.000000
0.000000
0.000000
0.000000
0.000000
0.000000
0.000000
0.000000
0.000000
0.000000
0.000000
0.000000
0.000000
0.000000
0.000065
0.000583
0.000475
0.008988
0.000473
0.000750
0.004972
0.005919
0.001423
0.022855
0.000000
0.000086
0.000205
0.000000
0.000199
0.000628
0.000253
0.000110
0.000674
0.000000
0.000000
0.000000
0.000000
0.000000
0.000000
0.000000
0.000000
0.000000
0.000000
0.000000
0.000000
0.000000
0.000000
0.000000
0.000000
0.000000
0.000000
0.001782
0.000000
0.000000
0.000223
0.000000
0.000000
0.000000
0.000000
0.000000
0.000099
0.000000
0.000000
0.001387
0.000000
0.000271
0.000000
0.000000
0.000000
0.000099
0.000000
0.000124
0.000000
0.000000
0.000000
0.000000
0.000000
0.000000
0.000000
0.000000
0.000000
0.000000
0.000037
0.000000
0.000000
0.000000
0.000000
0.000000
0.000000
0.000000
0.006619
0.000000
0.000000
0.000000
0.000817
0.000534
0.000000
0.000000
0.000000
0.000000
0.000000
0.000000
0.000000
0.004852
0.001317
0.000000
0.000000
0.000124
0.000000
0.000000
0.000218
0.000000
0.000000
0.000000
0.000000
0.000000
0.000000
0.000000
0.000000
0.000000
0.000000
0.000041
0.000000
0.000000
0.000000
0.000000
0.000000
0.000000
0.000000
0.000495
0.000041
0.000000
0.000284
0.000000
0.001515
0.000000
0.000000
0.000000
0.000000
0.000000
0.001049
0.000559
0.001962
0.001177
0.000000
0.000000
0.000000
0.000000
0.000000
0.000090
0.000000
0.000000
0.000000
0.000000
0.000000
0.000000
0.000000
0.000000
0.000000
0.000000
0.000000
0.000000
0.000000
0.000000
0.000000
0.000000
0.000000
0.000000
0.001558
0.000041
0.000000
0.000000
0.000000
0.000000
0.002296
0.000000
0.000110
0.000174
0.000000
0.000038
0.000000
0.000000
0.000000
0.003504
0.000000
0.000260
0.000175
0.000000
0.000085
0.000000
0.000000
0.000000
0.000000
0.000000
0.000000
0.000000
0.000000
0.000000
0.000000
0.000000
0.000000
0.000000
0.000000
0.000000
0.000000
0.000000
0.000000
0.003532
0.000038
0.000000
0.000000
0.000000
0.000000
0.000000
0.000368
0.000632
0.000000
0.000297
0.000165
0.000000
0.000000
0.000000
0.000000
0.002647
0.002612
0.000000
0.000224
0.000276
0.000000
0.000000
0.000000
0.000000
0.000000
0.000000
0.000000
0.000000
0.000000
0.000000
0.000000
0.000000
0.000000
0.000000
0.000000
0.000000
0.000000
0.000000
0.000336
0.000041
0.000133
0.000000
0.000000
0.000000
0.000670
0.000113
0.002592
0.000000
0.000000
0.000342
0.000000
0.000000
0.000000
0.000359
0.001444
0.001268
0.000000
0.000000
0.000241
0.000000
0.000000
0.000000
0.000000
0.000000
0.000000
0.000000
0.000000
0.000000
0.000000
0.000000
0.000000
0.000000
0.000000
0.000000
0.000000
0.000000
0.000000
0.000377
0.000000
0.000000
0.000060
0.000000
0.000000
0.000000
0.000000
0.000000
0.000201
0.000000
0.000110
0.000000
0.000000
0.000000
0.000041
0.000000
0.000000
0.000313
0.000000
0.000000
0.000000
0.000000
0.000000
0.000000
0.000000
0.000000
0.000000
0.000000
0.000000
0.000000
0.000000
0.000000
0.000000
0.000000
0.000000
0.000000
0.000000
0.000000
0.000457
0.000000
0.000000
0.000000
0.000000
0.000000
0.000000
0.000000
0.000041
0.000000
0.000000
0.000302
0.000000
0.000000
0.000000
0.000000
0.000218
0.000000
0.000000
0.000250
0.000194
0.000000
0.000000
0.000000
0.000000
0.000000
0.000000
0.000000
0.000000
0.000000
0.000000
0.000000
0.000000
0.000000
0.000000
0.000000
0.000000
0.000000
0.000000
0.000363
0.000000
0.000000
0.000000
0.000000
0.000052
0.000176
0.000000
0.000000
0.000049
0.000000
0.001127
0.000000
0.000274
0.000000
0.000041
0.000278
0.000000
0.000124
0.000249
0.000297
