0.004596
0.009343
0.015758
0.002980
0.010740
0.010874
0.003285
0.004034
0.011469
0.001730
0.004722
0.001755
0.000816
0.006730
0.001998
0.000283
0.000859
0.001392
0.479505
0.000616
0.039674
0.020876
0.011681
0.076572
0.020260
0.023388
0.069351
0.016318
0.012957
0.070503
0.004767
0.015570
0.007265
0.004540
0.017994
0.009141
0.001033
0.001244
0.003379
0.001847
0.000000
0.001298
0.000000
0.000000
0.000000
0.000602
0.000000
0.000267
0.000426
0.000000
0.000135
0.000000
0.000000
0.000000
0.000000
0.000000
0.000000
0.000000
0.000000
0.000038
0.000000
0.000000
0.000000
0.000000
0.000000
0.000000
0.000000
0.000000
0.000000
0.000000
0.000000
0.000000
0.000000
0.000000
0.000000
0.000000
0.000000
0.000000
0.000000
0.006497
0.000786
0.000000
0.000000
0.000000
0.000000
0.000482
0.000444
0.000000
0.001163
0.000000
0.000000
0.000000
0.000000
0.000000
0.000000
0.000000
0.000000
0.000000
0.000000
0.000000
0.000000
0.000000
0.000000
0.000000
0.000000
0.000000
0.000000
0.000000
0.000000
0.000000
0.000000
0.000000
0.000000
0.000000
0.000000
0.000000
0.000000
0.001686
0.001707
0.009573
0.000000
0.000000
0.000000
0.000343
0.000426
0.001064
0.000054
0.000195
0.000528
0.000000
0.000000
0.000000
0.000000
0.000000
0.000026
0.000000
0.000000
0.000260
0.000000
0.000000
0.000000
0.000000
0.000000
0.000000
0.000000
0.000000
0.000000
0.000000
0.000000
0.000000
0.000000
0.000000
0.000000
0.000000
0.000000
0.000000
0.000000
0.000000
0.000000
0.001262
0.000000
0.001312
0.000242
0.000000
0.000092
0.000000
0.000000
0.000000
0.000049
0.000000
0.000036
0.000000
0.000000
0.000000
0.000000
0.000000
0.000000
0.000000
0.000000
0.000000
0.000000
0.000000
0.000000
0.000000
0.000000
0.000000
0.000000
0.000000
0.000000
0.000000
0.000000
0.000000
0.000000
0.000000
0.000000
0.000000
0.000000
0.000000
0.000000
0.007143
0.001043
0.000000
0.000313
0.000628
0.000000
0.000000
0.000000
0.000000
0.001135
0.000018
0.000000
0.000000
0.000000
0.000000
0.000031
0.000476
0.000000
0.000000
0.000000
0.000000
0.000000
0.000000
0.000000
0.000000
0.000000
0.000000
0.000000
0.000000
0.000000
0.000000
0.000000
0.000000
0.000000
0.000000
0.000000
0.000000
0.000000
0.000595
0.001446
0.006388
0.000244
0.000329
0.001185
0.000000
0.000000
0.000000
0.000115
0.000144
0.000229
0.000000
0.000000
0.000036
0.000000
0.000000
0.000156
0.000000
0.000000
0.000000
0.000000
0.000000
0.000000
0.000000
0.000000
0.000000
0.000000
0.000000
0.000000
0.000000
0.000000
0.000000
0.000000
0.000000
0.000000
0.000524
0.000000
0.000225
0.000256
0.000000
0.000065
0.001115
0.000000
0.000660
0.000000
0.000000
0.000000
0.000091
0.000000
0.000000
0.000115
0.000000
0.000249
0.000000
0.000000
0.000000
0.000000
0.000000
0.000000
0.000000
0.000000
0.000000
0.000000
0.000000
0.000000
0.000000
0.000000
0.000000
0.000000
0.000000
0.000000
0.000000
0.000000
0.000000
0.000000
0.000232
0.000468
0.000000
0.000722
0.000256
0.000000
0.000893
0.000928
0.000000
0.000000
0.000000
0.000000
0.000090
0.000000
0.000000
0.000120
0.000000
0.000000
0.000000
0.000027
0.000000
0.000000
0.000000
0.000000
0.000000
0.000000
0.000000
0.000000
0.000000
0.000000
0.000000
0.000000
0.000000
0.000000
0.000000
0.000000
0.000000
0.000000
0.000257
0.000137
0.002109
0.000490
0.000258
0.001306
0.000563
0.000706
0.004946
0.000000
0.000000
0.000133
0.000000
0.000082
0.000038
0.000000
0.000183
0.000310
0.000000
0.000000
0.000000
0.000000
0.000000
0.000000
0.000000
0.000000
0.000000
0.000000
0.000000
0.000000
0.000000
0.000000
0.000000
0.000000
0.000000
0.000000
0.000000
0.000000
0.000000
0.000161
0.000000
0.000070
0.000000
0.000000
0.000000
0.000000
0.000000
0.000000
0.000648
0.000000
0.000142
0.000000
0.000000
0.000000
0.000018
0.000000
0.000000
0.000614
0.000000
0.000000
0.000000
0.000000
0.000000
0.000000
0.000000
0.000000
0.000000
0.000000
0.000000
0.000000
0.000085
0.000000
0.000000
0.000000
0.000000
0.000000
0.000000
0.000000
0.000000
0.000424
0.000237
0.000000
0.000000
0.000000
0.000000
0.000067
0.000036
0.000000
0.001917
0.000154
0.000000
0.000000
0.000000
0.000000
0.000111
0.000000
0.001642
0.000137
0.000000
0.000000
0.000000
0.000000
0.000000
0.000000
0.000000
0.000000
0.000000
0.000000
0.000000
0.000027
0.000000
0.000000
0.000000
0.000000
0.000000
0.000000
0.000000
0.000000
0.000000
0.000369
0.000000
0.000000
0.000000
0.000000
0.000031
0.000074
0.000135
0.000343
0.000381
0.000000
0.000000
0.000000
0.000000
0.000000
0.000107
0.000282
0.000038
0.000000
0.000000
0.000000
0.000000
0.000000
0.000000
0.000000
0.000000
0.000000
0.000000
0.000000
0.000000
0.000000
0.000000
0.000000
0.000000
0.000000
0.000000
0.000000
0.000000
0.000000
0.000000
0.000026
0.000000
0.000000
0.000049
0.000000
0.000000
0.000000
0.000000
0.000000
0.000254
0.000000
0.000137
0.000072
0.000000
0.000000
0.000281
0.000000
0.000000
0.000000
0.000000
0.000000
0.000000
0.000000
0.000000
0.000000
0.000000
0.000000
0.000000
0.000000
0.000000
0.000000
0.000000
0.000000
0.000000
0.000000
0.000000
0.000000
0.000000
0.000000
0.000000
0.001044
0.000108
0.000000
0.000173
0.000140
0.000000
0.000000
0.000000
0.000000
0.002717
0.000145
0.000000
0.000162
0.000276
0.001854
0.000000
0.000000
0.000000
0.000000
0.000000
0.000000
0.000000
0.000000
0.000000
0.000000
0.000000
0.000000
0.000000
0.000000
0.000000
0.000061
0.000000
0.000000
0.000000
0.000000
0.000000
0.000000
0.000000
0.000365
0.000000
0.000306
0.000000
0.000000
0.000052
0.000000
0.000000
0.000000
0.000026
0.000180
0.000584
0.000000
0.000000
0.000058
0.000194
0.000000
0.000000
0.000000
0.000000
0.000000
0.000000
0.000000
0.000000
0.000000
0.000000
0.000000
0.000000
0.000000
0.000000
0.000000
0.000249
0.000000
0.000000
0.000000
0.000000
0.000000
0.000000
0.000000
0.000000
0.000000
0.000000
0.000038
0.000000
0.000052
0.000000
0.000000
0.000000
0.000000
0.000000
0.000000
0.000079
0.000000
0.000000
0.000115
0.000000
0.000000
0.000000
0.000000
0.000000
0.000000
0.000000
0.000000
0.000000
0.000000
0.000000
0.000000
0.000000
0.000000
0.000000
0.000000
0.000000
0.000000
0.000000
0.000000
0.000000
0.000036
0.000000
0.000000
0.000058
0.000000
0.000000
0.000135
0.000175
0.000000
0.000082
0.000000
0.000000
0.000165
0.000000
0.000000
0.000119
0.000000
0.000092
0.000000
0.000000
0.000000
0.000000
0.000000
0.000000
0.000000
0.000000
0.000000
0.000000
0.000000
0.000000
0.000000
0.000000
0.000000
0.000000
0.000000
0.000000
0.000000
0.000000
0.000000
0.000000
0.000000
0.000000
0.000000
0.000049
0.000102
0.000036
0.000371
0.000085
0.000000
0.000000
0.000000
0.000053
0.000274
0.000000
0.000036
0.000195
0.000199
0.000000
0.000000
0.000000
0.000000
0.000000
0.000000
0.000000
0.000000
0.000000
0.000000
0.000000
0.000000
0.000000
0.000000
0.000000
0.000000
0.000000
0.000000
0.000000
0.000000
0.000000
0.000000
0.000000
0.000000
0.000000
0.000000
0.000000
0.000000
0.000000
0.000391
0.000967
0.000284
0.000234
0.001725
0.000171
0.000000
0.000130
0.000076
0.458281
0.000000
0.000146
0.000000
0.000000
0.000000
0.000000
0.000000
0.000000
0.000000
0.000000
0.000000
0.001196
0.002562
0.000689
0.001889
0.005561
0.001713
0.000081
0.000299
0.000405
0.000000
0.000000
0.000000
0.000000
0.000000
0.000000
0.000000
0.000056
0.000074
0.000000
0.000000
0.000000
0.000049
0.000109
0.000000
0.000000
0.000000
0.000038
0.000000
0.000086
0.000000
0.000000
0.000000
0.000000
0.000000
0.000000
0.000031
0.000000
0.000000
0.000000
0.000000
0.000000
0.000053
0.000000
0.000038
0.000000
0.000000
0.000000
0.000085
0.000138
0.000384
0.000728
0.000000
0.000090
0.000090
0.000000
0.000419
0.000329
0.000000
0.000024
0.000000
0.000000
0.000112
0.000053
0.000000
0.000000
0.000000
0.000000
0.000000
0.035760
0.000000
0.000249
0.000250
0.000148
0.000053
0.000156
0.000053
0.000084
0.000590
0.000000
0.000035
0.000000
0.000000
0.000038
0.000000
0.000000
0.000000
0.000000
0.000000
0.000000
0.000000
0.000000
0.000000
0.000000
0.000000
0.000000
0.000000
0.000000
0.000000
0.000000
0.000000
0.000000
0.000000
0.000000
0.000000
0.000000
0.000000
0.000000
0.000091
0.012052
0.000000
0.004451
0.000000
0.000000
0.000000
0.002189
0.000000
0.001675
0.000328
0.000000
0.000191
0.000000
0.000000
0.000000
0.000000
0.000000
0.000069
0.000000
0.000000
0.000000
0.000000
0.000000
0.000000
0.000000
0.000000
0.000000
0.000000
0.000000
0.000000
0.000000
0.000000
0.000000
0.000000
0.000000
0.000000
0.000000
0.000000
0.000201
0.000000
0.005197
0.002306
0.000000
0.000000
0.000000
0.000000
0.001540
0.000293
0.000000
0.002091
0.000085
0.000000
0.000000
0.000000
0.000000
0.000027
0.000000
0.000000
0.000000
0.000000
0.000000
0.000000
0.000000
0.000000
0.000000
0.000000
0.000000
0.000000
0.000000
0.000000
0.000000
0.000000
0.000000
0.000000
0.000000
0.000000
0.000000
0.000690
0.005230
0.004237
0.050681
0.000000
0.000000
0.000000
0.000536
0.001386
0.008162
0.000202
0.002686
0.003081
0.000000
0.000000
0.000000
0.000000
0.000000
0.000139
0.000000
0.000000
0.000000
0.000000
0.000000
0.000000
0.000000
0.000000
0.000000
0.000000
0.000000
0.000000
0.000000
0.000000
0.000000
0.000000
0.000000
0.000000
0.000000
0.000000
0.000088
0.000000
0.000000
0.000000
0.010809
0.000000
0.005311
0.002793
0.000000
0.001050
0.000000
0.000000
0.000000
0.000115
0.000000
0.000248
0.000000
0.000000
0.000000
0.000000
0.000000
0.000000
0.000000
0.000000
0.000000
0.000000
0.000000
0.000000
0.000000
0.000000
0.000000
0.000000
0.000000
0.000000
0.000000
0.000000
0.000000
0.000000
0.000056
0.000080
0.000000
0.000000
0.000000
0.000000
0.012387
0.006256
0.000000
0.000906
0.001582
0.000000
0.000000
0.000000
0.000000
0.002172
0.000026
0.000000
0.000024
0.000038
0.000000
0.000000
0.000000
0.000000
0.000000
0.000000
0.000000
0.000000
0.000000
0.000000
0.000000
0.000000
0.000000
0.000000
0.000000
0.000000
0.000000
0.000000
0.000000
0.000000
0.000696
0.000000
0.000000
0.000000
0.006624
0.004819
0.041015
0.000905
0.000996
0.012222
0.000000
0.000000
0.000000
0.000105
0.000574
0.001695
0.000000
0.000000
0.000000
0.000000
0.000000
0.000000
0.000000
0.000000
0.000000
0.000000
0.000000
0.000000
0.000000
0.000000
0.000000
0.000000
0.000000
0.000000
0.000000
0.000000
0.000000
0.000000
0.000000
0.000106
0.001010
0.000000
0.002804
0.000880
0.000000
0.000573
0.006033
0.000000
0.004236
0.000187
0.000000
0.000000
0.000055
0.000000
0.000027
0.000402
0.000000
0.000170
0.000000
0.000000
0.000000
0.000000
0.000000
0.000000
0.000000
0.000000
0.000000
0.000000
0.000000
0.000000
0.000000
0.000000
0.000000
0.000000
0.000000
0.000000
0.000000
0.000000
0.000056
0.000000
0.001066
0.000584
0.000000
0.002299
0.000834
0.000000
0.004620
0.002922
0.000000
0.000323
0.000000
0.000000
0.000115
0.000038
0.000000
0.000171
0.000017
0.000000
0.000000
0.000000
0.000000
0.000000
0.000000
0.000000
0.000000
0.000000
0.000000
0.000000
0.000000
0.000000
0.000000
0.000000
0.000000
0.000000
0.000000
0.000000
0.000056
0.000621
0.002081
0.000458
0.013453
0.000473
0.001962
0.007636
0.003842
0.003032
0.034501
0.000249
0.000000
0.000378
0.000027
0.000784
0.000369
0.000126
0.000086
0.001004
0.000000
0.000000
0.000000
0.000000
0.000000
0.000000
0.000000
0.000000
0.000000
0.000000
0.000000
0.000000
0.000000
0.000000
0.000000
0.000000
0.000000
0.000000
0.001968
0.000000
0.000000
0.000558
0.000000
0.000281
0.000000
0.000000
0.000000
0.000000
0.000000
0.000124
0.001483
0.000148
0.000186
0.000000
0.000000
0.000000
0.000047
0.000000
0.000000
0.000000
0.000000
0.000000
0.000000
0.000000
0.000000
0.000000
0.000000
0.000000
0.000000
0.000036
0.000000
0.000000
0.000000
0.000000
0.000000
0.000000
0.000000
0.006597
0.000000
0.000000
0.000000
0.000515
0.000445
0.000000
0.000000
0.000000
0.000000
0.000036
0.000074
0.000000
0.005761
0.001477
0.000498
0.000000
0.000000
0.000000
0.000140
0.000135
0.000000
0.000000
0.000000
0.000000
0.000000
0.000000
0.000000
0.000000
0.000000
0.000000
0.000027
0.000000
0.000000
0.000000
0.000329
0.000000
0.000000
0.000031
0.000764
0.000038
0.000000
0.000034
0.000017
0.001585
0.000000
0.000000
0.000000
0.000000
0.000000
0.000768
0.000848
0.001899
0.000966
0.000000
0.000000
0.000000
0.000000
0.000000
0.000000
0.000000
0.000000
0.000000
0.000000
0.000000
0.000000
0.000000
0.000000
0.000000
0.000000
0.000000
0.000000
0.000000
0.000000
0.000000
0.000000
0.000000
0.000000
0.000746
0.000000
0.000031
0.000000
0.000000
0.000000
0.001375
0.000000
0.000306
0.000000
0.000000
0.000000
0.000000
0.000000
0.000000
0.001292
0.000000
0.000350
0.000249
0.000000
0.000227
0.000000
0.000000
0.000000
0.000000
0.000000
0.000000
0.000000
0.000000
0.000000
0.000000
0.000000
0.000000
0.000000
0.000249
0.000000
0.000000
0.000000
0.000000
0.005711
0.000049
0.000081
0.000000
0.000000
0.000000
0.000000
0.001546
0.001101
0.000000
0.000043
0.000194
0.000000
0.000000
0.000000
0.000000
0.005900
0.002808
0.000000
0.000024
0.000408
0.000000
0.000000
0.000000
0.000000
0.000000
0.000000
0.000000
0.000000
0.000000
0.000000
0.000000
0.000000
0.000000
0.000000
0.000000
0.000000
0.000000
0.000000
0.000674
0.000074
0.000081
0.000000
0.000000
0.000000
0.000105
0.000000
0.003987
0.000079
0.000000
0.000424
0.000000
0.000000
0.000000
0.000072
0.001789
0.001589
0.000000
0.000000
0.000321
0.000000
0.000000
0.000000
0.000000
0.000000
0.000000
0.000000
0.000000
0.000000
0.000000
0.000000
0.000000
0.000000
0.000000
0.000000
0.000000
0.000000
0.000000
0.000054
0.000053
0.000249
0.000081
0.000000
0.000000
0.000000
0.000000
0.000000
0.000000
0.000000
0.000047
0.000164
0.000000
0.000000
0.000310
0.000000
0.000000
0.000081
0.000000
0.000000
0.000000
0.000000
0.000000
0.000000
0.000000
0.000000
0.000000
0.000000
0.000000
0.000000
0.000000
0.000000
0.000000
0.000000
0.000000
0.000000
0.000000
0.000000
0.000286
0.000000
0.000000
0.000000
0.000000
0.000083
0.000000
0.000000
0.000055
0.000000
0.000024
0.000193
0.000000
0.000043
0.000000
0.000000
0.000129
0.000000
0.000000
0.000326
0.000107
0.000000
0.000000
0.000000
0.000000
0.000000
0.000000
0.000000
0.000000
0.000000
0.000000
0.000000
0.000000
0.000000
0.000000
0.000000
0.000000
0.000000
0.000000
0.000104
0.000000
0.000000
0.000000
0.000000
0.000246
0.000000
0.000000
0.000053
0.000053
0.000000
0.001334
0.000138
0.000054
0.000200
0.000061
0.000468
0.000208
0.000054
0.000151
0.000266
