0.003869
0.006848
0.013444
0.001323
0.006239
0.009486
0.001772
0.002424
0.007738
0.001354
0.004538
0.002589
0.000886
0.005100
0.002089
0.000266
0.000860
0.001214
0.441628
0.001442
0.031868
0.029439
0.015123
0.109842
0.021732
0.026264
0.073368
0.016998
0.010564
0.072865
0.004801
0.018564
0.013504
0.003256
0.017915
0.010144
0.001384
0.002072
0.005188
0.002383
0.000000
0.000910
0.000000
0.000000
0.000000
0.000277
0.000000
0.000140
0.000018
0.000000
0.000012
0.000000
0.000000
0.000000
0.000000
0.000000
0.000000
0.000000
0.000000
0.000144
0.000000
0.000000
0.000000
0.000000
0.000000
0.000000
0.000000
0.000000
0.000000
0.000000
0.000000
0.000000
0.000000
0.000000
0.000000
0.000000
0.000000
0.000000
0.000000
0.004436
0.001258
0.000000
0.000000
0.000000
0.000000
0.000339
0.000123
0.000000
0.000396
0.000051
0.000000
0.000000
0.000000
0.000000
0.000019
0.000000
0.000000
0.000008
0.000219
0.000000
0.000000
0.000000
0.000000
0.000000
0.000000
0.000000
0.000000
0.000000
0.000000
0.000000
0.000000
0.000000
0.000000
0.000000
0.000000
0.000000
0.000000
0.000908
0.001199
0.007958
0.000000
0.000000
0.000000
0.000249
0.000183
0.001140
0.000134
0.000327
0.000651
0.000000
0.000000
0.000000
0.000006
0.000015
0.000081
0.000000
0.000168
0.000341
0.000000
0.000000
0.000000
0.000000
0.000000
0.000000
0.000000
0.000000
0.000000
0.000000
0.000000
0.000000
0.000000
0.000000
0.000000
0.000000
0.000000
0.000000
0.000000
0.000000
0.000000
0.000566
0.000000
0.000493
0.000140
0.000000
0.000030
0.000000
0.000000
0.000000
0.000058
0.000000
0.000009
0.000000
0.000000
0.000009
0.000000
0.000000
0.000025
0.000000
0.000000
0.000000
0.000000
0.000000
0.000000
0.000000
0.000000
0.000000
0.000000
0.000000
0.000000
0.000000
0.000000
0.000000
0.000000
0.000000
0.000000
0.000000
0.000000
0.000000
0.000000
0.003525
0.001020
0.000000
0.000336
0.000215
0.000000
0.000000
0.000000
0.000000
0.000688
0.000040
0.000000
0.000057
0.000000
0.000000
0.000009
0.000170
0.000000
0.000000
0.000000
0.000000
0.000000
0.000000
0.000000
0.000000
0.000000
0.000000
0.000000
0.000000
0.000000
0.000000
0.000000
0.000000
0.000000
0.000000
0.000000
0.000000
0.000000
0.000395
0.001167
0.005862
0.000028
0.000108
0.000808
0.000000
0.000000
0.000000
0.000088
0.000319
0.000361
0.000006
0.000000
0.000025
0.000000
0.000006
0.000205
0.000000
0.000000
0.000000
0.000000
0.000000
0.000000
0.000000
0.000000
0.000000
0.000000
0.000000
0.000000
0.000000
0.000000
0.000000
0.000000
0.000000
0.000000
0.000146
0.000000
0.000126
0.000186
0.000000
0.000100
0.000559
0.000000
0.000480
0.000010
0.000000
0.000000
0.000014
0.000000
0.000007
0.000048
0.000000
0.000040
0.000000
0.000000
0.000064
0.000000
0.000000
0.000000
0.000000
0.000000
0.000000
0.000000
0.000000
0.000000
0.000000
0.000000
0.000000
0.000000
0.000000
0.000000
0.000000
0.000000
0.000000
0.000000
0.000329
0.000067
0.000000
0.000348
0.000051
0.000000
0.000805
0.000378
0.000000
0.000012
0.000000
0.000000
0.000113
0.000007
0.000000
0.000164
0.000000
0.000000
0.000000
0.000087
0.000000
0.000000
0.000000
0.000000
0.000000
0.000000
0.000000
0.000000
0.000000
0.000000
0.000000
0.000000
0.000000
0.000000
0.000000
0.000000
0.000000
0.000000
0.000121
0.000111
0.001072
0.000083
0.000308
0.000855
0.000353
0.000416
0.003370
0.000011
0.000008
0.000033
0.000013
0.000117
0.000119
0.000005
0.000134
0.000430
0.000000
0.000000
0.000207
0.000000
0.000000
0.000000
0.000000
0.000000
0.000000
0.000000
0.000000
0.000000
0.000000
0.000000
0.000000
0.000000
0.000000
0.000000
0.000000
0.000000
0.000000
0.000059
0.000000
0.000243
0.000000
0.000000
0.000000
0.000009
0.000000
0.000008
0.000517
0.000000
0.000075
0.000000
0.000000
0.000000
0.000026
0.000000
0.000009
0.000348
0.000000
0.000000
0.000000
0.000000
0.000000
0.000000
0.000000
0.000000
0.000000
0.000000
0.000000
0.000000
0.000000
0.000000
0.000000
0.000000
0.000000
0.000000
0.000000
0.000000
0.000000
0.000483
0.000406
0.000000
0.000000
0.000000
0.000000
0.000062
0.000011
0.000000
0.001446
0.000649
0.000000
0.000000
0.000000
0.000000
0.000068
0.000116
0.001103
0.000015
0.000165
0.000000
0.000000
0.000000
0.000000
0.000000
0.000000
0.000000
0.000000
0.000000
0.000007
0.000043
0.000013
0.000000
0.000000
0.000000
0.000000
0.000000
0.000000
0.000175
0.000014
0.000938
0.000000
0.000000
0.000000
0.000000
0.000000
0.000047
0.000116
0.000177
0.000587
0.000000
0.000000
0.000000
0.000000
0.000000
0.000015
0.000420
0.000050
0.000014
0.000000
0.000000
0.000000
0.000000
0.000000
0.000000
0.000000
0.000000
0.000000
0.000000
0.000054
0.000000
0.000000
0.000000
0.000000
0.000000
0.000000
0.000000
0.000000
0.000000
0.000000
0.000047
0.000000
0.000023
0.000027
0.000000
0.000000
0.000000
0.000000
0.000000
0.000253
0.000000
0.000114
0.000017
0.000000
0.000071
0.000190
0.000013
0.000000
0.000000
0.000000
0.000000
0.000000
0.000000
0.000000
0.000000
0.000000
0.000000
0.000000
0.000000
0.000000
0.000025
0.000000
0.000010
0.000000
0.000000
0.000000
0.000000
0.000000
0.000000
0.000000
0.000704
0.000174
0.000000
0.000054
0.000165
0.000000
0.000000
0.000000
0.000000
0.001888
0.000221
0.000000
0.000082
0.000101
0.001467
0.000115
0.000046
0.000000
0.000000
0.000000
0.000000
0.000000
0.000000
0.000000
0.000000
0.000000
0.000000
0.000000
0.000000
0.000000
0.000050
0.000006
0.000000
0.000000
0.000000
0.000000
0.000000
0.000000
0.000005
0.000023
0.000616
0.000000
0.000005
0.000131
0.000000
0.000000
0.000000
0.000152
0.000115
0.000382
0.000000
0.000000
0.000142
0.000406
0.000054
0.000012
0.000000
0.000000
0.000000
0.000000
0.000000
0.000000
0.000000
0.000000
0.000000
0.000000
0.000000
0.000000
0.000000
0.000006
0.000000
0.000000
0.000000
0.000000
0.000000
0.000000
0.000017
0.000000
0.000000
0.000000
0.000075
0.000000
0.000037
0.000032
0.000000
0.000000
0.000015
0.000000
0.000000
0.000062
0.000000
0.000000
0.000018
0.000000
0.000012
0.000000
0.000000
0.000000
0.000000
0.000000
0.000000
0.000000
0.000000
0.000000
0.000000
0.000000
0.000000
0.000000
0.000000
0.000000
0.000000
0.000000
0.000000
0.000000
0.000005
0.000007
0.000000
0.000011
0.000000
0.000000
0.000078
0.000145
0.000000
0.000105
0.000000
0.000000
0.000193
0.000000
0.000000
0.000099
0.000052
0.000132
0.000000
0.000000
0.000000
0.000000
0.000000
0.000000
0.000000
0.000000
0.000000
0.000000
0.000000
0.000000
0.000000
0.000000
0.000000
0.000000
0.000041
0.000000
0.000000
0.000000
0.000019
0.000000
0.000012
0.000000
0.000000
0.000032
0.000017
0.000000
0.000481
0.000087
0.000046
0.000045
0.000000
0.000088
0.000143
0.000000
0.000083
0.000044
0.000031
0.000013
0.000019
0.000000
0.000000
0.000000
0.000000
0.000000
0.000000
0.000000
0.000000
0.000000
0.000000
0.000000
0.000000
0.000000
0.000000
0.000000
0.000000
0.000000
0.000000
0.000000
0.000000
0.000000
0.000000
0.000000
0.000000
0.000000
0.000000
0.000000
0.000340
0.001512
0.000366
0.000214
0.001436
0.000428
0.000098
0.000126
0.000028
0.416447
0.000000
0.000162
0.000000
0.000000
0.000000
0.000000
0.000000
0.000000
0.000000
0.000000
0.000000
0.001371
0.004683
0.002025
0.001387
0.005251
0.002017
0.000166
0.000187
0.000301
0.000014
0.000000
0.000087
0.000000
0.000073
0.000015
0.000000
0.000006
0.000000
0.000000
0.000124
0.000062
0.000000
0.000031
0.000201
0.000000
0.000010
0.000033
0.000000
0.000355
0.000000
0.000000
0.000000
0.000082
0.000009
0.000000
0.000075
0.000000
0.000000
0.000000
0.000000
0.000062
0.000038
0.000000
0.000100
0.000027
0.000000
0.000013
0.000045
0.000070
0.000153
0.000373
0.000022
0.000087
0.000296
0.000051
0.000045
0.000098
0.000000
0.000034
0.000025
0.000000
0.000058
0.000017
0.000000
0.000000
0.000014
0.000043
0.000000
0.028721
0.000222
0.000040
0.000444
0.000146
0.000096
0.000381
0.000131
0.000026
0.000418
0.000013
0.000010
0.000024
0.000000
0.000025
0.000007
0.000008
0.000000
0.000000
0.000000
0.000000
0.000000
0.000000
0.000000
0.000000
0.000000
0.000000
0.000000
0.000000
0.000000
0.000000
0.000000
0.000000
0.000000
0.000000
0.000000
0.000000
0.000000
0.000000
0.000083
0.015483
0.000000
0.009805
0.000000
0.000000
0.000000
0.002068
0.000000
0.001284
0.000486
0.000000
0.000383
0.000000
0.000000
0.000000
0.000061
0.000000
0.000036
0.000000
0.000000
0.000000
0.000000
0.000000
0.000000
0.000000
0.000000
0.000000
0.000000
0.000000
0.000000
0.000000
0.000000
0.000000
0.000000
0.000000
0.000000
0.000000
0.000019
0.000138
0.000000
0.006910
0.003496
0.000000
0.000000
0.000000
0.000000
0.001619
0.000616
0.000000
0.002229
0.000141
0.000000
0.000000
0.000000
0.000000
0.000088
0.000000
0.000000
0.000000
0.000000
0.000000
0.000000
0.000000
0.000000
0.000000
0.000000
0.000000
0.000000
0.000000
0.000000
0.000000
0.000000
0.000000
0.000000
0.000000
0.000000
0.000064
0.000275
0.009736
0.005892
0.074388
0.000000
0.000000
0.000000
0.001270
0.001114
0.010815
0.000334
0.002216
0.004137
0.000000
0.000000
0.000000
0.000019
0.000061
0.000604
0.000000
0.000000
0.000000
0.000000
0.000000
0.000000
0.000000
0.000000
0.000000
0.000000
0.000000
0.000000
0.000000
0.000000
0.000000
0.000000
0.000000
0.000000
0.000000
0.000000
0.000077
0.000000
0.000000
0.000000
0.012740
0.000000
0.005891
0.001544
0.000000
0.001131
0.000000
0.000000
0.000000
0.000191
0.000000
0.000174
0.000019
0.000000
0.000098
0.000000
0.000000
0.000000
0.000000
0.000000
0.000000
0.000000
0.000000
0.000000
0.000000
0.000000
0.000000
0.000000
0.000000
0.000000
0.000000
0.000000
0.000000
0.000000
0.000025
0.000165
0.000000
0.000000
0.000000
0.000000
0.014152
0.007170
0.000000
0.000877
0.002100
0.000000
0.000000
0.000000
0.000000
0.001902
0.000012
0.000000
0.000005
0.000000
0.000000
0.000000
0.000000
0.000000
0.000000
0.000000
0.000000
0.000000
0.000000
0.000000
0.000000
0.000000
0.000000
0.000000
0.000000
0.000000
0.000000
0.000000
0.000000
0.000000
0.000197
0.000000
0.000000
0.000000
0.006099
0.005908
0.044819
0.001494
0.000502
0.011384
0.000000
0.000000
0.000000
0.000033
0.001390
0.001869
0.000011
0.000000
0.000117
0.000000
0.000000
0.000000
0.000000
0.000000
0.000000
0.000000
0.000000
0.000000
0.000000
0.000000
0.000000
0.000000
0.000000
0.000000
0.000000
0.000000
0.000000
0.000000
0.000000
0.000037
0.001274
0.000000
0.001983
0.001028
0.000000
0.001060
0.006192
0.000000
0.004443
0.000192
0.000000
0.000073
0.000087
0.000000
0.000103
0.000354
0.000000
0.000339
0.000000
0.000000
0.000000
0.000000
0.000000
0.000000
0.000000
0.000000
0.000000
0.000000
0.000000
0.000000
0.000000
0.000000
0.000000
0.000000
0.000000
0.000000
0.000000
0.000005
0.000090
0.000000
0.000887
0.000525
0.000000
0.002194
0.000935
0.000000
0.003459
0.001819
0.000000
0.000101
0.000000
0.000000
0.000258
0.000007
0.000000
0.000367
0.000000
0.000000
0.000000
0.000000
0.000000
0.000000
0.000000
0.000000
0.000000
0.000000
0.000000
0.000000
0.000000
0.000000
0.000000
0.000000
0.000000
0.000000
0.000000
0.000000
0.000081
0.000198
0.001770
0.001003
0.014398
0.000866
0.001453
0.006879
0.004021
0.002809
0.035764
0.000086
0.000337
0.000550
0.000023
0.000360
0.001073
0.000064
0.000509
0.001349
0.000000
0.000000
0.000000
0.000000
0.000000
0.000000
0.000000
0.000000
0.000000
0.000012
0.000069
0.000000
0.000000
0.000000
0.000000
0.000000
0.000000
0.000000
0.001467
0.000000
0.000009
0.000475
0.000000
0.000338
0.000000
0.000000
0.000000
0.000077
0.000000
0.000016
0.001744
0.000061
0.000442
0.000000
0.000000
0.000015
0.000100
0.000000
0.000014
0.000000
0.000000
0.000000
0.000000
0.000000
0.000000
0.000000
0.000000
0.000000
0.000009
0.000118
0.000052
0.000000
0.000000
0.000000
0.000000
0.000000
0.000000
0.007589
0.000062
0.000017
0.000000
0.000488
0.001212
0.000000
0.000000
0.000000
0.000000
0.000007
0.000105
0.000014
0.005571
0.002729
0.000000
0.000071
0.000000
0.000000
0.000132
0.000407
0.000000
0.000000
0.000000
0.000000
0.000000
0.000000
0.000000
0.000000
0.000000
0.000000
0.000061
0.000000
0.000000
0.000039
0.000000
0.000000
0.000000
0.000007
0.001633
0.000054
0.000039
0.000575
0.000023
0.004011
0.000000
0.000000
0.000000
0.000046
0.000000
0.000506
0.000447
0.003004
0.002916
0.000000
0.000000
0.000000
0.000000
0.000000
0.000259
0.000000
0.000000
0.000000
0.000000
0.000000
0.000000
0.000000
0.000000
0.000000
0.000000
0.000000
0.000007
0.000000
0.000011
0.000000
0.000000
0.000000
0.000000
0.000813
0.000010
0.000010
0.000000
0.000000
0.000000
0.000513
0.000000
0.000226
0.000055
0.000000
0.000036
0.000000
0.000006
0.000000
0.000983
0.000000
0.000249
0.000244
0.000000
0.000116
0.000000
0.000000
0.000000
0.000000
0.000000
0.000000
0.000000
0.000000
0.000000
0.000074
0.000062
0.000000
0.000000
0.000025
0.000000
0.000000
0.000012
0.000007
0.006368
0.000104
0.000025
0.000000
0.000000
0.000000
0.000000
0.001040
0.001509
0.000000
0.000059
0.000274
0.000000
0.000000
0.000000
0.000011
0.005571
0.002068
0.000000
0.000150
0.000511
0.000000
0.000000
0.000000
0.000000
0.000000
0.000000
0.000000
0.000000
0.000000
0.000000
0.000000
0.000000
0.000086
0.000011
0.000013
0.000000
0.000000
0.000000
0.001522
0.000104
0.000006
0.000000
0.000000
0.000000
0.000416
0.000105
0.003328
0.000000
0.000000
0.000454
0.000000
0.000000
0.000000
0.000245
0.001616
0.002059
0.000000
0.000000
0.000172
0.000000
0.000000
0.000000
0.000000
0.000000
0.000000
0.000000
0.000000
0.000000
0.000000
0.000000
0.000000
0.000000
0.000000
0.000000
0.000000
0.000000
0.000000
0.000317
0.000000
0.000000
0.000077
0.000000
0.000013
0.000036
0.000000
0.000042
0.000150
0.000000
0.000114
0.000114
0.000000
0.000000
0.000256
0.000007
0.000000
0.000182
0.000000
0.000089
0.000000
0.000000
0.000000
0.000000
0.000000
0.000000
0.000000
0.000000
0.000000
0.000000
0.000072
0.000000
0.000000
0.000000
0.000000
0.000000
0.000000
0.000000
0.000486
0.000050
0.000000
0.000000
0.000014
0.000010
0.000000
0.000000
0.000005
0.000000
0.000081
0.000270
0.000000
0.000156
0.000000
0.000000
0.000616
0.000000
0.000000
0.000171
0.000159
0.000000
0.000000
0.000000
0.000000
0.000000
0.000000
0.000000
0.000000
0.000000
0.000000
0.000000
0.000000
0.000000
0.000000
0.000000
0.000000
0.000000
0.000000
0.000326
0.000077
0.000014
0.000068
0.000000
0.000260
0.000000
0.000000
0.000118
0.000100
0.000000
0.001477
0.000019
0.000221
0.000160
0.000013
0.000755
0.000458
0.000170
0.000394
0.000610
