0.013737
0.018722
0.008479
0.008553
0.021668
0.006263
0.002307
0.002968
0.001483
0.000533
0.001540
0.000141
0.000359
0.002412
0.000275
0.000042
0.000084
0.000015
0.500798
0.000009
0.037744
0.061697
0.048814
0.047923
0.056787
0.066705
0.042199
0.012125
0.009111
0.009013
0.001926
0.005237
0.000518
0.001885
0.006946
0.000690
0.000049
0.000202
0.000041
0.010909
0.000000
0.001823
0.000000
0.000000
0.000000
0.000624
0.000000
0.000139
0.000193
0.000000
0.000051
0.000000
0.000000
0.000000
0.000008
0.000000
0.000000
0.000000
0.000000
0.000011
0.000000
0.000000
0.000000
0.000000
0.000000
0.000000
0.000000
0.000000
0.000000
0.000000
0.000000
0.000000
0.000000
0.000000
0.000000
0.000000
0.000000
0.000000
0.000000
0.016090
0.001480
0.000000
0.000000
0.000000
0.000000
0.000581
0.000060
0.000000
0.000476
0.000011
0.000000
0.000000
0.000000
0.000000
0.000017
0.000000
0.000000
0.000000
0.000033
0.000000
0.000000
0.000000
0.000000
0.000000
0.000000
0.000000
0.000000
0.000000
0.000000
0.000000
0.000000
0.000000
0.000000
0.000000
0.000000
0.000000
0.000000
0.001889
0.001603
0.004498
0.000000
0.000000
0.000000
0.000048
0.000071
0.000229
0.000016
0.000040
0.000045
0.000000
0.000000
0.000000
0.000000
0.000000
0.000000
0.000000
0.000000
0.000052
0.000000
0.000000
0.000000
0.000000
0.000000
0.000000
0.000000
0.000000
0.000000
0.000000
0.000000
0.000000
0.000000
0.000000
0.000000
0.000000
0.000000
0.000000
0.000000
0.000000
0.000000
0.006596
0.000000
0.001232
0.000533
0.000000
0.000038
0.000000
0.000000
0.000000
0.000095
0.000000
0.000026
0.000000
0.000000
0.000000
0.000000
0.000000
0.000021
0.000000
0.000000
0.000000
0.000000
0.000000
0.000000
0.000000
0.000000
0.000000
0.000000
0.000000
0.000000
0.000000
0.000000
0.000000
0.000000
0.000000
0.000000
0.000000
0.000000
0.000000
0.000000
0.018679
0.001171
0.000000
0.000882
0.000106
0.000000
0.000000
0.000000
0.000000
0.000584
0.000000
0.000000
0.000000
0.000000
0.000000
0.000000
0.000143
0.000000
0.000000
0.000000
0.000000
0.000000
0.000000
0.000000
0.000000
0.000000
0.000000
0.000000
0.000000
0.000000
0.000000
0.000000
0.000000
0.000000
0.000000
0.000000
0.000000
0.000000
0.001171
0.001439
0.003250
0.000059
0.000090
0.000175
0.000000
0.000000
0.000000
0.000016
0.000016
0.000019
0.000000
0.000000
0.000000
0.000000
0.000000
0.000035
0.000000
0.000000
0.000000
0.000000
0.000000
0.000000
0.000000
0.000000
0.000000
0.000000
0.000000
0.000000
0.000000
0.000000
0.000000
0.000000
0.000000
0.000000
0.000573
0.000000
0.000023
0.000585
0.000000
0.000069
0.000865
0.000000
0.000154
0.000000
0.000000
0.000000
0.000000
0.000000
0.000000
0.000016
0.000000
0.000000
0.000000
0.000000
0.000025
0.000000
0.000000
0.000000
0.000000
0.000000
0.000000
0.000000
0.000000
0.000000
0.000000
0.000000
0.000000
0.000000
0.000000
0.000000
0.000000
0.000000
0.000000
0.000000
0.000524
0.000317
0.000000
0.000651
0.000086
0.000000
0.001138
0.000200
0.000000
0.000011
0.000000
0.000000
0.000027
0.000000
0.000000
0.000021
0.000000
0.000000
0.000000
0.000000
0.000000
0.000000
0.000000
0.000000
0.000000
0.000000
0.000000
0.000000
0.000000
0.000000
0.000000
0.000000
0.000000
0.000000
0.000000
0.000000
0.000000
0.000000
0.000117
0.000088
0.000182
0.000090
0.000064
0.000270
0.000127
0.000098
0.000350
0.000000
0.000000
0.000000
0.000000
0.000000
0.000090
0.000008
0.000000
0.000000
0.000000
0.000000
0.000000
0.000000
0.000000
0.000000
0.000000
0.000000
0.000000
0.000000
0.000000
0.000000
0.000000
0.000000
0.000000
0.000000
0.000000
0.000000
0.000000
0.000000
0.000000
0.000104
0.000000
0.000026
0.000000
0.000000
0.000000
0.000005
0.000000
0.000000
0.000150
0.000000
0.000011
0.000000
0.000000
0.000000
0.000000
0.000000
0.000000
0.000228
0.000000
0.000009
0.000000
0.000000
0.000000
0.000000
0.000000
0.000000
0.000000
0.000000
0.000000
0.000000
0.000000
0.000000
0.000000
0.000000
0.000000
0.000000
0.000000
0.000000
0.000000
0.000294
0.000061
0.000000
0.000000
0.000000
0.000000
0.000000
0.000000
0.000000
0.000569
0.000000
0.000000
0.000000
0.000000
0.000000
0.000018
0.000000
0.000600
0.000000
0.000000
0.000000
0.000000
0.000000
0.000000
0.000000
0.000000
0.000000
0.000000
0.000000
0.000000
0.000000
0.000000
0.000000
0.000000
0.000000
0.000000
0.000000
0.000000
0.000000
0.000000
0.000026
0.000000
0.000000
0.000000
0.000000
0.000000
0.000000
0.000011
0.000063
0.000008
0.000000
0.000000
0.000000
0.000000
0.000000
0.000000
0.000032
0.000000
0.000000
0.000000
0.000000
0.000000
0.000000
0.000000
0.000000
0.000000
0.000000
0.000000
0.000000
0.000000
0.000000
0.000000
0.000000
0.000000
0.000000
0.000000
0.000000
0.000000
0.000000
0.000000
0.000064
0.000000
0.000019
0.000000
0.000000
0.000000
0.000000
0.000000
0.000000
0.000105
0.000000
0.000016
0.000010
0.000000
0.000000
0.000146
0.000000
0.000000
0.000000
0.000000
0.000000
0.000000
0.000000
0.000000
0.000000
0.000000
0.000000
0.000000
0.000000
0.000000
0.000000
0.000000
0.000000
0.000000
0.000000
0.000000
0.000000
0.000000
0.000000
0.000000
0.000645
0.000111
0.000000
0.000008
0.000000
0.000000
0.000000
0.000000
0.000000
0.000937
0.000030
0.000000
0.000011
0.000000
0.000640
0.000009
0.000025
0.000000
0.000000
0.000000
0.000000
0.000000
0.000000
0.000000
0.000000
0.000000
0.000000
0.000000
0.000000
0.000000
0.000000
0.000000
0.000000
0.000000
0.000000
0.000000
0.000000
0.000000
0.000020
0.000000
0.000056
0.000000
0.000000
0.000008
0.000000
0.000000
0.000000
0.000011
0.000011
0.000041
0.000000
0.000000
0.000015
0.000113
0.000000
0.000000
0.000000
0.000000
0.000000
0.000000
0.000000
0.000000
0.000000
0.000000
0.000000
0.000000
0.000000
0.000000
0.000000
0.000000
0.000000
0.000000
0.000000
0.000000
0.000000
0.000000
0.000000
0.000000
0.000000
0.000000
0.000010
0.000000
0.000000
0.000008
0.000000
0.000000
0.000024
0.000000
0.000000
0.000000
0.000000
0.000000
0.000000
0.000000
0.000000
0.000000
0.000000
0.000000
0.000000
0.000000
0.000000
0.000000
0.000000
0.000000
0.000000
0.000000
0.000000
0.000000
0.000000
0.000000
0.000000
0.000000
0.000000
0.000000
0.000011
0.000000
0.000000
0.000000
0.000000
0.000000
0.000009
0.000009
0.000000
0.000010
0.000000
0.000000
0.000011
0.000000
0.000000
0.000017
0.000000
0.000017
0.000000
0.000000
0.000000
0.000000
0.000000
0.000000
0.000000
0.000000
0.000000
0.000000
0.000000
0.000000
0.000000
0.000000
0.000000
0.000000
0.000000
0.000000
0.000000
0.000000
0.000000
0.000000
0.000000
0.000000
0.000000
0.000000
0.000000
0.000000
0.000015
0.000000
0.000000
0.000000
0.000000
0.000000
0.000000
0.000000
0.000000
0.000000
0.000000
0.000000
0.000000
0.000000
0.000000
0.000000
0.000000
0.000000
0.000000
0.000000
0.000000
0.000000
0.000000
0.000000
0.000000
0.000000
0.000000
0.000000
0.000000
0.000000
0.000000
0.000000
0.000000
0.000000
0.000000
0.000000
0.000000
0.000000
0.000000
0.000000
0.000156
0.000374
0.000016
0.000109
0.000813
0.000053
0.000000
0.000000
0.000000
0.493742
0.000000
0.000000
0.000000
0.000000
0.000000
0.000000
0.000000
0.000000
0.000000
0.000000
0.000000
0.000396
0.001058
0.000057
0.000820
0.002369
0.000056
0.000000
0.000038
0.000000
0.000000
0.000000
0.000000
0.000000
0.000000
0.000000
0.000000
0.000000
0.000000
0.000000
0.000000
0.000000
0.000000
0.000000
0.000000
0.000000
0.000000
0.000000
0.000000
0.000000
0.000000
0.000000
0.000000
0.000000
0.000000
0.000000
0.000009
0.000000
0.000000
0.000000
0.000000
0.000000
0.000000
0.000000
0.000000
0.000000
0.000000
0.000000
0.000000
0.000165
0.000152
0.000055
0.000038
0.000217
0.000006
0.000038
0.000098
0.000000
0.000000
0.000000
0.000000
0.000000
0.000000
0.000000
0.000000
0.000000
0.000000
0.000000
0.000000
0.036476
0.000032
0.000108
0.000163
0.000038
0.000050
0.000101
0.000000
0.000036
0.000021
0.000019
0.000000
0.000000
0.000000
0.000000
0.000000
0.000000
0.000000
0.000000
0.000000
0.000000
0.000000
0.000000
0.000000
0.000000
0.000000
0.000000
0.000000
0.000000
0.000000
0.000000
0.000000
0.000000
0.000000
0.000000
0.000000
0.000000
0.000000
0.000000
0.000135
0.047192
0.000000
0.010635
0.000000
0.000000
0.000000
0.002905
0.000000
0.000342
0.000618
0.000000
0.000022
0.000000
0.000000
0.000000
0.000000
0.000000
0.000000
0.000000
0.000000
0.000000
0.000000
0.000000
0.000000
0.000000
0.000000
0.000000
0.000000
0.000000
0.000000
0.000000
0.000000
0.000000
0.000000
0.000000
0.000000
0.000000
0.000000
0.000250
0.000000
0.036401
0.007845
0.000000
0.000000
0.000000
0.000000
0.002103
0.000244
0.000000
0.002033
0.000020
0.000000
0.000000
0.000000
0.000000
0.000021
0.000000
0.000000
0.000000
0.000000
0.000000
0.000000
0.000000
0.000000
0.000000
0.000000
0.000000
0.000000
0.000000
0.000000
0.000000
0.000000
0.000000
0.000000
0.000000
0.000000
0.000000
0.000101
0.009250
0.009417
0.026397
0.000000
0.000000
0.000000
0.000237
0.000657
0.001531
0.000106
0.000093
0.000225
0.000000
0.000000
0.000000
0.000000
0.000000
0.000000
0.000000
0.000000
0.000000
0.000000
0.000000
0.000000
0.000000
0.000000
0.000000
0.000000
0.000000
0.000000
0.000000
0.000000
0.000000
0.000000
0.000000
0.000000
0.000000
0.000000
0.000116
0.000000
0.000000
0.000000
0.044645
0.000000
0.008268
0.003018
0.000000
0.000606
0.000000
0.000000
0.000000
0.000238
0.000000
0.000000
0.000000
0.000000
0.000000
0.000000
0.000000
0.000000
0.000000
0.000000
0.000000
0.000000
0.000000
0.000000
0.000000
0.000000
0.000000
0.000000
0.000000
0.000000
0.000000
0.000000
0.000000
0.000000
0.000000
0.000185
0.000000
0.000000
0.000000
0.000000
0.053065
0.008892
0.000000
0.002152
0.000927
0.000000
0.000000
0.000000
0.000000
0.001612
0.000000
0.000000
0.000000
0.000000
0.000000
0.000000
0.000000
0.000000
0.000000
0.000000
0.000000
0.000000
0.000000
0.000000
0.000000
0.000000
0.000000
0.000000
0.000000
0.000000
0.000000
0.000000
0.000000
0.000000
0.000125
0.000000
0.000000
0.000000
0.008945
0.007686
0.022342
0.000799
0.000603
0.001476
0.000000
0.000000
0.000000
0.000013
0.000184
0.000090
0.000000
0.000000
0.000000
0.000000
0.000000
0.000000
0.000000
0.000000
0.000000
0.000000
0.000000
0.000000
0.000000
0.000000
0.000000
0.000000
0.000000
0.000000
0.000000
0.000000
0.000000
0.000000
0.000000
0.000000
0.003976
0.000000
0.000301
0.002178
0.000000
0.000492
0.004059
0.000000
0.001119
0.000008
0.000000
0.000000
0.000010
0.000000
0.000000
0.000016
0.000000
0.000000
0.000000
0.000000
0.000000
0.000000
0.000000
0.000000
0.000000
0.000000
0.000000
0.000000
0.000000
0.000000
0.000000
0.000000
0.000000
0.000000
0.000000
0.000000
0.000000
0.000000
0.000040
0.000000
0.001729
0.000584
0.000000
0.002517
0.000349
0.000000
0.002988
0.000812
0.000000
0.000005
0.000000
0.000000
0.000021
0.000000
0.000000
0.000065
0.000000
0.000000
0.000000
0.000000
0.000000
0.000000
0.000000
0.000000
0.000000
0.000000
0.000000
0.000000
0.000000
0.000000
0.000000
0.000000
0.000000
0.000000
0.000000
0.000000
0.000000
0.000019
0.001048
0.000524
0.001744
0.000270
0.000622
0.001226
0.001097
0.000493
0.001840
0.000000
0.000000
0.000000
0.000017
0.000115
0.000018
0.000000
0.000000
0.000000
0.000000
0.000000
0.000000
0.000000
0.000000
0.000000
0.000000
0.000000
0.000000
0.000000
0.000000
0.000000
0.000000
0.000000
0.000000
0.000000
0.000000
0.000000
0.000731
0.000000
0.000000
0.000323
0.000000
0.000068
0.000000
0.000000
0.000000
0.000000
0.000000
0.000000
0.000777
0.000000
0.000005
0.000000
0.000000
0.000000
0.000000
0.000000
0.000000
0.000000
0.000000
0.000000
0.000000
0.000000
0.000000
0.000000
0.000000
0.000000
0.000000
0.000000
0.000000
0.000000
0.000000
0.000000
0.000000
0.000000
0.000000
0.002238
0.000000
0.000000
0.000000
0.000737
0.000188
0.000000
0.000000
0.000000
0.000000
0.000041
0.000000
0.000000
0.001954
0.000060
0.000000
0.000000
0.000000
0.000000
0.000032
0.000000
0.000000
0.000000
0.000000
0.000000
0.000000
0.000000
0.000000
0.000000
0.000000
0.000000
0.000000
0.000000
0.000000
0.000000
0.000000
0.000000
0.000000
0.000000
0.000162
0.000000
0.000000
0.000029
0.000000
0.000074
0.000000
0.000000
0.000000
0.000000
0.000000
0.000019
0.000005
0.000099
0.000130
0.000000
0.000000
0.000000
0.000000
0.000000
0.000000
0.000000
0.000000
0.000000
0.000000
0.000000
0.000000
0.000000
0.000000
0.000000
0.000000
0.000000
0.000000
0.000000
0.000000
0.000000
0.000000
0.000000
0.000000
0.000305
0.000000
0.000009
0.000000
0.000000
0.000000
0.000657
0.000000
0.000067
0.000000
0.000000
0.000009
0.000000
0.000000
0.000000
0.000743
0.000000
0.000043
0.000034
0.000000
0.000021
0.000000
0.000000
0.000000
0.000000
0.000000
0.000000
0.000000
0.000000
0.000000
0.000000
0.000000
0.000000
0.000000
0.000017
0.000000
0.000000
0.000000
0.000000
0.002039
0.000000
0.000000
0.000000
0.000000
0.000000
0.000000
0.001693
0.000194
0.000000
0.000000
0.000000
0.000000
0.000000
0.000000
0.000000
0.002497
0.000469
0.000000
0.000030
0.000020
0.000000
0.000000
0.000000
0.000000
0.000000
0.000000
0.000000
0.000000
0.000000
0.000000
0.000000
0.000000
0.000000
0.000000
0.000000
0.000000
0.000000
0.000000
0.000026
0.000000
0.000000
0.000000
0.000000
0.000000
0.000158
0.000008
0.000325
0.000010
0.000000
0.000067
0.000000
0.000000
0.000000
0.000011
0.000071
0.000015
0.000000
0.000000
0.000000
0.000000
0.000000
0.000000
0.000000
0.000000
0.000000
0.000000
0.000000
0.000000
0.000000
0.000000
0.000000
0.000000
0.000000
0.000000
0.000000
0.000000
0.000000
0.000000
0.000000
0.000000
0.000000
0.000000
0.000000
0.000000
0.000000
0.000000
0.000024
0.000000
0.000009
0.000000
0.000000
0.000000
0.000016
0.000000
0.000000
0.000000
0.000000
0.000000
0.000000
0.000000
0.000000
0.000000
0.000000
0.000000
0.000000
0.000000
0.000000
0.000000
0.000000
0.000000
0.000000
0.000000
0.000000
0.000000
0.000000
0.000000
0.000025
0.000000
0.000000
0.000000
0.000000
0.000011
0.000000
0.000032
0.000000
0.000000
0.000057
0.000000
0.000000
0.000007
0.000000
0.000000
0.000053
0.000000
0.000000
0.000016
0.000000
0.000000
0.000000
0.000000
0.000000
0.000000
0.000000
0.000000
0.000000
0.000000
0.000000
0.000000
0.000000
0.000000
0.000000
0.000000
0.000000
0.000000
0.000000
0.000000
0.000000
0.000000
0.000000
0.000000
0.000021
0.000000
0.000000
0.000000
0.000009
0.000000
0.000010
0.000000
0.000000
0.000000
0.000000
0.000000
0.000000
0.000000
0.000000
0.000000
