0.003755
0.006822
0.013176
0.001292
0.006081
0.009447
0.001689
0.002306
0.007154
0.001420
0.004464
0.002605
0.000876
0.005033
0.002008
0.000302
0.000717
0.001193
0.444196
0.001469
0.031148
0.029754
0.015214
0.109695
0.021644
0.026388
0.073415
0.016938
0.010329
0.072543
0.004875
0.018807
0.013575
0.003428
0.017841
0.009872
0.001421
0.002031
0.005076
0.002306
0.000000
0.000901
0.000000
0.000000
0.000000
0.000263
0.000000
0.000130
0.000019
0.000000
0.000012
0.000000
0.000000
0.000000
0.000000
0.000000
0.000000
0.000000
0.000000
0.000145
0.000000
0.000000
0.000000
0.000000
0.000000
0.000000
0.000000
0.000000
0.000000
0.000000
0.000000
0.000000
0.000000
0.000000
0.000000
0.000000
0.000000
0.000000
0.000000
0.004449
0.001239
0.000000
0.000000
0.000000
0.000000
0.000318
0.000124
0.000000
0.000393
0.000051
0.000000
0.000000
0.000000
0.000000
0.000019
0.000000
0.000000
0.000008
0.000220
0.000000
0.000000
0.000000
0.000000
0.000000
0.000000
0.000000
0.000000
0.000000
0.000000
0.000000
0.000000
0.000000
0.000000
0.000000
0.000000
0.000000
0.000000
0.000899
0.001204
0.007832
0.000000
0.000000
0.000000
0.000240
0.000184
0.001040
0.000135
0.000324
0.000665
0.000000
0.000000
0.000000
0.000006
0.000010
0.000082
0.000000
0.000169
0.000299
0.000000
0.000000
0.000000
0.000000
0.000000
0.000000
0.000000
0.000000
0.000000
0.000000
0.000000
0.000000
0.000000
0.000000
0.000000
0.000000
0.000000
0.000000
0.000000
0.000000
0.000000
0.000544
0.000000
0.000493
0.000130
0.000000
0.000030
0.000000
0.000000
0.000000
0.000058
0.000000
0.000009
0.000000
0.000000
0.000009
0.000000
0.000000
0.000025
0.000000
0.000000
0.000000
0.000000
0.000000
0.000000
0.000000
0.000000
0.000000
0.000000
0.000000
0.000000
0.000000
0.000000
0.000000
0.000000
0.000000
0.000000
0.000000
0.000000
0.000000
0.000000
0.003463
0.000976
0.000000
0.000317
0.000199
0.000000
0.000000
0.000000
0.000000
0.000712
0.000041
0.000000
0.000018
0.000000
0.000000
0.000009
0.000166
0.000000
0.000000
0.000000
0.000000
0.000000
0.000000
0.000000
0.000000
0.000000
0.000000
0.000000
0.000000
0.000000
0.000000
0.000000
0.000000
0.000000
0.000000
0.000000
0.000000
0.000000
0.000381
0.001190
0.005852
0.000017
0.000109
0.000752
0.000000
0.000000
0.000000
0.000089
0.000315
0.000373
0.000007
0.000000
0.000026
0.000000
0.000006
0.000220
0.000000
0.000000
0.000000
0.000000
0.000000
0.000000
0.000000
0.000000
0.000000
0.000000
0.000000
0.000000
0.000000
0.000000
0.000000
0.000000
0.000000
0.000000
0.000131
0.000000
0.000116
0.000187
0.000000
0.000095
0.000526
0.000000
0.000473
0.000010
0.000000
0.000000
0.000014
0.000000
0.000007
0.000037
0.000000
0.000035
0.000000
0.000000
0.000064
0.000000
0.000000
0.000000
0.000000
0.000000
0.000000
0.000000
0.000000
0.000000
0.000000
0.000000
0.000000
0.000000
0.000000
0.000000
0.000000
0.000000
0.000000
0.000000
0.000310
0.000068
0.000000
0.000322
0.000052
0.000000
0.000773
0.000363
0.000000
0.000012
0.000000
0.000000
0.000096
0.000007
0.000000
0.000154
0.000000
0.000000
0.000000
0.000088
0.000000
0.000000
0.000000
0.000000
0.000000
0.000000
0.000000
0.000000
0.000000
0.000000
0.000000
0.000000
0.000000
0.000000
0.000000
0.000000
0.000000
0.000000
0.000091
0.000099
0.001011
0.000078
0.000248
0.000814
0.000344
0.000378
0.003090
0.000011
0.000008
0.000028
0.000013
0.000118
0.000107
0.000005
0.000085
0.000428
0.000000
0.000008
0.000216
0.000000
0.000000
0.000000
0.000000
0.000000
0.000000
0.000000
0.000000
0.000000
0.000000
0.000000
0.000000
0.000000
0.000000
0.000000
0.000000
0.000000
0.000000
0.000061
0.000000
0.000259
0.000000
0.000000
0.000000
0.000009
0.000000
0.000008
0.000522
0.000000
0.000065
0.000000
0.000000
0.000000
0.000071
0.000000
0.000009
0.000355
0.000000
0.000000
0.000000
0.000000
0.000000
0.000000
0.000000
0.000000
0.000000
0.000000
0.000000
0.000000
0.000000
0.000000
0.000000
0.000000
0.000000
0.000000
0.000000
0.000000
0.000000
0.000467
0.000398
0.000000
0.000000
0.000000
0.000000
0.000062
0.000006
0.000000
0.001436
0.000649
0.000000
0.000000
0.000000
0.000000
0.000068
0.000117
0.001063
0.000015
0.000166
0.000000
0.000000
0.000000
0.000000
0.000000
0.000000
0.000000
0.000000
0.000000
0.000007
0.000043
0.000013
0.000000
0.000000
0.000000
0.000000
0.000000
0.000000
0.000176
0.000014
0.000929
0.000000
0.000000
0.000000
0.000000
0.000000
0.000054
0.000131
0.000185
0.000593
0.000000
0.000000
0.000000
0.000000
0.000000
0.000015
0.000418
0.000038
0.000014
0.000000
0.000000
0.000000
0.000000
0.000000
0.000000
0.000000
0.000000
0.000000
0.000000
0.000055
0.000000
0.000000
0.000000
0.000000
0.000000
0.000000
0.000000
0.000000
0.000000
0.000000
0.000055
0.000000
0.000023
0.000028
0.000000
0.000000
0.000000
0.000000
0.000000
0.000262
0.000000
0.000094
0.000017
0.000000
0.000071
0.000194
0.000013
0.000000
0.000000
0.000000
0.000000
0.000000
0.000000
0.000000
0.000000
0.000000
0.000000
0.000000
0.000000
0.000000
0.000012
0.000000
0.000010
0.000000
0.000000
0.000000
0.000000
0.000000
0.000000
0.000000
0.000698
0.000170
0.000000
0.000049
0.000166
0.000000
0.000000
0.000000
0.000000
0.001875
0.000212
0.000000
0.000082
0.000102
0.001446
0.000115
0.000034
0.000000
0.000000
0.000000
0.000000
0.000000
0.000000
0.000000
0.000000
0.000000
0.000000
0.000000
0.000000
0.000000
0.000050
0.000006
0.000000
0.000000
0.000000
0.000000
0.000000
0.000000
0.000005
0.000017
0.000632
0.000000
0.000000
0.000080
0.000000
0.000000
0.000000
0.000147
0.000118
0.000371
0.000000
0.000000
0.000125
0.000398
0.000055
0.000012
0.000000
0.000000
0.000000
0.000000
0.000000
0.000000
0.000000
0.000000
0.000000
0.000000
0.000000
0.000000
0.000000
0.000006
0.000000
0.000000
0.000000
0.000000
0.000000
0.000000
0.000017
0.000000
0.000000
0.000045
0.000075
0.000000
0.000037
0.000027
0.000000
0.000000
0.000010
0.000000
0.000000
0.000062
0.000000
0.000000
0.000018
0.000000
0.000012
0.000000
0.000000
0.000000
0.000000
0.000000
0.000000
0.000000
0.000000
0.000000
0.000000
0.000000
0.000000
0.000000
0.000000
0.000000
0.000000
0.000000
0.000000
0.000000
0.000005
0.000007
0.000000
0.000011
0.000000
0.000000
0.000078
0.000146
0.000000
0.000061
0.000000
0.000000
0.000178
0.000000
0.000000
0.000055
0.000052
0.000089
0.000000
0.000000
0.000000
0.000000
0.000000
0.000000
0.000000
0.000000
0.000000
0.000000
0.000000
0.000000
0.000000
0.000000
0.000000
0.000000
0.000042
0.000000
0.000000
0.000000
0.000020
0.000000
0.000012
0.000000
0.000000
0.000033
0.000017
0.000000
0.000466
0.000083
0.000046
0.000045
0.000000
0.000089
0.000139
0.000000
0.000083
0.000045
0.000031
0.000013
0.000019
0.000000
0.000000
0.000000
0.000000
0.000000
0.000000
0.000000
0.000000
0.000000
0.000000
0.000000
0.000000
0.000000
0.000000
0.000000
0.000000
0.000000
0.000000
0.000000
0.000000
0.000000
0.000000
0.000000
0.000000
0.000000
0.000000
0.000000
0.000380
0.001482
0.000376
0.000202
0.001401
0.000406
0.000099
0.000127
0.000028
0.419071
0.000000
0.000150
0.000000
0.000000
0.000000
0.000000
0.000000
0.000000
0.000000
0.000000
0.000000
0.001407
0.004733
0.002002
0.001482
0.005215
0.001887
0.000167
0.000188
0.000298
0.000014
0.000000
0.000088
0.000000
0.000074
0.000015
0.000000
0.000006
0.000000
0.000015
0.000125
0.000062
0.000000
0.000032
0.000203
0.000000
0.000010
0.000033
0.000000
0.000365
0.000000
0.000000
0.000000
0.000090
0.000009
0.000000
0.000075
0.000000
0.000000
0.000000
0.000000
0.000063
0.000038
0.000000
0.000101
0.000028
0.000000
0.000013
0.000032
0.000083
0.000154
0.000371
0.000022
0.000082
0.000298
0.000052
0.000045
0.000054
0.000000
0.000034
0.000025
0.000000
0.000046
0.000011
0.000000
0.000000
0.000014
0.000031
0.000000
0.028041
0.000224
0.000041
0.000487
0.000147
0.000096
0.000370
0.000145
0.000026
0.000415
0.000000
0.000017
0.000024
0.000000
0.000000
0.000007
0.000008
0.000000
0.000000
0.000000
0.000000
0.000000
0.000000
0.000000
0.000000
0.000000
0.000000
0.000000
0.000000
0.000000
0.000000
0.000000
0.000000
0.000000
0.000000
0.000000
0.000000
0.000000
0.000000
0.000084
0.015663
0.000000
0.009904
0.000000
0.000000
0.000000
0.002088
0.000000
0.001325
0.000476
0.000000
0.000386
0.000000
0.000000
0.000000
0.000061
0.000000
0.000023
0.000000
0.000000
0.000000
0.000000
0.000000
0.000000
0.000000
0.000000
0.000000
0.000000
0.000000
0.000000
0.000000
0.000000
0.000000
0.000000
0.000000
0.000000
0.000000
0.000019
0.000153
0.000000
0.006922
0.003547
0.000000
0.000000
0.000000
0.000000
0.001567
0.000634
0.000000
0.002275
0.000142
0.000000
0.000000
0.000000
0.000000
0.000089
0.000000
0.000000
0.000000
0.000000
0.000000
0.000000
0.000000
0.000000
0.000000
0.000000
0.000000
0.000000
0.000000
0.000000
0.000000
0.000000
0.000000
0.000000
0.000000
0.000000
0.000065
0.000285
0.009836
0.005981
0.074185
0.000000
0.000000
0.000000
0.001293
0.001051
0.010663
0.000323
0.002241
0.004167
0.000000
0.000000
0.000000
0.000019
0.000062
0.000609
0.000000
0.000000
0.000000
0.000000
0.000000
0.000000
0.000000
0.000000
0.000000
0.000000
0.000000
0.000000
0.000000
0.000000
0.000000
0.000000
0.000000
0.000000
0.000000
0.000000
0.000077
0.000000
0.000000
0.000000
0.012626
0.000000
0.005855
0.001570
0.000000
0.001174
0.000000
0.000000
0.000000
0.000179
0.000000
0.000175
0.000020
0.000000
0.000099
0.000000
0.000000
0.000000
0.000000
0.000000
0.000000
0.000000
0.000000
0.000000
0.000000
0.000000
0.000000
0.000000
0.000000
0.000000
0.000000
0.000000
0.000000
0.000000
0.000025
0.000167
0.000000
0.000000
0.000000
0.000000
0.014302
0.007135
0.000000
0.000870
0.002075
0.000000
0.000000
0.000000
0.000000
0.001940
0.000012
0.000000
0.000006
0.000000
0.000000
0.000000
0.000000
0.000000
0.000000
0.000000
0.000000
0.000000
0.000000
0.000000
0.000000
0.000000
0.000000
0.000000
0.000000
0.000000
0.000000
0.000000
0.000000
0.000000
0.000193
0.000000
0.000000
0.000000
0.006090
0.005929
0.044968
0.001517
0.000521
0.011167
0.000000
0.000000
0.000000
0.000033
0.001414
0.001905
0.000011
0.000000
0.000118
0.000000
0.000000
0.000000
0.000000
0.000000
0.000000
0.000000
0.000000
0.000000
0.000000
0.000000
0.000000
0.000000
0.000000
0.000000
0.000000
0.000000
0.000000
0.000000
0.000000
0.000050
0.001285
0.000000
0.001957
0.001049
0.000000
0.001110
0.006080
0.000000
0.004448
0.000193
0.000000
0.000086
0.000087
0.000000
0.000046
0.000370
0.000000
0.000341
0.000000
0.000000
0.000000
0.000000
0.000000
0.000000
0.000000
0.000000
0.000000
0.000000
0.000000
0.000000
0.000000
0.000000
0.000000
0.000000
0.000000
0.000000
0.000000
0.000005
0.000090
0.000000
0.000867
0.000516
0.000000
0.002081
0.000903
0.000000
0.003367
0.001814
0.000000
0.000116
0.000000
0.000000
0.000260
0.000007
0.000000
0.000385
0.000000
0.000000
0.000000
0.000000
0.000000
0.000000
0.000000
0.000000
0.000000
0.000000
0.000000
0.000000
0.000000
0.000000
0.000000
0.000000
0.000000
0.000000
0.000000
0.000000
0.000082
0.000161
0.001731
0.001010
0.014310
0.000847
0.001544
0.006895
0.004012
0.002766
0.035662
0.000086
0.000341
0.000554
0.000023
0.000363
0.001015
0.000065
0.000447
0.001358
0.000000
0.000000
0.000000
0.000000
0.000000
0.000000
0.000000
0.000000
0.000000
0.000012
0.000070
0.000000
0.000000
0.000000
0.000000
0.000000
0.000000
0.000000
0.001492
0.000000
0.000009
0.000504
0.000000
0.000341
0.000000
0.000000
0.000000
0.000078
0.000000
0.000016
0.001756
0.000062
0.000432
0.000000
0.000000
0.000015
0.000114
0.000000
0.000014
0.000000
0.000000
0.000000
0.000000
0.000000
0.000000
0.000000
0.000000
0.000000
0.000009
0.000119
0.000052
0.000000
0.000000
0.000000
0.000000
0.000000
0.000000
0.007713
0.000077
0.000011
0.000000
0.000492
0.001196
0.000000
0.000000
0.000000
0.000000
0.000007
0.000106
0.000014
0.005623
0.002794
0.000000
0.000071
0.000000
0.000000
0.000133
0.000410
0.000000
0.000000
0.000000
0.000000
0.000000
0.000000
0.000000
0.000000
0.000000
0.000000
0.000061
0.000000
0.000000
0.000040
0.000000
0.000000
0.000000
0.000007
0.001645
0.000055
0.000039
0.000625
0.000023
0.004000
0.000000
0.000000
0.000000
0.000013
0.000000
0.000532
0.000445
0.003045
0.002904
0.000000
0.000000
0.000000
0.000000
0.000000
0.000260
0.000000
0.000000
0.000000
0.000000
0.000000
0.000000
0.000000
0.000000
0.000000
0.000000
0.000000
0.000007
0.000000
0.000011
0.000000
0.000000
0.000000
0.000000
0.000820
0.000010
0.000010
0.000000
0.000000
0.000000
0.000593
0.000000
0.000242
0.000055
0.000000
0.000036
0.000000
0.000006
0.000000
0.001067
0.000000
0.000266
0.000246
0.000000
0.000083
0.000000
0.000000
0.000000
0.000000
0.000000
0.000000
0.000000
0.000000
0.000000
0.000074
0.000062
0.000000
0.000000
0.000025
0.000000
0.000000
0.000012
0.000007
0.006323
0.000105
0.000025
0.000000
0.000000
0.000000
0.000000
0.001003
0.001506
0.000000
0.000059
0.000257
0.000000
0.000000
0.000000
0.000011
0.005572
0.002091
0.000000
0.000158
0.000501
0.000000
0.000000
0.000000
0.000000
0.000000
0.000000
0.000000
0.000000
0.000000
0.000000
0.000000
0.000000
0.000086
0.000011
0.000000
0.000000
0.000000
0.000000
0.001485
0.000105
0.000006
0.000000
0.000000
0.000000
0.000353
0.000106
0.003256
0.000000
0.000000
0.000510
0.000000
0.000000
0.000000
0.000261
0.001577
0.001982
0.000000
0.000000
0.000160
0.000000
0.000000
0.000000
0.000000
0.000000
0.000000
0.000000
0.000000
0.000000
0.000000
0.000000
0.000000
0.000000
0.000000
0.000000
0.000000
0.000000
0.000000
0.000333
0.000000
0.000000
0.000078
0.000000
0.000000
0.000037
0.000000
0.000043
0.000151
0.000000
0.000115
0.000128
0.000000
0.000000
0.000258
0.000007
0.000000
0.000183
0.000000
0.000103
0.000000
0.000000
0.000000
0.000000
0.000000
0.000000
0.000000
0.000000
0.000000
0.000000
0.000073
0.000000
0.000000
0.000000
0.000000
0.000000
0.000000
0.000000
0.000490
0.000051
0.000000
0.000000
0.000014
0.000010
0.000000
0.000000
0.000006
0.000000
0.000082
0.000279
0.000000
0.000159
0.000000
0.000000
0.000567
0.000000
0.000000
0.000172
0.000147
0.000000
0.000000
0.000000
0.000000
0.000000
0.000000
0.000000
0.000000
0.000000
0.000000
0.000000
0.000000
0.000000
0.000000
0.000000
0.000000
0.000000
0.000000
0.000302
0.000077
0.000014
0.000055
0.000000
0.000275
0.000000
0.000000
0.000105
0.000088
0.000000
0.001422
0.000065
0.000223
0.000161
0.000013
0.000760
0.000427
0.000172
0.000397
0.000569
