0.010541
0.014866
0.007543
0.005050
0.014373
0.005855
0.001608
0.001445
0.001158
0.000580
0.002002
0.000240
0.000433
0.002106
0.000182
0.000012
0.000041
0.000005
0.477586
0.000109
0.027336
0.085380
0.058488
0.063372
0.058628
0.065064
0.042910
0.012704
0.008554
0.010813
0.001930
0.007631
0.000948
0.001388
0.007881
0.000844
0.000144
0.000165
0.000084
0.008438
0.000000
0.001390
0.000000
0.000000
0.000000
0.000465
0.000000
0.000052
0.000101
0.000000
0.000016
0.000000
0.000000
0.000000
0.000003
0.000000
0.000000
0.000000
0.000000
0.000074
0.000000
0.000000
0.000000
0.000000
0.000000
0.000000
0.000000
0.000000
0.000000
0.000000
0.000000
0.000000
0.000000
0.000000
0.000000
0.000000
0.000000
0.000000
0.000000
0.012460
0.001426
0.000000
0.000000
0.000000
0.000000
0.000356
0.000043
0.000000
0.000382
0.000014
0.000000
0.000000
0.000000
0.000000
0.000002
0.000000
0.000000
0.000002
0.000198
0.000000
0.000000
0.000000
0.000000
0.000000
0.000000
0.000000
0.000000
0.000000
0.000000
0.000000
0.000000
0.000000
0.000000
0.000000
0.000000
0.000000
0.000000
0.001515
0.001363
0.004166
0.000000
0.000000
0.000000
0.000045
0.000086
0.000193
0.000008
0.000063
0.000068
0.000000
0.000000
0.000000
0.000000
0.000000
0.000000
0.000000
0.000000
0.000053
0.000000
0.000000
0.000000
0.000000
0.000000
0.000000
0.000000
0.000000
0.000000
0.000000
0.000000
0.000000
0.000000
0.000000
0.000000
0.000000
0.000000
0.000000
0.000000
0.000000
0.000000
0.003634
0.000000
0.000918
0.000302
0.000000
0.000044
0.000000
0.000000
0.000000
0.000085
0.000000
0.000004
0.000000
0.000000
0.000000
0.000000
0.000000
0.000059
0.000000
0.000000
0.000000
0.000000
0.000000
0.000000
0.000000
0.000000
0.000000
0.000000
0.000000
0.000000
0.000000
0.000000
0.000000
0.000000
0.000000
0.000000
0.000000
0.000000
0.000000
0.000000
0.011963
0.001177
0.000000
0.000354
0.000086
0.000000
0.000000
0.000000
0.000000
0.000568
0.000015
0.000000
0.000002
0.000000
0.000000
0.000000
0.000090
0.000000
0.000000
0.000000
0.000000
0.000000
0.000000
0.000000
0.000000
0.000000
0.000000
0.000000
0.000000
0.000000
0.000000
0.000000
0.000000
0.000000
0.000000
0.000000
0.000000
0.000000
0.000786
0.001283
0.003334
0.000089
0.000034
0.000157
0.000000
0.000000
0.000000
0.000021
0.000070
0.000047
0.000000
0.000000
0.000000
0.000000
0.000000
0.000023
0.000000
0.000000
0.000000
0.000000
0.000000
0.000000
0.000000
0.000000
0.000000
0.000000
0.000000
0.000000
0.000000
0.000000
0.000000
0.000000
0.000000
0.000000
0.000297
0.000000
0.000096
0.000360
0.000000
0.000081
0.000586
0.000000
0.000151
0.000024
0.000000
0.000000
0.000000
0.000000
0.000000
0.000004
0.000000
0.000000
0.000000
0.000000
0.000003
0.000000
0.000000
0.000000
0.000000
0.000000
0.000000
0.000000
0.000000
0.000000
0.000000
0.000000
0.000000
0.000000
0.000000
0.000000
0.000000
0.000000
0.000000
0.000000
0.000308
0.000076
0.000000
0.000436
0.000013
0.000000
0.000475
0.000097
0.000000
0.000010
0.000000
0.000000
0.000008
0.000000
0.000000
0.000020
0.000000
0.000000
0.000000
0.000005
0.000000
0.000000
0.000000
0.000000
0.000000
0.000000
0.000000
0.000000
0.000000
0.000000
0.000000
0.000000
0.000000
0.000000
0.000000
0.000000
0.000000
0.000000
0.000087
0.000036
0.000209
0.000045
0.000090
0.000211
0.000082
0.000076
0.000306
0.000000
0.000000
0.000007
0.000000
0.000003
0.000000
0.000000
0.000000
0.000002
0.000000
0.000000
0.000008
0.000000
0.000000
0.000000
0.000000
0.000000
0.000000
0.000000
0.000000
0.000000
0.000000
0.000000
0.000000
0.000000
0.000000
0.000000
0.000000
0.000000
0.000000
0.000141
0.000000
0.000022
0.000000
0.000000
0.000000
0.000014
0.000000
0.000000
0.000229
0.000000
0.000015
0.000000
0.000000
0.000000
0.000000
0.000000
0.000000
0.000157
0.000003
0.000000
0.000000
0.000000
0.000000
0.000000
0.000000
0.000000
0.000000
0.000000
0.000000
0.000000
0.000000
0.000000
0.000000
0.000000
0.000000
0.000000
0.000000
0.000000
0.000000
0.000561
0.000051
0.000000
0.000000
0.000000
0.000000
0.000025
0.000000
0.000000
0.000789
0.000041
0.000000
0.000000
0.000000
0.000000
0.000000
0.000000
0.000479
0.000024
0.000021
0.000000
0.000000
0.000000
0.000000
0.000000
0.000000
0.000000
0.000000
0.000000
0.000000
0.000000
0.000000
0.000000
0.000000
0.000000
0.000000
0.000018
0.000000
0.000022
0.000003
0.000074
0.000000
0.000000
0.000000
0.000000
0.000000
0.000003
0.000022
0.000050
0.000034
0.000000
0.000000
0.000000
0.000000
0.000000
0.000000
0.000025
0.000008
0.000000
0.000000
0.000000
0.000000
0.000000
0.000000
0.000000
0.000000
0.000000
0.000000
0.000000
0.000000
0.000000
0.000000
0.000000
0.000000
0.000000
0.000000
0.000000
0.000000
0.000000
0.000000
0.000130
0.000000
0.000016
0.000003
0.000000
0.000000
0.000000
0.000000
0.000000
0.000149
0.000000
0.000020
0.000000
0.000000
0.000000
0.000111
0.000000
0.000004
0.000000
0.000000
0.000000
0.000000
0.000000
0.000000
0.000000
0.000000
0.000000
0.000000
0.000000
0.000000
0.000000
0.000000
0.000000
0.000000
0.000000
0.000000
0.000000
0.000000
0.000000
0.000000
0.000522
0.000019
0.000000
0.000026
0.000006
0.000000
0.000000
0.000000
0.000000
0.000789
0.000063
0.000000
0.000008
0.000002
0.000646
0.000000
0.000000
0.000000
0.000000
0.000000
0.000000
0.000000
0.000000
0.000000
0.000000
0.000000
0.000000
0.000014
0.000000
0.000000
0.000002
0.000000
0.000000
0.000000
0.000000
0.000000
0.000000
0.000000
0.000034
0.000000
0.000065
0.000000
0.000000
0.000005
0.000000
0.000000
0.000000
0.000015
0.000024
0.000012
0.000000
0.000000
0.000000
0.000025
0.000000
0.000000
0.000000
0.000000
0.000000
0.000000
0.000000
0.000000
0.000000
0.000000
0.000000
0.000000
0.000000
0.000000
0.000000
0.000002
0.000000
0.000000
0.000000
0.000000
0.000000
0.000000
0.000000
0.000000
0.000000
0.000000
0.000003
0.000000
0.000000
0.000002
0.000000
0.000000
0.000002
0.000000
0.000000
0.000002
0.000000
0.000000
0.000003
0.000000
0.000000
0.000000
0.000000
0.000000
0.000000
0.000000
0.000000
0.000000
0.000000
0.000000
0.000000
0.000000
0.000000
0.000000
0.000000
0.000000
0.000000
0.000000
0.000000
0.000000
0.000004
0.000000
0.000000
0.000000
0.000000
0.000000
0.000004
0.000006
0.000000
0.000012
0.000000
0.000000
0.000008
0.000000
0.000000
0.000004
0.000002
0.000004
0.000000
0.000000
0.000000
0.000000
0.000000
0.000000
0.000000
0.000000
0.000000
0.000000
0.000000
0.000000
0.000000
0.000000
0.000000
0.000000
0.000000
0.000000
0.000000
0.000000
0.000000
0.000000
0.000002
0.000000
0.000000
0.000000
0.000000
0.000000
0.000002
0.000002
0.000000
0.000000
0.000000
0.000000
0.000000
0.000000
0.000000
0.000000
0.000000
0.000000
0.000000
0.000000
0.000000
0.000000
0.000000
0.000000
0.000000
0.000000
0.000000
0.000000
0.000000
0.000000
0.000000
0.000000
0.000000
0.000000
0.000000
0.000000
0.000000
0.000000
0.000000
0.000000
0.000000
0.000000
0.000000
0.000000
0.000000
0.000000
0.000193
0.000677
0.000045
0.000161
0.000597
0.000018
0.000003
0.000007
0.000000
0.469323
0.000000
0.000002
0.000000
0.000000
0.000000
0.000000
0.000000
0.000000
0.000000
0.000000
0.000000
0.000590
0.001874
0.000164
0.000562
0.002199
0.000127
0.000028
0.000014
0.000002
0.000004
0.000020
0.000000
0.000000
0.000002
0.000000
0.000000
0.000003
0.000000
0.000000
0.000000
0.000000
0.000000
0.000015
0.000003
0.000000
0.000000
0.000000
0.000000
0.000026
0.000000
0.000000
0.000012
0.000000
0.000000
0.000002
0.000000
0.000000
0.000003
0.000000
0.000000
0.000004
0.000012
0.000000
0.000000
0.000000
0.000000
0.000004
0.000000
0.000048
0.000096
0.000039
0.000062
0.000093
0.000019
0.000024
0.000012
0.000011
0.000000
0.000000
0.000000
0.000000
0.000000
0.000000
0.000000
0.000000
0.000000
0.000016
0.000000
0.026384
0.000122
0.000047
0.000101
0.000112
0.000065
0.000081
0.000026
0.000011
0.000022
0.000000
0.000003
0.000000
0.000000
0.000004
0.000000
0.000000
0.000000
0.000000
0.000000
0.000000
0.000000
0.000000
0.000000
0.000000
0.000000
0.000000
0.000000
0.000000
0.000000
0.000000
0.000000
0.000000
0.000000
0.000000
0.000000
0.000000
0.000000
0.000000
0.000079
0.066813
0.000000
0.014780
0.000000
0.000000
0.000000
0.002807
0.000000
0.000646
0.000426
0.000000
0.000039
0.000000
0.000000
0.000000
0.000022
0.000000
0.000009
0.000000
0.000000
0.000000
0.000000
0.000000
0.000000
0.000000
0.000000
0.000000
0.000000
0.000000
0.000000
0.000000
0.000000
0.000000
0.000000
0.000000
0.000000
0.000000
0.000020
0.000061
0.000000
0.042603
0.011009
0.000000
0.000000
0.000000
0.000000
0.002121
0.000455
0.000000
0.002343
0.000033
0.000000
0.000000
0.000000
0.000000
0.000008
0.000000
0.000000
0.000000
0.000000
0.000000
0.000000
0.000000
0.000000
0.000000
0.000000
0.000000
0.000000
0.000000
0.000000
0.000000
0.000000
0.000000
0.000000
0.000000
0.000000
0.000000
0.000072
0.013717
0.012818
0.033534
0.000000
0.000000
0.000000
0.000614
0.000506
0.001603
0.000083
0.000315
0.000273
0.000000
0.000000
0.000000
0.000004
0.000003
0.000017
0.000000
0.000000
0.000000
0.000000
0.000000
0.000000
0.000000
0.000000
0.000000
0.000000
0.000000
0.000000
0.000000
0.000000
0.000000
0.000000
0.000000
0.000000
0.000000
0.000000
0.000040
0.000000
0.000000
0.000000
0.046466
0.000000
0.008475
0.002909
0.000000
0.000572
0.000000
0.000000
0.000000
0.000216
0.000000
0.000067
0.000003
0.000000
0.000000
0.000000
0.000000
0.000000
0.000000
0.000000
0.000000
0.000000
0.000000
0.000000
0.000000
0.000000
0.000000
0.000000
0.000000
0.000000
0.000000
0.000000
0.000000
0.000000
0.000004
0.000135
0.000000
0.000000
0.000000
0.000000
0.051739
0.008525
0.000000
0.001923
0.000813
0.000000
0.000000
0.000000
0.000000
0.002007
0.000036
0.000000
0.000000
0.000004
0.000000
0.000000
0.000000
0.000000
0.000000
0.000000
0.000000
0.000000
0.000000
0.000000
0.000000
0.000000
0.000000
0.000000
0.000000
0.000000
0.000000
0.000000
0.000000
0.000000
0.000028
0.000000
0.000000
0.000000
0.008638
0.007803
0.022933
0.000595
0.000431
0.002014
0.000000
0.000000
0.000000
0.000044
0.000271
0.000246
0.000000
0.000000
0.000000
0.000000
0.000000
0.000000
0.000000
0.000000
0.000000
0.000000
0.000000
0.000000
0.000000
0.000000
0.000000
0.000000
0.000000
0.000000
0.000000
0.000000
0.000000
0.000000
0.000000
0.000010
0.003366
0.000000
0.000669
0.002420
0.000000
0.000694
0.004553
0.000000
0.000938
0.000035
0.000000
0.000004
0.000019
0.000000
0.000000
0.000034
0.000000
0.000002
0.000000
0.000000
0.000000
0.000000
0.000000
0.000000
0.000000
0.000000
0.000000
0.000000
0.000000
0.000000
0.000000
0.000000
0.000000
0.000000
0.000000
0.000000
0.000000
0.000000
0.000011
0.000000
0.001578
0.000660
0.000000
0.002327
0.000274
0.000000
0.002557
0.000976
0.000000
0.000003
0.000000
0.000000
0.000139
0.000000
0.000000
0.000050
0.000000
0.000000
0.000000
0.000000
0.000000
0.000000
0.000000
0.000000
0.000000
0.000000
0.000000
0.000000
0.000000
0.000000
0.000000
0.000000
0.000000
0.000000
0.000000
0.000000
0.000000
0.000010
0.001092
0.000390
0.001943
0.000579
0.000672
0.001311
0.001174
0.000853
0.002712
0.000002
0.000031
0.000004
0.000004
0.000019
0.000023
0.000004
0.000008
0.000012
0.000000
0.000000
0.000000
0.000000
0.000000
0.000000
0.000000
0.000000
0.000000
0.000000
0.000000
0.000000
0.000000
0.000000
0.000000
0.000000
0.000000
0.000000
0.000610
0.000000
0.000000
0.000390
0.000000
0.000110
0.000000
0.000000
0.000000
0.000019
0.000000
0.000000
0.000696
0.000000
0.000089
0.000011
0.000000
0.000000
0.000011
0.000000
0.000000
0.000000
0.000000
0.000000
0.000000
0.000000
0.000000
0.000000
0.000000
0.000000
0.000000
0.000016
0.000000
0.000000
0.000000
0.000000
0.000000
0.000000
0.000000
0.002857
0.000000
0.000000
0.000000
0.001181
0.000361
0.000000
0.000000
0.000000
0.000000
0.000056
0.000018
0.000012
0.002850
0.000254
0.000000
0.000000
0.000000
0.000000
0.000020
0.000003
0.000000
0.000000
0.000000
0.000000
0.000000
0.000000
0.000000
0.000000
0.000000
0.000000
0.000000
0.000000
0.000000
0.000000
0.000000
0.000000
0.000000
0.000000
0.000093
0.000004
0.000000
0.000105
0.000021
0.000380
0.000000
0.000000
0.000000
0.000000
0.000000
0.000000
0.000062
0.000203
0.000080
0.000000
0.000000
0.000000
0.000000
0.000000
0.000000
0.000000
0.000000
0.000000
0.000000
0.000000
0.000000
0.000000
0.000000
0.000000
0.000000
0.000000
0.000000
0.000000
0.000000
0.000000
0.000000
0.000000
0.000000
0.000363
0.000000
0.000000
0.000000
0.000000
0.000000
0.000443
0.000000
0.000041
0.000032
0.000000
0.000005
0.000000
0.000000
0.000000
0.000453
0.000000
0.000055
0.000000
0.000000
0.000000
0.000000
0.000000
0.000000
0.000000
0.000000
0.000000
0.000000
0.000000
0.000000
0.000000
0.000007
0.000000
0.000000
0.000031
0.000000
0.000000
0.000000
0.000000
0.002619
0.000015
0.000011
0.000000
0.000000
0.000000
0.000000
0.001540
0.000415
0.000000
0.000030
0.000031
0.000000
0.000000
0.000000
0.000000
0.002989
0.000172
0.000000
0.000021
0.000017
0.000000
0.000000
0.000000
0.000000
0.000000
0.000000
0.000000
0.000000
0.000000
0.000000
0.000000
0.000000
0.000000
0.000000
0.000000
0.000000
0.000000
0.000000
0.000138
0.000003
0.000000
0.000000
0.000000
0.000000
0.000086
0.000018
0.000232
0.000000
0.000002
0.000012
0.000000
0.000000
0.000000
0.000044
0.000193
0.000116
0.000000
0.000000
0.000004
0.000000
0.000000
0.000000
0.000000
0.000000
0.000000
0.000000
0.000000
0.000000
0.000000
0.000000
0.000000
0.000000
0.000000
0.000000
0.000000
0.000000
0.000000
0.000026
0.000000
0.000000
0.000013
0.000000
0.000000
0.000004
0.000000
0.000000
0.000015
0.000000
0.000002
0.000025
0.000000
0.000000
0.000019
0.000000
0.000000
0.000035
0.000000
0.000004
0.000000
0.000000
0.000000
0.000000
0.000000
0.000000
0.000000
0.000000
0.000000
0.000000
0.000000
0.000000
0.000000
0.000000
0.000000
0.000000
0.000000
0.000000
0.000012
0.000000
0.000000
0.000000
0.000004
0.000006
0.000000
0.000007
0.000026
0.000000
0.000028
0.000000
0.000000
0.000003
0.000000
0.000000
0.000054
0.000000
0.000000
0.000021
0.000006
0.000000
0.000000
0.000000
0.000000
0.000000
0.000000
0.000000
0.000000
0.000000
0.000000
0.000000
0.000000
0.000000
0.000000
0.000000
0.000000
0.000000
0.000000
0.000005
0.000000
0.000000
0.000000
0.000000
0.000007
0.000000
0.000000
0.000003
0.000000
0.000000
0.000026
0.000004
0.000006
0.000000
0.000017
0.000003
0.000005
0.000004
0.000000
0.000004
