0.006031
0.012045
0.005288
0.004134
0.010217
0.002842
0.001033
0.001198
0.000399
0.000448
0.001100
0.000088
0.000330
0.000853
0.000147
0.000024
0.000041
0.000022
0.589558
0.000019
0.027925
0.065297
0.051868
0.042507
0.061442
0.042999
0.029537
0.012437
0.006172
0.008193
0.001278
0.005994
0.000663
0.002382
0.004403
0.000726
0.000141
0.000104
0.000114
0.004663
0.000000
0.000885
0.000000
0.000000
0.000000
0.000208
0.000000
0.000000
0.000093
0.000000
0.000000
0.000000
0.000000
0.000000
0.000000
0.000000
0.000000
0.000000
0.000000
0.000019
0.000000
0.000000
0.000000
0.000000
0.000000
0.000000
0.000000
0.000000
0.000000
0.000000
0.000000
0.000000
0.000000
0.000000
0.000000
0.000000
0.000000
0.000000
0.000000
0.010479
0.001155
0.000000
0.000000
0.000000
0.000000
0.000041
0.000031
0.000000
0.000324
0.000000
0.000000
0.000000
0.000000
0.000000
0.000000
0.000000
0.000000
0.000000
0.000040
0.000000
0.000000
0.000000
0.000000
0.000000
0.000000
0.000000
0.000000
0.000000
0.000000
0.000000
0.000000
0.000000
0.000000
0.000000
0.000000
0.000000
0.000000
0.000750
0.000954
0.003094
0.000000
0.000000
0.000000
0.000036
0.000183
0.000203
0.000021
0.000024
0.000022
0.000000
0.000000
0.000000
0.000000
0.000000
0.000011
0.000000
0.000000
0.000000
0.000000
0.000000
0.000000
0.000000
0.000000
0.000000
0.000000
0.000000
0.000000
0.000000
0.000000
0.000000
0.000000
0.000000
0.000000
0.000000
0.000000
0.000000
0.000000
0.000000
0.000000
0.003311
0.000000
0.000386
0.000313
0.000000
0.000011
0.000000
0.000000
0.000000
0.000074
0.000000
0.000000
0.000000
0.000000
0.000000
0.000000
0.000000
0.000041
0.000000
0.000000
0.000000
0.000000
0.000000
0.000000
0.000000
0.000000
0.000000
0.000000
0.000000
0.000000
0.000000
0.000000
0.000000
0.000000
0.000000
0.000000
0.000000
0.000000
0.000000
0.000000
0.009104
0.000594
0.000000
0.000199
0.000000
0.000000
0.000000
0.000000
0.000000
0.000340
0.000000
0.000000
0.000000
0.000000
0.000000
0.000000
0.000000
0.000000
0.000000
0.000000
0.000000
0.000000
0.000000
0.000000
0.000000
0.000000
0.000000
0.000000
0.000000
0.000000
0.000000
0.000000
0.000000
0.000000
0.000000
0.000000
0.000000
0.000000
0.000484
0.000638
0.001586
0.000000
0.000011
0.000042
0.000000
0.000000
0.000000
0.000012
0.000011
0.000041
0.000000
0.000000
0.000000
0.000000
0.000000
0.000021
0.000000
0.000000
0.000000
0.000000
0.000000
0.000000
0.000000
0.000000
0.000000
0.000000
0.000000
0.000000
0.000000
0.000000
0.000000
0.000000
0.000000
0.000000
0.000352
0.000000
0.000000
0.000222
0.000000
0.000000
0.000392
0.000000
0.000021
0.000012
0.000000
0.000000
0.000011
0.000000
0.000000
0.000024
0.000000
0.000000
0.000000
0.000000
0.000000
0.000000
0.000000
0.000000
0.000000
0.000000
0.000000
0.000000
0.000000
0.000000
0.000000
0.000000
0.000000
0.000000
0.000000
0.000000
0.000000
0.000000
0.000000
0.000000
0.000337
0.000000
0.000000
0.000235
0.000022
0.000000
0.000584
0.000012
0.000000
0.000000
0.000000
0.000000
0.000000
0.000000
0.000000
0.000000
0.000011
0.000000
0.000000
0.000000
0.000000
0.000000
0.000000
0.000000
0.000000
0.000000
0.000000
0.000000
0.000000
0.000000
0.000000
0.000000
0.000000
0.000000
0.000000
0.000000
0.000000
0.000000
0.000011
0.000000
0.000075
0.000019
0.000000
0.000182
0.000051
0.000000
0.000061
0.000000
0.000000
0.000000
0.000000
0.000000
0.000000
0.000000
0.000000
0.000000
0.000000
0.000000
0.000000
0.000000
0.000000
0.000000
0.000000
0.000000
0.000000
0.000000
0.000000
0.000000
0.000000
0.000000
0.000000
0.000000
0.000000
0.000000
0.000000
0.000000
0.000000
0.000078
0.000000
0.000000
0.000000
0.000000
0.000000
0.000021
0.000000
0.000000
0.000180
0.000000
0.000033
0.000000
0.000000
0.000000
0.000000
0.000000
0.000000
0.000137
0.000000
0.000000
0.000000
0.000000
0.000000
0.000000
0.000000
0.000000
0.000000
0.000000
0.000000
0.000000
0.000000
0.000000
0.000000
0.000000
0.000000
0.000000
0.000000
0.000000
0.000000
0.000240
0.000012
0.000000
0.000000
0.000000
0.000000
0.000034
0.000019
0.000000
0.000404
0.000021
0.000000
0.000000
0.000000
0.000000
0.000000
0.000000
0.000371
0.000000
0.000000
0.000000
0.000000
0.000000
0.000000
0.000000
0.000000
0.000000
0.000000
0.000000
0.000000
0.000000
0.000000
0.000000
0.000000
0.000000
0.000000
0.000000
0.000000
0.000000
0.000000
0.000066
0.000000
0.000000
0.000000
0.000000
0.000000
0.000000
0.000000
0.000022
0.000000
0.000000
0.000000
0.000000
0.000000
0.000000
0.000000
0.000000
0.000000
0.000000
0.000000
0.000000
0.000000
0.000000
0.000000
0.000000
0.000000
0.000000
0.000000
0.000000
0.000000
0.000000
0.000000
0.000000
0.000000
0.000000
0.000000
0.000000
0.000000
0.000000
0.000000
0.000065
0.000000
0.000012
0.000012
0.000000
0.000000
0.000000
0.000000
0.000000
0.000092
0.000000
0.000000
0.000000
0.000000
0.000000
0.000149
0.000000
0.000000
0.000000
0.000000
0.000000
0.000000
0.000000
0.000000
0.000000
0.000000
0.000000
0.000000
0.000000
0.000000
0.000000
0.000000
0.000000
0.000000
0.000000
0.000000
0.000000
0.000000
0.000000
0.000000
0.000197
0.000032
0.000000
0.000000
0.000000
0.000000
0.000000
0.000000
0.000000
0.000252
0.000011
0.000000
0.000000
0.000000
0.000363
0.000000
0.000000
0.000000
0.000000
0.000000
0.000000
0.000000
0.000000
0.000000
0.000000
0.000000
0.000000
0.000000
0.000000
0.000000
0.000000
0.000000
0.000000
0.000000
0.000000
0.000000
0.000000
0.000000
0.000016
0.000011
0.000032
0.000000
0.000000
0.000000
0.000000
0.000000
0.000000
0.000041
0.000000
0.000047
0.000000
0.000000
0.000000
0.000000
0.000000
0.000000
0.000000
0.000000
0.000000
0.000000
0.000000
0.000000
0.000000
0.000000
0.000000
0.000000
0.000000
0.000000
0.000000
0.000000
0.000000
0.000000
0.000000
0.000000
0.000000
0.000000
0.000000
0.000000
0.000000
0.000000
0.000000
0.000000
0.000000
0.000000
0.000000
0.000000
0.000011
0.000000
0.000000
0.000000
0.000000
0.000000
0.000012
0.000000
0.000000
0.000000
0.000000
0.000000
0.000000
0.000000
0.000000
0.000000
0.000000
0.000000
0.000000
0.000000
0.000000
0.000000
0.000000
0.000000
0.000000
0.000000
0.000000
0.000000
0.000021
0.000000
0.000000
0.000000
0.000000
0.000000
0.000000
0.000000
0.000000
0.000000
0.000000
0.000000
0.000000
0.000000
0.000000
0.000021
0.000000
0.000000
0.000000
0.000000
0.000000
0.000000
0.000000
0.000000
0.000000
0.000000
0.000000
0.000000
0.000000
0.000000
0.000000
0.000000
0.000000
0.000000
0.000000
0.000000
0.000000
0.000000
0.000000
0.000000
0.000000
0.000000
0.000000
0.000000
0.000000
0.000000
0.000000
0.000011
0.000000
0.000000
0.000000
0.000011
0.000000
0.000000
0.000000
0.000000
0.000000
0.000000
0.000000
0.000000
0.000000
0.000000
0.000000
0.000000
0.000000
0.000000
0.000000
0.000000
0.000000
0.000000
0.000000
0.000000
0.000000
0.000000
0.000000
0.000000
0.000000
0.000000
0.000000
0.000000
0.000000
0.000000
0.000000
0.000000
0.000000
0.000000
0.000131
0.000306
0.000012
0.000069
0.000240
0.000047
0.000000
0.000021
0.000000
0.583650
0.000000
0.000000
0.000000
0.000000
0.000000
0.000000
0.000000
0.000000
0.000000
0.000000
0.000000
0.000274
0.001354
0.000237
0.000990
0.001454
0.000154
0.000000
0.000000
0.000000
0.000000
0.000000
0.000000
0.000000
0.000000
0.000000
0.000000
0.000000
0.000000
0.000000
0.000019
0.000000
0.000000
0.000000
0.000000
0.000000
0.000000
0.000000
0.000000
0.000000
0.000000
0.000000
0.000000
0.000000
0.000000
0.000000
0.000000
0.000000
0.000000
0.000000
0.000000
0.000000
0.000000
0.000000
0.000000
0.000000
0.000000
0.000000
0.000000
0.000184
0.000040
0.000000
0.000019
0.000052
0.000000
0.000000
0.000151
0.000000
0.000000
0.000000
0.000000
0.000000
0.000000
0.000000
0.000000
0.000000
0.000000
0.000000
0.000000
0.027289
0.000000
0.000000
0.000059
0.000060
0.000040
0.000000
0.000021
0.000000
0.000040
0.000000
0.000000
0.000000
0.000000
0.000000
0.000000
0.000000
0.000000
0.000000
0.000000
0.000000
0.000000
0.000000
0.000000
0.000000
0.000000
0.000000
0.000000
0.000000
0.000000
0.000000
0.000000
0.000000
0.000000
0.000000
0.000000
0.000000
0.000000
0.000000
0.000212
0.053204
0.000000
0.008728
0.000000
0.000000
0.000000
0.002159
0.000000
0.000667
0.000456
0.000000
0.000019
0.000000
0.000000
0.000000
0.000000
0.000000
0.000000
0.000000
0.000000
0.000000
0.000000
0.000000
0.000000
0.000000
0.000000
0.000000
0.000000
0.000000
0.000000
0.000000
0.000000
0.000000
0.000000
0.000000
0.000000
0.000000
0.000000
0.000034
0.000000
0.041075
0.007126
0.000000
0.000000
0.000000
0.000000
0.001129
0.000327
0.000000
0.002247
0.000000
0.000000
0.000000
0.000000
0.000000
0.000029
0.000000
0.000000
0.000000
0.000000
0.000000
0.000000
0.000000
0.000000
0.000000
0.000000
0.000000
0.000000
0.000000
0.000000
0.000000
0.000000
0.000000
0.000000
0.000000
0.000000
0.000000
0.000040
0.007853
0.008352
0.024044
0.000000
0.000000
0.000000
0.000490
0.000382
0.001117
0.000098
0.000091
0.000071
0.000000
0.000000
0.000000
0.000000
0.000000
0.000044
0.000000
0.000000
0.000000
0.000000
0.000000
0.000000
0.000000
0.000000
0.000000
0.000000
0.000000
0.000000
0.000000
0.000000
0.000000
0.000000
0.000000
0.000000
0.000000
0.000000
0.000242
0.000000
0.000000
0.000000
0.050687
0.000000
0.006348
0.003317
0.000000
0.000626
0.000000
0.000000
0.000000
0.000359
0.000000
0.000000
0.000000
0.000000
0.000000
0.000000
0.000000
0.000000
0.000000
0.000000
0.000000
0.000000
0.000000
0.000000
0.000000
0.000000
0.000000
0.000000
0.000000
0.000000
0.000000
0.000000
0.000000
0.000000
0.000000
0.000000
0.000000
0.000000
0.000000
0.000000
0.033732
0.005682
0.000000
0.001752
0.000658
0.000000
0.000000
0.000000
0.000000
0.001192
0.000026
0.000000
0.000033
0.000000
0.000000
0.000000
0.000000
0.000000
0.000000
0.000000
0.000000
0.000000
0.000000
0.000000
0.000000
0.000000
0.000000
0.000000
0.000000
0.000000
0.000000
0.000000
0.000000
0.000000
0.000000
0.000000
0.000000
0.000000
0.006429
0.005431
0.015546
0.000519
0.000352
0.001086
0.000000
0.000000
0.000000
0.000000
0.000027
0.000211
0.000000
0.000000
0.000000
0.000000
0.000000
0.000000
0.000000
0.000000
0.000000
0.000000
0.000000
0.000000
0.000000
0.000000
0.000000
0.000000
0.000000
0.000000
0.000000
0.000000
0.000000
0.000000
0.000000
0.000000
0.003237
0.000000
0.000361
0.003076
0.000000
0.000299
0.004762
0.000000
0.000596
0.000000
0.000000
0.000000
0.000025
0.000000
0.000000
0.000113
0.000000
0.000000
0.000000
0.000000
0.000000
0.000000
0.000000
0.000000
0.000000
0.000000
0.000000
0.000000
0.000000
0.000000
0.000000
0.000000
0.000000
0.000000
0.000000
0.000000
0.000000
0.000000
0.000000
0.000000
0.001206
0.000406
0.000000
0.001467
0.000397
0.000000
0.001838
0.000867
0.000000
0.000000
0.000000
0.000000
0.000000
0.000000
0.000000
0.000000
0.000000
0.000000
0.000000
0.000000
0.000000
0.000000
0.000000
0.000000
0.000000
0.000000
0.000000
0.000000
0.000000
0.000000
0.000000
0.000000
0.000000
0.000000
0.000000
0.000000
0.000000
0.000000
0.000642
0.000347
0.001638
0.000290
0.000489
0.000681
0.001154
0.000606
0.002212
0.000000
0.000055
0.000000
0.000000
0.000054
0.000012
0.000000
0.000000
0.000028
0.000000
0.000000
0.000000
0.000000
0.000000
0.000000
0.000000
0.000000
0.000000
0.000000
0.000000
0.000000
0.000000
0.000000
0.000000
0.000000
0.000000
0.000000
0.000545
0.000000
0.000000
0.000206
0.000000
0.000019
0.000000
0.000000
0.000000
0.000029
0.000000
0.000000
0.000438
0.000000
0.000012
0.000000
0.000000
0.000000
0.000029
0.000000
0.000000
0.000000
0.000000
0.000000
0.000000
0.000000
0.000000
0.000000
0.000000
0.000000
0.000000
0.000000
0.000000
0.000000
0.000000
0.000000
0.000000
0.000000
0.000000
0.002456
0.000019
0.000000
0.000000
0.000987
0.000092
0.000000
0.000000
0.000000
0.000000
0.000066
0.000014
0.000000
0.002177
0.000183
0.000000
0.000000
0.000000
0.000000
0.000012
0.000000
0.000000
0.000000
0.000000
0.000000
0.000000
0.000000
0.000000
0.000000
0.000000
0.000000
0.000000
0.000000
0.000000
0.000000
0.000000
0.000000
0.000000
0.000000
0.000043
0.000000
0.000000
0.000284
0.000000
0.000107
0.000000
0.000000
0.000000
0.000000
0.000000
0.000000
0.000014
0.000034
0.000141
0.000000
0.000000
0.000000
0.000000
0.000000
0.000041
0.000000
0.000000
0.000000
0.000000
0.000000
0.000000
0.000000
0.000000
0.000000
0.000000
0.000000
0.000000
0.000000
0.000000
0.000000
0.000000
0.000000
0.000000
0.000556
0.000000
0.000000
0.000000
0.000000
0.000000
0.000891
0.000000
0.000054
0.000000
0.000000
0.000000
0.000000
0.000000
0.000000
0.000844
0.000000
0.000045
0.000000
0.000000
0.000000
0.000000
0.000000
0.000000
0.000000
0.000000
0.000000
0.000000
0.000000
0.000000
0.000000
0.000000
0.000000
0.000021
0.000000
0.000000
0.000000
0.000000
0.000000
0.001334
0.000000
0.000019
0.000000
0.000000
0.000000
0.000000
0.000980
0.000252
0.000000
0.000046
0.000000
0.000000
0.000000
0.000000
0.000000
0.001600
0.000158
0.000000
0.000000
0.000000
0.000000
0.000000
0.000000
0.000000
0.000000
0.000000
0.000000
0.000000
0.000000
0.000000
0.000000
0.000000
0.000000
0.000000
0.000000
0.000000
0.000000
0.000000
0.000053
0.000000
0.000000
0.000000
0.000000
0.000000
0.000052
0.000000
0.000305
0.000000
0.000000
0.000000
0.000000
0.000000
0.000000
0.000149
0.000048
0.000121
0.000000
0.000000
0.000000
0.000000
0.000000
0.000000
0.000000
0.000000
0.000000
0.000000
0.000000
0.000000
0.000000
0.000000
0.000000
0.000000
0.000000
0.000000
0.000000
0.000000
0.000000
0.000113
0.000000
0.000000
0.000000
0.000000
0.000000
0.000011
0.000000
0.000000
0.000018
0.000000
0.000000
0.000000
0.000000
0.000000
0.000000
0.000000
0.000000
0.000000
0.000000
0.000000
0.000000
0.000000
0.000000
0.000000
0.000000
0.000000
0.000000
0.000000
0.000000
0.000000
0.000000
0.000000
0.000000
0.000000
0.000000
0.000000
0.000000
0.000000
0.000029
0.000000
0.000000
0.000000
0.000000
0.000000
0.000000
0.000000
0.000000
0.000000
0.000012
0.000000
0.000000
0.000033
0.000000
0.000000
0.000000
0.000000
0.000000
0.000029
0.000000
0.000000
0.000000
0.000000
0.000000
0.000000
0.000000
0.000000
0.000000
0.000000
0.000000
0.000000
0.000000
0.000000
0.000000
0.000000
0.000000
0.000000
0.000000
0.000000
0.000000
0.000000
0.000000
0.000000
0.000000
0.000041
0.000000
0.000000
0.000000
0.000000
0.000000
0.000000
0.000016
0.000000
0.000024
0.000033
0.000000
0.000000
0.000000
0.000000
