0.010321
0.015527
0.011345
0.006251
0.017479
0.008772
0.003110
0.003656
0.004248
0.000953
0.002757
0.000525
0.000559
0.004105
0.000708
0.000105
0.000216
0.000232
0.498288
0.000058
0.039330
0.041009
0.032722
0.066244
0.040513
0.048973
0.058198
0.016888
0.012537
0.024007
0.002642
0.009338
0.001537
0.002718
0.010985
0.002126
0.000123
0.000437
0.000457
0.006880
0.000000
0.002133
0.000000
0.000000
0.000000
0.000665
0.000000
0.000278
0.000292
0.000000
0.000040
0.000000
0.000000
0.000000
0.000039
0.000000
0.000000
0.000000
0.000000
0.000019
0.000000
0.000000
0.000000
0.000000
0.000000
0.000000
0.000000
0.000000
0.000000
0.000000
0.000000
0.000000
0.000000
0.000000
0.000000
0.000000
0.000000
0.000000
0.000000
0.012183
0.001852
0.000000
0.000000
0.000000
0.000000
0.000653
0.000136
0.000000
0.000712
0.000000
0.000000
0.000000
0.000000
0.000000
0.000028
0.000000
0.000000
0.000000
0.000000
0.000000
0.000000
0.000000
0.000000
0.000000
0.000000
0.000000
0.000000
0.000000
0.000000
0.000000
0.000000
0.000000
0.000000
0.000000
0.000000
0.000000
0.000000
0.002180
0.001948
0.005975
0.000000
0.000000
0.000000
0.000064
0.000144
0.000631
0.000029
0.000058
0.000204
0.000000
0.000000
0.000000
0.000000
0.000000
0.000000
0.000000
0.000000
0.000143
0.000000
0.000000
0.000000
0.000000
0.000000
0.000000
0.000000
0.000000
0.000000
0.000000
0.000000
0.000000
0.000000
0.000000
0.000000
0.000000
0.000000
0.000000
0.000000
0.000000
0.000000
0.004192
0.000000
0.001330
0.000440
0.000000
0.000065
0.000000
0.000000
0.000000
0.000140
0.000000
0.000025
0.000000
0.000000
0.000000
0.000000
0.000000
0.000036
0.000000
0.000000
0.000000
0.000000
0.000000
0.000000
0.000000
0.000000
0.000000
0.000000
0.000000
0.000000
0.000000
0.000000
0.000000
0.000000
0.000000
0.000000
0.000000
0.000000
0.000000
0.000000
0.013599
0.001348
0.000000
0.001079
0.000261
0.000000
0.000000
0.000000
0.000000
0.000801
0.000019
0.000000
0.000000
0.000000
0.000000
0.000015
0.000209
0.000000
0.000000
0.000000
0.000000
0.000000
0.000000
0.000000
0.000000
0.000000
0.000000
0.000000
0.000000
0.000000
0.000000
0.000000
0.000000
0.000000
0.000000
0.000000
0.000000
0.000000
0.001272
0.001752
0.004837
0.000148
0.000090
0.000465
0.000000
0.000000
0.000000
0.000000
0.000058
0.000046
0.000000
0.000000
0.000032
0.000000
0.000000
0.000091
0.000000
0.000000
0.000000
0.000000
0.000000
0.000000
0.000000
0.000000
0.000000
0.000000
0.000000
0.000000
0.000000
0.000000
0.000000
0.000000
0.000000
0.000000
0.000576
0.000000
0.000158
0.000508
0.000000
0.000142
0.001280
0.000000
0.000270
0.000000
0.000000
0.000000
0.000018
0.000000
0.000000
0.000000
0.000000
0.000123
0.000000
0.000000
0.000042
0.000000
0.000000
0.000000
0.000000
0.000000
0.000000
0.000000
0.000000
0.000000
0.000000
0.000000
0.000000
0.000000
0.000000
0.000000
0.000000
0.000000
0.000000
0.000000
0.000541
0.000140
0.000000
0.000857
0.000072
0.000000
0.001104
0.000819
0.000000
0.000024
0.000000
0.000000
0.000076
0.000000
0.000000
0.000035
0.000000
0.000000
0.000000
0.000000
0.000000
0.000000
0.000000
0.000000
0.000000
0.000000
0.000000
0.000000
0.000000
0.000000
0.000000
0.000000
0.000000
0.000000
0.000000
0.000000
0.000000
0.000000
0.000439
0.000137
0.000713
0.000145
0.000157
0.000632
0.000446
0.000294
0.001199
0.000000
0.000000
0.000000
0.000000
0.000014
0.000000
0.000000
0.000027
0.000053
0.000000
0.000000
0.000000
0.000000
0.000000
0.000000
0.000000
0.000000
0.000000
0.000000
0.000000
0.000000
0.000000
0.000000
0.000000
0.000000
0.000000
0.000000
0.000000
0.000000
0.000000
0.000088
0.000000
0.000030
0.000000
0.000000
0.000000
0.000000
0.000000
0.000000
0.000408
0.000000
0.000058
0.000000
0.000000
0.000000
0.000009
0.000000
0.000000
0.000361
0.000000
0.000000
0.000000
0.000000
0.000000
0.000000
0.000000
0.000000
0.000000
0.000000
0.000000
0.000000
0.000000
0.000000
0.000000
0.000000
0.000000
0.000000
0.000000
0.000000
0.000000
0.000408
0.000019
0.000000
0.000000
0.000000
0.000000
0.000042
0.000000
0.000000
0.001193
0.000111
0.000000
0.000000
0.000000
0.000000
0.000029
0.000000
0.000876
0.000000
0.000000
0.000000
0.000000
0.000000
0.000000
0.000000
0.000000
0.000000
0.000000
0.000000
0.000000
0.000068
0.000000
0.000000
0.000019
0.000000
0.000000
0.000000
0.000000
0.000000
0.000000
0.000190
0.000000
0.000000
0.000000
0.000000
0.000000
0.000037
0.000026
0.000134
0.000054
0.000000
0.000000
0.000000
0.000000
0.000000
0.000000
0.000084
0.000000
0.000000
0.000000
0.000000
0.000000
0.000000
0.000000
0.000000
0.000000
0.000000
0.000000
0.000000
0.000000
0.000000
0.000000
0.000000
0.000000
0.000000
0.000000
0.000000
0.000000
0.000000
0.000000
0.000051
0.000000
0.000019
0.000019
0.000000
0.000000
0.000000
0.000000
0.000000
0.000175
0.000000
0.000049
0.000017
0.000000
0.000025
0.000204
0.000000
0.000000
0.000000
0.000000
0.000000
0.000000
0.000000
0.000000
0.000000
0.000000
0.000000
0.000000
0.000000
0.000000
0.000000
0.000000
0.000000
0.000000
0.000000
0.000000
0.000000
0.000000
0.000000
0.000000
0.000832
0.000017
0.000000
0.000208
0.000000
0.000000
0.000000
0.000000
0.000000
0.001728
0.000265
0.000000
0.000000
0.000000
0.001022
0.000000
0.000042
0.000000
0.000000
0.000000
0.000000
0.000000
0.000000
0.000000
0.000000
0.000000
0.000000
0.000000
0.000000
0.000000
0.000000
0.000000
0.000000
0.000000
0.000000
0.000000
0.000000
0.000000
0.000060
0.000013
0.000322
0.000000
0.000000
0.000013
0.000000
0.000000
0.000000
0.000046
0.000019
0.000049
0.000000
0.000000
0.000000
0.000188
0.000000
0.000000
0.000000
0.000000
0.000000
0.000000
0.000000
0.000000
0.000000
0.000000
0.000000
0.000000
0.000000
0.000000
0.000000
0.000000
0.000000
0.000000
0.000000
0.000000
0.000000
0.000000
0.000000
0.000000
0.000000
0.000000
0.000026
0.000000
0.000000
0.000000
0.000000
0.000000
0.000000
0.000000
0.000000
0.000039
0.000000
0.000000
0.000039
0.000000
0.000000
0.000000
0.000000
0.000000
0.000000
0.000000
0.000000
0.000000
0.000000
0.000000
0.000000
0.000000
0.000000
0.000000
0.000000
0.000000
0.000000
0.000000
0.000000
0.000000
0.000018
0.000000
0.000000
0.000015
0.000000
0.000000
0.000013
0.000015
0.000000
0.000035
0.000000
0.000000
0.000000
0.000000
0.000000
0.000046
0.000000
0.000073
0.000000
0.000000
0.000000
0.000000
0.000000
0.000000
0.000000
0.000000
0.000000
0.000000
0.000000
0.000000
0.000000
0.000000
0.000000
0.000000
0.000000
0.000000
0.000000
0.000000
0.000000
0.000000
0.000000
0.000000
0.000000
0.000000
0.000000
0.000000
0.000025
0.000013
0.000000
0.000000
0.000000
0.000013
0.000163
0.000000
0.000019
0.000000
0.000000
0.000000
0.000000
0.000000
0.000000
0.000000
0.000000
0.000000
0.000000
0.000000
0.000000
0.000000
0.000000
0.000000
0.000000
0.000000
0.000000
0.000000
0.000000
0.000000
0.000000
0.000000
0.000000
0.000000
0.000000
0.000000
0.000000
0.000000
0.000000
0.000000
0.000186
0.000609
0.000057
0.000155
0.001233
0.000056
0.000000
0.000033
0.000000
0.487092
0.000000
0.000015
0.000000
0.000000
0.000000
0.000000
0.000000
0.000000
0.000000
0.000000
0.000000
0.000635
0.001640
0.000162
0.001239
0.003447
0.000353
0.000015
0.000051
0.000017
0.000000
0.000000
0.000000
0.000000
0.000000
0.000000
0.000000
0.000000
0.000000
0.000000
0.000000
0.000000
0.000000
0.000028
0.000000
0.000000
0.000000
0.000000
0.000000
0.000015
0.000000
0.000000
0.000000
0.000000
0.000000
0.000000
0.000015
0.000000
0.000000
0.000000
0.000000
0.000000
0.000000
0.000000
0.000000
0.000000
0.000000
0.000000
0.000000
0.000184
0.000351
0.000167
0.000037
0.000283
0.000072
0.000028
0.000040
0.000042
0.000000
0.000000
0.000000
0.000000
0.000041
0.000000
0.000000
0.000000
0.000000
0.000000
0.000000
0.037245
0.000026
0.000141
0.000300
0.000063
0.000141
0.000115
0.000000
0.000069
0.000036
0.000032
0.000000
0.000000
0.000000
0.000000
0.000000
0.000000
0.000000
0.000000
0.000000
0.000000
0.000000
0.000000
0.000000
0.000000
0.000000
0.000000
0.000000
0.000000
0.000000
0.000000
0.000000
0.000000
0.000000
0.000000
0.000000
0.000000
0.000000
0.000000
0.000122
0.028015
0.000000
0.008783
0.000000
0.000000
0.000000
0.002813
0.000000
0.000885
0.000481
0.000000
0.000086
0.000000
0.000000
0.000000
0.000000
0.000000
0.000000
0.000000
0.000000
0.000000
0.000000
0.000000
0.000000
0.000000
0.000000
0.000000
0.000000
0.000000
0.000000
0.000000
0.000000
0.000000
0.000000
0.000000
0.000000
0.000000
0.000000
0.000418
0.000000
0.019683
0.007130
0.000000
0.000000
0.000000
0.000000
0.002236
0.000174
0.000000
0.003143
0.000042
0.000000
0.000000
0.000000
0.000000
0.000000
0.000000
0.000000
0.000000
0.000000
0.000000
0.000000
0.000000
0.000000
0.000000
0.000000
0.000000
0.000000
0.000000
0.000000
0.000000
0.000000
0.000000
0.000000
0.000000
0.000000
0.000000
0.000176
0.007631
0.010005
0.042373
0.000000
0.000000
0.000000
0.000547
0.000622
0.004055
0.000274
0.000297
0.000490
0.000000
0.000000
0.000000
0.000000
0.000035
0.000000
0.000000
0.000000
0.000000
0.000000
0.000000
0.000000
0.000000
0.000000
0.000000
0.000000
0.000000
0.000000
0.000000
0.000000
0.000000
0.000000
0.000000
0.000000
0.000000
0.000000
0.000070
0.000000
0.000000
0.000000
0.028690
0.000000
0.007788
0.002914
0.000000
0.000971
0.000000
0.000000
0.000000
0.000163
0.000000
0.000070
0.000000
0.000000
0.000000
0.000000
0.000000
0.000000
0.000000
0.000000
0.000000
0.000000
0.000000
0.000000
0.000000
0.000000
0.000000
0.000000
0.000000
0.000000
0.000000
0.000000
0.000000
0.000000
0.000000
0.000337
0.000000
0.000000
0.000000
0.000000
0.033888
0.008594
0.000000
0.002557
0.001606
0.000000
0.000000
0.000000
0.000000
0.002054
0.000000
0.000000
0.000054
0.000000
0.000000
0.000000
0.000000
0.000000
0.000000
0.000000
0.000000
0.000000
0.000000
0.000000
0.000000
0.000000
0.000000
0.000000
0.000000
0.000000
0.000000
0.000000
0.000000
0.000000
0.000233
0.000000
0.000000
0.000000
0.008322
0.007672
0.034951
0.001338
0.000488
0.004295
0.000000
0.000000
0.000000
0.000036
0.000631
0.000382
0.000000
0.000000
0.000000
0.000000
0.000000
0.000000
0.000000
0.000000
0.000000
0.000000
0.000000
0.000000
0.000000
0.000000
0.000000
0.000000
0.000000
0.000000
0.000000
0.000000
0.000000
0.000000
0.000000
0.000155
0.003715
0.000000
0.001499
0.001922
0.000000
0.000732
0.006600
0.000000
0.002113
0.000040
0.000000
0.000028
0.000113
0.000000
0.000000
0.000027
0.000000
0.000028
0.000000
0.000000
0.000000
0.000000
0.000000
0.000000
0.000000
0.000000
0.000000
0.000000
0.000000
0.000000
0.000000
0.000000
0.000000
0.000000
0.000000
0.000000
0.000000
0.000000
0.000032
0.000000
0.001592
0.000732
0.000000
0.003121
0.000758
0.000000
0.004554
0.001681
0.000000
0.000009
0.000000
0.000000
0.000048
0.000009
0.000000
0.000013
0.000000
0.000000
0.000000
0.000000
0.000000
0.000000
0.000000
0.000000
0.000000
0.000000
0.000000
0.000000
0.000000
0.000000
0.000000
0.000000
0.000000
0.000000
0.000000
0.000000
0.000000
0.000037
0.001277
0.000705
0.004601
0.000815
0.001344
0.002655
0.002452
0.001931
0.007842
0.000028
0.000027
0.000045
0.000031
0.000035
0.000031
0.000017
0.000075
0.000158
0.000000
0.000000
0.000000
0.000000
0.000000
0.000000
0.000000
0.000000
0.000000
0.000000
0.000000
0.000000
0.000000
0.000000
0.000000
0.000000
0.000000
0.000000
0.000953
0.000000
0.000000
0.000484
0.000000
0.000051
0.000000
0.000000
0.000000
0.000024
0.000000
0.000000
0.001020
0.000000
0.000076
0.000000
0.000000
0.000000
0.000000
0.000000
0.000000
0.000000
0.000000
0.000000
0.000000
0.000000
0.000000
0.000000
0.000000
0.000000
0.000000
0.000000
0.000000
0.000000
0.000051
0.000000
0.000000
0.000000
0.000000
0.003623
0.000000
0.000000
0.000000
0.000665
0.000460
0.000000
0.000000
0.000000
0.000000
0.000070
0.000067
0.000000
0.003994
0.000363
0.000000
0.000000
0.000000
0.000000
0.000053
0.000032
0.000000
0.000000
0.000000
0.000000
0.000000
0.000000
0.000000
0.000000
0.000000
0.000000
0.000000
0.000000
0.000000
0.000000
0.000000
0.000000
0.000000
0.000000
0.000365
0.000000
0.000000
0.000036
0.000009
0.000556
0.000000
0.000000
0.000000
0.000000
0.000000
0.000000
0.000140
0.000187
0.000248
0.000000
0.000000
0.000000
0.000000
0.000000
0.000000
0.000000
0.000000
0.000000
0.000000
0.000000
0.000000
0.000000
0.000000
0.000000
0.000000
0.000000
0.000000
0.000000
0.000026
0.000000
0.000000
0.000000
0.000000
0.000375
0.000000
0.000015
0.000000
0.000000
0.000000
0.000794
0.000000
0.000128
0.000136
0.000000
0.000000
0.000000
0.000000
0.000000
0.001013
0.000000
0.000085
0.000064
0.000000
0.000091
0.000000
0.000000
0.000000
0.000000
0.000000
0.000000
0.000000
0.000000
0.000000
0.000000
0.000000
0.000000
0.000025
0.000028
0.000037
0.000000
0.000000
0.000000
0.003146
0.000028
0.000013
0.000000
0.000000
0.000000
0.000000
0.001542
0.000924
0.000000
0.000000
0.000012
0.000000
0.000000
0.000000
0.000000
0.004186
0.000952
0.000000
0.000053
0.000076
0.000000
0.000000
0.000000
0.000000
0.000000
0.000000
0.000000
0.000000
0.000000
0.000000
0.000000
0.000000
0.000000
0.000000
0.000000
0.000000
0.000000
0.000000
0.000198
0.000000
0.000000
0.000000
0.000000
0.000000
0.000063
0.000000
0.001134
0.000018
0.000000
0.000119
0.000000
0.000000
0.000000
0.000032
0.000289
0.000222
0.000000
0.000000
0.000056
0.000000
0.000000
0.000000
0.000000
0.000000
0.000000
0.000000
0.000000
0.000000
0.000000
0.000000
0.000000
0.000000
0.000000
0.000000
0.000000
0.000000
0.000000
0.000017
0.000000
0.000000
0.000000
0.000000
0.000000
0.000000
0.000000
0.000000
0.000041
0.000000
0.000039
0.000000
0.000000
0.000000
0.000027
0.000000
0.000000
0.000000
0.000000
0.000000
0.000000
0.000000
0.000000
0.000000
0.000000
0.000000
0.000000
0.000000
0.000000
0.000000
0.000000
0.000000
0.000000
0.000000
0.000000
0.000000
0.000000
0.000000
0.000117
0.000000
0.000000
0.000000
0.000028
0.000000
0.000000
0.000026
0.000000
0.000000
0.000058
0.000044
0.000000
0.000012
0.000000
0.000000
0.000048
0.000000
0.000000
0.000105
0.000000
0.000000
0.000000
0.000000
0.000000
0.000000
0.000000
0.000000
0.000000
0.000000
0.000000
0.000000
0.000000
0.000000
0.000000
0.000000
0.000000
0.000000
0.000000
0.000000
0.000000
0.000000
0.000000
0.000000
0.000019
0.000000
0.000000
0.000000
0.000090
0.000000
0.000164
0.000000
0.000000
0.000000
0.000000
0.000158
0.000028
0.000000
0.000000
0.000000
