0.001275
0.006812
0.012133
0.001823
0.005281
0.005415
0.001980
0.001921
0.005030
0.000799
0.003617
0.001244
0.000680
0.003321
0.002371
0.000400
0.000212
0.000317
0.549188
0.000525
0.034173
0.027774
0.018894
0.073703
0.024564
0.016329
0.056624
0.022223
0.008636
0.052198
0.003803
0.016391
0.007799
0.007997
0.011034
0.008125
0.001059
0.001458
0.002871
0.000568
0.000000
0.000359
0.000000
0.000000
0.000000
0.000180
0.000000
0.000000
0.000041
0.000000
0.000000
0.000000
0.000000
0.000000
0.000000
0.000000
0.000000
0.000000
0.000000
0.000065
0.000000
0.000000
0.000000
0.000000
0.000000
0.000000
0.000000
0.000000
0.000000
0.000000
0.000000
0.000000
0.000000
0.000000
0.000000
0.000000
0.000000
0.000000
0.000000
0.004577
0.000976
0.000000
0.000000
0.000000
0.000000
0.000000
0.000554
0.000000
0.000521
0.000109
0.000000
0.000000
0.000000
0.000000
0.000000
0.000000
0.000000
0.000000
0.000133
0.000000
0.000000
0.000000
0.000000
0.000000
0.000000
0.000000
0.000000
0.000000
0.000000
0.000000
0.000000
0.000000
0.000000
0.000000
0.000000
0.000000
0.000000
0.000170
0.001094
0.008067
0.000000
0.000000
0.000000
0.000041
0.000069
0.001595
0.000078
0.000253
0.000233
0.000000
0.000000
0.000000
0.000000
0.000000
0.000037
0.000000
0.000000
0.000069
0.000000
0.000000
0.000000
0.000000
0.000000
0.000000
0.000000
0.000000
0.000000
0.000000
0.000000
0.000000
0.000000
0.000000
0.000000
0.000000
0.000000
0.000000
0.000000
0.000000
0.000000
0.000911
0.000000
0.000362
0.000317
0.000000
0.000106
0.000000
0.000000
0.000000
0.000130
0.000000
0.000000
0.000000
0.000000
0.000000
0.000000
0.000000
0.000000
0.000000
0.000000
0.000000
0.000000
0.000000
0.000000
0.000000
0.000000
0.000000
0.000000
0.000000
0.000000
0.000000
0.000000
0.000000
0.000000
0.000000
0.000000
0.000000
0.000000
0.000000
0.000000
0.003183
0.001029
0.000000
0.000082
0.000000
0.000000
0.000000
0.000000
0.000000
0.001019
0.000000
0.000000
0.000000
0.000000
0.000000
0.000000
0.000000
0.000000
0.000000
0.000000
0.000000
0.000000
0.000000
0.000000
0.000000
0.000000
0.000000
0.000000
0.000000
0.000000
0.000000
0.000000
0.000000
0.000000
0.000000
0.000000
0.000000
0.000000
0.000291
0.001138
0.002512
0.000078
0.000513
0.000157
0.000000
0.000000
0.000000
0.000037
0.000041
0.000640
0.000000
0.000000
0.000037
0.000000
0.000000
0.000000
0.000000
0.000000
0.000000
0.000000
0.000000
0.000000
0.000000
0.000000
0.000000
0.000000
0.000000
0.000000
0.000000
0.000000
0.000000
0.000000
0.000000
0.000000
0.000313
0.000000
0.000226
0.000334
0.000000
0.000048
0.000800
0.000000
0.000109
0.000075
0.000000
0.000000
0.000000
0.000000
0.000000
0.000078
0.000000
0.000000
0.000000
0.000000
0.000000
0.000000
0.000000
0.000000
0.000000
0.000000
0.000000
0.000000
0.000000
0.000000
0.000000
0.000000
0.000000
0.000000
0.000000
0.000000
0.000000
0.000000
0.000000
0.000000
0.000041
0.000554
0.000000
0.000581
0.000037
0.000000
0.000554
0.000069
0.000000
0.000037
0.000000
0.000000
0.000000
0.000000
0.000000
0.000000
0.000000
0.000000
0.000000
0.000069
0.000000
0.000000
0.000000
0.000000
0.000000
0.000000
0.000000
0.000000
0.000000
0.000000
0.000000
0.000000
0.000000
0.000000
0.000000
0.000000
0.000000
0.000000
0.000079
0.000065
0.000377
0.000041
0.000000
0.000996
0.000208
0.000687
0.002044
0.000000
0.000000
0.000000
0.000041
0.000000
0.000377
0.000037
0.000000
0.000116
0.000000
0.000000
0.000000
0.000000
0.000000
0.000000
0.000000
0.000000
0.000000
0.000000
0.000000
0.000000
0.000000
0.000000
0.000000
0.000000
0.000000
0.000000
0.000000
0.000000
0.000000
0.000147
0.000000
0.000000
0.000000
0.000000
0.000000
0.000000
0.000000
0.000000
0.000341
0.000000
0.000000
0.000000
0.000000
0.000000
0.000000
0.000000
0.000000
0.000313
0.000000
0.000000
0.000000
0.000000
0.000000
0.000000
0.000000
0.000000
0.000000
0.000000
0.000000
0.000000
0.000000
0.000000
0.000000
0.000000
0.000000
0.000000
0.000000
0.000000
0.000000
0.000380
0.000414
0.000000
0.000000
0.000000
0.000000
0.000000
0.000037
0.000000
0.001302
0.000375
0.000000
0.000000
0.000000
0.000000
0.000075
0.000037
0.000909
0.000099
0.000000
0.000000
0.000000
0.000000
0.000000
0.000000
0.000000
0.000000
0.000000
0.000000
0.000000
0.000000
0.000000
0.000000
0.000000
0.000000
0.000000
0.000000
0.000000
0.000000
0.000000
0.000269
0.000000
0.000000
0.000000
0.000000
0.000000
0.000215
0.000079
0.000154
0.000341
0.000000
0.000000
0.000000
0.000000
0.000000
0.000000
0.000150
0.000000
0.000000
0.000000
0.000000
0.000000
0.000000
0.000000
0.000000
0.000000
0.000000
0.000000
0.000000
0.000000
0.000000
0.000000
0.000037
0.000000
0.000000
0.000000
0.000000
0.000000
0.000000
0.000000
0.000078
0.000000
0.000000
0.000000
0.000000
0.000000
0.000000
0.000000
0.000000
0.000198
0.000000
0.000041
0.000041
0.000000
0.000000
0.000286
0.000000
0.000000
0.000000
0.000000
0.000000
0.000000
0.000000
0.000000
0.000000
0.000000
0.000000
0.000000
0.000000
0.000000
0.000000
0.000037
0.000000
0.000000
0.000000
0.000000
0.000000
0.000000
0.000000
0.000000
0.000168
0.000085
0.000000
0.000000
0.000000
0.000000
0.000000
0.000000
0.000000
0.001203
0.000400
0.000000
0.000000
0.000000
0.000972
0.000000
0.000000
0.000000
0.000000
0.000000
0.000000
0.000000
0.000000
0.000000
0.000000
0.000000
0.000000
0.000000
0.000000
0.000000
0.000513
0.000000
0.000000
0.000000
0.000000
0.000000
0.000000
0.000000
0.000037
0.000069
0.000376
0.000000
0.000000
0.000106
0.000000
0.000000
0.000000
0.000041
0.000425
0.000658
0.000000
0.000000
0.000052
0.000552
0.000000
0.000069
0.000000
0.000000
0.000000
0.000000
0.000000
0.000000
0.000000
0.000000
0.000000
0.000000
0.000000
0.000000
0.000000
0.000000
0.000000
0.000000
0.000000
0.000000
0.000000
0.000000
0.000000
0.000000
0.000000
0.000000
0.000179
0.000000
0.000000
0.000041
0.000000
0.000000
0.000075
0.000000
0.000000
0.000069
0.000000
0.000000
0.000037
0.000000
0.000000
0.000000
0.000000
0.000000
0.000000
0.000000
0.000000
0.000000
0.000000
0.000000
0.000000
0.000000
0.000000
0.000000
0.000000
0.000000
0.000000
0.000000
0.000000
0.000000
0.000069
0.000000
0.000000
0.000000
0.000000
0.000000
0.000037
0.000037
0.000000
0.000000
0.000000
0.000000
0.000000
0.000000
0.000000
0.000069
0.000000
0.000000
0.000000
0.000000
0.000000
0.000000
0.000000
0.000000
0.000000
0.000000
0.000000
0.000000
0.000000
0.000000
0.000000
0.000000
0.000000
0.000000
0.000000
0.000000
0.000000
0.000000
0.000000
0.000000
0.000000
0.000000
0.000000
0.000000
0.000052
0.000000
0.000037
0.000000
0.000000
0.000037
0.000000
0.000000
0.000000
0.000037
0.000000
0.000037
0.000079
0.000037
0.000000
0.000000
0.000000
0.000000
0.000000
0.000000
0.000000
0.000000
0.000000
0.000000
0.000000
0.000000
0.000000
0.000000
0.000000
0.000000
0.000000
0.000000
0.000000
0.000000
0.000000
0.000000
0.000000
0.000000
0.000000
0.000000
0.000000
0.000000
0.000147
0.001241
0.000150
0.000160
0.000612
0.000227
0.000137
0.000069
0.000000
0.530059
0.000000
0.000064
0.000000
0.000000
0.000000
0.000000
0.000000
0.000000
0.000000
0.000000
0.000000
0.000777
0.003532
0.001176
0.003024
0.003796
0.001095
0.000060
0.000276
0.000139
0.000000
0.000000
0.000000
0.000069
0.000000
0.000000
0.000065
0.000000
0.000000
0.000000
0.000041
0.000000
0.000000
0.000041
0.000041
0.000000
0.000000
0.000000
0.000000
0.000133
0.000000
0.000000
0.000000
0.000000
0.000000
0.000000
0.000000
0.000000
0.000000
0.000000
0.000000
0.000000
0.000099
0.000000
0.000000
0.000000
0.000000
0.000037
0.000000
0.000000
0.000645
0.000937
0.000065
0.000173
0.000000
0.000065
0.000000
0.000000
0.000000
0.000000
0.000000
0.000000
0.000000
0.000000
0.000000
0.000000
0.000000
0.000000
0.000000
0.031711
0.000000
0.000133
0.000197
0.000065
0.000000
0.000000
0.000206
0.000000
0.000133
0.000000
0.000000
0.000000
0.000000
0.000000
0.000000
0.000000
0.000000
0.000000
0.000000
0.000000
0.000000
0.000000
0.000000
0.000000
0.000000
0.000000
0.000000
0.000000
0.000000
0.000000
0.000000
0.000000
0.000000
0.000000
0.000000
0.000000
0.000000
0.000000
0.000141
0.018500
0.000000
0.005535
0.000000
0.000000
0.000000
0.001719
0.000000
0.001069
0.000932
0.000000
0.000112
0.000000
0.000000
0.000000
0.000000
0.000000
0.000000
0.000000
0.000000
0.000000
0.000000
0.000000
0.000000
0.000000
0.000000
0.000000
0.000000
0.000000
0.000000
0.000000
0.000000
0.000000
0.000000
0.000000
0.000000
0.000000
0.000000
0.000000
0.000000
0.010417
0.003972
0.000000
0.000000
0.000000
0.000000
0.001116
0.000635
0.000000
0.002771
0.000000
0.000000
0.000000
0.000000
0.000000
0.000099
0.000000
0.000000
0.000000
0.000000
0.000000
0.000000
0.000000
0.000000
0.000000
0.000000
0.000000
0.000000
0.000000
0.000000
0.000000
0.000000
0.000000
0.000000
0.000000
0.000000
0.000065
0.001087
0.005114
0.006217
0.048368
0.000000
0.000000
0.000000
0.000276
0.000827
0.006329
0.000253
0.002459
0.002646
0.000000
0.000000
0.000000
0.000000
0.000000
0.000524
0.000000
0.000000
0.000000
0.000000
0.000000
0.000000
0.000000
0.000000
0.000000
0.000000
0.000000
0.000000
0.000000
0.000000
0.000000
0.000000
0.000000
0.000000
0.000000
0.000000
0.000000
0.000000
0.000000
0.000000
0.013600
0.000000
0.007290
0.001652
0.000000
0.001858
0.000000
0.000000
0.000000
0.000171
0.000000
0.000151
0.000000
0.000000
0.000000
0.000000
0.000000
0.000000
0.000000
0.000000
0.000000
0.000000
0.000000
0.000000
0.000000
0.000000
0.000000
0.000000
0.000000
0.000000
0.000000
0.000000
0.000000
0.000000
0.000000
0.000000
0.000000
0.000000
0.000000
0.000000
0.009831
0.003986
0.000000
0.001116
0.000624
0.000000
0.000000
0.000000
0.000000
0.000710
0.000049
0.000000
0.000110
0.000000
0.000000
0.000000
0.000000
0.000000
0.000000
0.000000
0.000000
0.000000
0.000000
0.000000
0.000000
0.000000
0.000000
0.000000
0.000000
0.000000
0.000000
0.000000
0.000000
0.000069
0.000554
0.000000
0.000000
0.000000
0.004840
0.002764
0.033265
0.002164
0.000621
0.009273
0.000000
0.000000
0.000000
0.000817
0.000607
0.002101
0.000000
0.000000
0.000000
0.000000
0.000000
0.000000
0.000000
0.000000
0.000000
0.000000
0.000000
0.000000
0.000000
0.000000
0.000000
0.000000
0.000000
0.000000
0.000000
0.000000
0.000000
0.000000
0.000000
0.000133
0.003397
0.000000
0.003239
0.001677
0.000000
0.001536
0.009259
0.000000
0.002737
0.000000
0.000000
0.000136
0.000170
0.000000
0.000000
0.000041
0.000000
0.000093
0.000000
0.000000
0.000000
0.000000
0.000000
0.000000
0.000000
0.000000
0.000000
0.000000
0.000000
0.000000
0.000000
0.000000
0.000000
0.000000
0.000000
0.000000
0.000000
0.000000
0.000048
0.000000
0.000951
0.001205
0.000000
0.001238
0.000605
0.000000
0.003278
0.001244
0.000000
0.000000
0.000000
0.000000
0.000000
0.000000
0.000000
0.000108
0.000000
0.000000
0.000000
0.000000
0.000000
0.000000
0.000000
0.000000
0.000000
0.000000
0.000000
0.000000
0.000000
0.000000
0.000000
0.000000
0.000000
0.000000
0.000000
0.000000
0.000000
0.000065
0.000507
0.000475
0.009583
0.001258
0.000750
0.004896
0.006591
0.001423
0.024870
0.000000
0.000086
0.000205
0.000000
0.000199
0.000628
0.000253
0.000110
0.000674
0.000000
0.000000
0.000000
0.000000
0.000000
0.000000
0.000000
0.000000
0.000000
0.000000
0.000000
0.000000
0.000000
0.000000
0.000000
0.000000
0.000000
0.000000
0.001744
0.000000
0.000000
0.000185
0.000000
0.000000
0.000000
0.000000
0.000000
0.000099
0.000000
0.000000
0.001312
0.000000
0.000271
0.000000
0.000000
0.000000
0.000099
0.000000
0.000124
0.000000
0.000000
0.000000
0.000000
0.000000
0.000000
0.000000
0.000000
0.000000
0.000000
0.000037
0.000000
0.000000
0.000000
0.000000
0.000000
0.000000
0.000000
0.007214
0.000000
0.000000
0.000000
0.000817
0.000534
0.000000
0.000000
0.000000
0.000000
0.000000
0.000000
0.000000
0.005486
0.002102
0.000000
0.000000
0.000124
0.000000
0.000000
0.000218
0.000000
0.000000
0.000000
0.000000
0.000000
0.000000
0.000000
0.000000
0.000000
0.000000
0.000041
0.000000
0.000000
0.000000
0.000000
0.000000
0.000000
0.000000
0.000495
0.000041
0.000000
0.000246
0.000000
0.001477
0.000000
0.000000
0.000000
0.000000
0.000000
0.001834
0.000559
0.001962
0.001101
0.000000
0.000000
0.000000
0.000000
0.000000
0.000090
0.000000
0.000000
0.000000
0.000000
0.000000
0.000000
0.000000
0.000000
0.000000
0.000000
0.000000
0.000000
0.000000
0.000000
0.000000
0.000000
0.000000
0.000000
0.001558
0.000041
0.000000
0.000000
0.000000
0.000000
0.002296
0.000000
0.000110
0.000174
0.000000
0.000000
0.000000
0.000000
0.000000
0.003467
0.000000
0.000222
0.000175
0.000000
0.000048
0.000000
0.000000
0.000000
0.000000
0.000000
0.000000
0.000000
0.000000
0.000000
0.000000
0.000000
0.000000
0.000000
0.000000
0.000000
0.000000
0.000000
0.000000
0.004241
0.000000
0.000000
0.000000
0.000000
0.000000
0.000000
0.000292
0.000594
0.000000
0.000297
0.000127
0.000000
0.000000
0.000000
0.000000
0.002458
0.002574
0.000000
0.000224
0.000276
0.000000
0.000000
0.000000
0.000000
0.000000
0.000000
0.000000
0.000000
0.000000
0.000000
0.000000
0.000000
0.000000
0.000000
0.000000
0.000000
0.000000
0.000000
0.000299
0.000041
0.000133
0.000000
0.000000
0.000000
0.000670
0.000113
0.002516
0.000000
0.000000
0.000342
0.000000
0.000000
0.000000
0.000359
0.002229
0.001230
0.000000
0.000000
0.000241
0.000000
0.000000
0.000000
0.000000
0.000000
0.000000
0.000000
0.000000
0.000000
0.000000
0.000000
0.000000
0.000000
0.000000
0.000000
0.000000
0.000000
0.000000
0.000377
0.000000
0.000000
0.000060
0.000000
0.000000
0.000000
0.000000
0.000000
0.000163
0.000000
0.000110
0.000000
0.000000
0.000000
0.000041
0.000000
0.000000
0.000313
0.000000
0.000000
0.000000
0.000000
0.000000
0.000000
0.000000
0.000000
0.000000
0.000000
0.000000
0.000000
0.000000
0.000000
0.000000
0.000000
0.000000
0.000000
0.000000
0.000000
0.000457
0.000000
0.000000
0.000000
0.000000
0.000000
0.000000
0.000000
0.000041
0.000000
0.000000
0.000302
0.000000
0.000000
0.000000
0.000000
0.000218
0.000000
0.000000
0.000250
0.000194
0.000000
0.000000
0.000000
0.000000
0.000000
0.000000
0.000000
0.000000
0.000000
0.000000
0.000000
0.000000
0.000000
0.000000
0.000000
0.000000
0.000000
0.000000
0.000325
0.000000
0.000000
0.000000
0.000000
0.000052
0.000176
0.000000
0.000000
0.000049
0.000000
0.001089
0.000000
0.000236
0.000000
0.000041
0.000278
0.000000
0.000124
0.000249
0.000259
