0.007787
0.011547
0.010882
0.003209
0.011444
0.008073
0.001982
0.002143
0.002971
0.000840
0.002827
0.000711
0.000694
0.003398
0.000611
0.000096
0.000171
0.000056
0.465920
0.000383
0.029274
0.061476
0.038335
0.090673
0.043094
0.049842
0.059111
0.017119
0.010792
0.026955
0.002997
0.012107
0.003396
0.002270
0.012410
0.002677
0.000474
0.000676
0.000576
0.005484
0.000000
0.001437
0.000000
0.000000
0.000000
0.000460
0.000000
0.000202
0.000089
0.000000
0.000033
0.000000
0.000000
0.000000
0.000005
0.000000
0.000000
0.000000
0.000000
0.000101
0.000000
0.000000
0.000000
0.000000
0.000000
0.000000
0.000000
0.000000
0.000000
0.000000
0.000000
0.000000
0.000000
0.000000
0.000000
0.000000
0.000000
0.000000
0.000000
0.008636
0.001620
0.000000
0.000000
0.000000
0.000000
0.000523
0.000038
0.000000
0.000404
0.000003
0.000000
0.000000
0.000000
0.000000
0.000009
0.000000
0.000000
0.000045
0.000283
0.000000
0.000000
0.000000
0.000000
0.000000
0.000000
0.000000
0.000000
0.000000
0.000000
0.000000
0.000000
0.000000
0.000000
0.000000
0.000000
0.000000
0.000000
0.001585
0.001653
0.006448
0.000000
0.000000
0.000000
0.000063
0.000057
0.000553
0.000017
0.000120
0.000243
0.000000
0.000000
0.000000
0.000000
0.000000
0.000000
0.000000
0.000013
0.000142
0.000000
0.000000
0.000000
0.000000
0.000000
0.000000
0.000000
0.000000
0.000000
0.000000
0.000000
0.000000
0.000000
0.000000
0.000000
0.000000
0.000000
0.000000
0.000000
0.000000
0.000000
0.001997
0.000000
0.000821
0.000212
0.000000
0.000030
0.000000
0.000000
0.000000
0.000089
0.000000
0.000003
0.000003
0.000000
0.000000
0.000000
0.000000
0.000062
0.000000
0.000000
0.000000
0.000000
0.000000
0.000000
0.000000
0.000000
0.000000
0.000000
0.000000
0.000000
0.000000
0.000000
0.000000
0.000000
0.000000
0.000000
0.000000
0.000000
0.000000
0.000000
0.008560
0.001305
0.000000
0.000441
0.000119
0.000000
0.000000
0.000000
0.000000
0.000713
0.000026
0.000000
0.000020
0.000003
0.000000
0.000000
0.000133
0.000000
0.000000
0.000000
0.000000
0.000000
0.000000
0.000000
0.000000
0.000000
0.000000
0.000000
0.000000
0.000000
0.000000
0.000000
0.000000
0.000000
0.000000
0.000000
0.000000
0.000000
0.000735
0.001556
0.004738
0.000109
0.000077
0.000502
0.000000
0.000000
0.000000
0.000052
0.000055
0.000136
0.000000
0.000000
0.000000
0.000000
0.000005
0.000057
0.000000
0.000000
0.000000
0.000000
0.000000
0.000000
0.000000
0.000000
0.000000
0.000000
0.000000
0.000000
0.000000
0.000000
0.000000
0.000000
0.000000
0.000000
0.000300
0.000000
0.000089
0.000254
0.000000
0.000221
0.000833
0.000000
0.000248
0.000006
0.000000
0.000000
0.000005
0.000000
0.000003
0.000013
0.000000
0.000006
0.000000
0.000000
0.000011
0.000000
0.000000
0.000000
0.000000
0.000000
0.000000
0.000000
0.000000
0.000000
0.000000
0.000000
0.000000
0.000000
0.000000
0.000000
0.000000
0.000000
0.000000
0.000000
0.000340
0.000074
0.000000
0.000433
0.000095
0.000000
0.000671
0.000240
0.000000
0.000052
0.000000
0.000000
0.000085
0.000000
0.000000
0.000052
0.000000
0.000000
0.000000
0.000016
0.000000
0.000000
0.000000
0.000000
0.000000
0.000000
0.000000
0.000000
0.000000
0.000000
0.000000
0.000000
0.000000
0.000000
0.000000
0.000000
0.000000
0.000000
0.000148
0.000068
0.000552
0.000055
0.000146
0.000374
0.000193
0.000262
0.000937
0.000007
0.000000
0.000005
0.000006
0.000042
0.000078
0.000033
0.000022
0.000005
0.000000
0.000000
0.000028
0.000000
0.000000
0.000000
0.000000
0.000000
0.000000
0.000000
0.000000
0.000000
0.000000
0.000000
0.000000
0.000000
0.000000
0.000000
0.000000
0.000000
0.000000
0.000173
0.000000
0.000029
0.000000
0.000000
0.000000
0.000032
0.000000
0.000000
0.000289
0.000000
0.000042
0.000000
0.000000
0.000000
0.000024
0.000000
0.000004
0.000250
0.000000
0.000000
0.000000
0.000000
0.000000
0.000000
0.000000
0.000000
0.000000
0.000000
0.000000
0.000000
0.000000
0.000000
0.000000
0.000000
0.000000
0.000000
0.000000
0.000000
0.000000
0.000617
0.000270
0.000000
0.000000
0.000000
0.000000
0.000027
0.000012
0.000000
0.001046
0.000112
0.000000
0.000000
0.000000
0.000000
0.000016
0.000000
0.000670
0.000030
0.000017
0.000000
0.000000
0.000000
0.000000
0.000000
0.000000
0.000000
0.000000
0.000000
0.000000
0.000025
0.000000
0.000000
0.000000
0.000000
0.000000
0.000000
0.000000
0.000032
0.000013
0.000244
0.000000
0.000000
0.000000
0.000005
0.000000
0.000002
0.000081
0.000107
0.000122
0.000000
0.000000
0.000000
0.000000
0.000000
0.000000
0.000108
0.000000
0.000000
0.000000
0.000000
0.000000
0.000000
0.000000
0.000000
0.000000
0.000000
0.000000
0.000000
0.000000
0.000000
0.000000
0.000000
0.000000
0.000000
0.000000
0.000000
0.000000
0.000000
0.000000
0.000070
0.000000
0.000078
0.000027
0.000000
0.000000
0.000000
0.000000
0.000000
0.000259
0.000000
0.000085
0.000003
0.000000
0.000000
0.000160
0.000000
0.000007
0.000000
0.000000
0.000000
0.000000
0.000000
0.000000
0.000000
0.000000
0.000000
0.000000
0.000000
0.000000
0.000000
0.000006
0.000000
0.000000
0.000000
0.000000
0.000000
0.000000
0.000000
0.000000
0.000664
0.000126
0.000000
0.000059
0.000009
0.000000
0.000000
0.000000
0.000000
0.001318
0.000102
0.000000
0.000011
0.000023
0.000968
0.000026
0.000017
0.000000
0.000000
0.000000
0.000000
0.000000
0.000000
0.000000
0.000000
0.000000
0.000000
0.000000
0.000000
0.000000
0.000008
0.000004
0.000000
0.000000
0.000000
0.000000
0.000000
0.000000
0.000015
0.000008
0.000214
0.000000
0.000000
0.000056
0.000000
0.000000
0.000000
0.000033
0.000131
0.000072
0.000000
0.000000
0.000003
0.000079
0.000003
0.000000
0.000000
0.000000
0.000000
0.000000
0.000000
0.000000
0.000000
0.000000
0.000000
0.000000
0.000000
0.000000
0.000000
0.000000
0.000000
0.000000
0.000000
0.000000
0.000000
0.000000
0.000000
0.000000
0.000000
0.000000
0.000030
0.000000
0.000000
0.000039
0.000000
0.000000
0.000003
0.000000
0.000000
0.000009
0.000000
0.000003
0.000009
0.000004
0.000000
0.000000
0.000000
0.000000
0.000000
0.000000
0.000000
0.000000
0.000000
0.000000
0.000000
0.000000
0.000000
0.000000
0.000000
0.000000
0.000000
0.000000
0.000000
0.000000
0.000000
0.000006
0.000000
0.000000
0.000000
0.000000
0.000031
0.000002
0.000000
0.000033
0.000000
0.000000
0.000046
0.000000
0.000000
0.000026
0.000004
0.000024
0.000000
0.000000
0.000000
0.000000
0.000000
0.000000
0.000000
0.000000
0.000000
0.000000
0.000000
0.000000
0.000000
0.000000
0.000000
0.000000
0.000000
0.000000
0.000000
0.000000
0.000013
0.000000
0.000007
0.000000
0.000000
0.000000
0.000000
0.000000
0.000020
0.000007
0.000000
0.000000
0.000000
0.000000
0.000000
0.000000
0.000000
0.000003
0.000000
0.000006
0.000000
0.000000
0.000000
0.000000
0.000000
0.000000
0.000000
0.000000
0.000000
0.000000
0.000000
0.000000
0.000000
0.000000
0.000000
0.000000
0.000000
0.000000
0.000000
0.000000
0.000000
0.000000
0.000000
0.000000
0.000000
0.000000
0.000000
0.000000
0.000291
0.001010
0.000133
0.000216
0.000892
0.000099
0.000006
0.000015
0.000000
0.452502
0.000000
0.000022
0.000000
0.000000
0.000000
0.000000
0.000000
0.000000
0.000000
0.000000
0.000000
0.000887
0.002862
0.000549
0.000898
0.003500
0.000350
0.000054
0.000038
0.000034
0.000000
0.000035
0.000000
0.000000
0.000005
0.000000
0.000000
0.000005
0.000000
0.000007
0.000033
0.000004
0.000000
0.000069
0.000005
0.000000
0.000000
0.000000
0.000000
0.000091
0.000000
0.000000
0.000021
0.000020
0.000005
0.000004
0.000000
0.000000
0.000000
0.000000
0.000000
0.000034
0.000000
0.000000
0.000006
0.000000
0.000000
0.000013
0.000030
0.000060
0.000146
0.000130
0.000080
0.000094
0.000107
0.000026
0.000000
0.000015
0.000000
0.000004
0.000012
0.000000
0.000006
0.000000
0.000000
0.000000
0.000000
0.000022
0.000000
0.027671
0.000138
0.000052
0.000202
0.000113
0.000088
0.000179
0.000101
0.000003
0.000105
0.000006
0.000009
0.000000
0.000000
0.000013
0.000000
0.000000
0.000000
0.000000
0.000000
0.000000
0.000000
0.000000
0.000000
0.000000
0.000000
0.000000
0.000000
0.000000
0.000000
0.000000
0.000000
0.000000
0.000000
0.000000
0.000000
0.000000
0.000000
0.000000
0.000065
0.042640
0.000000
0.014222
0.000000
0.000000
0.000000
0.003101
0.000000
0.000944
0.000598
0.000000
0.000149
0.000000
0.000000
0.000000
0.000033
0.000000
0.000015
0.000000
0.000000
0.000000
0.000000
0.000000
0.000000
0.000000
0.000000
0.000000
0.000000
0.000000
0.000000
0.000000
0.000000
0.000000
0.000000
0.000000
0.000000
0.000000
0.000035
0.000100
0.000000
0.022893
0.009441
0.000000
0.000000
0.000000
0.000000
0.002077
0.000883
0.000000
0.002916
0.000074
0.000000
0.000000
0.000000
0.000000
0.000096
0.000000
0.000000
0.000000
0.000000
0.000000
0.000000
0.000000
0.000000
0.000000
0.000000
0.000000
0.000000
0.000000
0.000000
0.000000
0.000000
0.000000
0.000000
0.000000
0.000000
0.000007
0.000162
0.013572
0.012052
0.057489
0.000000
0.000000
0.000000
0.000809
0.000893
0.004097
0.000125
0.000917
0.000931
0.000000
0.000000
0.000000
0.000006
0.000009
0.000046
0.000000
0.000000
0.000000
0.000000
0.000000
0.000000
0.000000
0.000000
0.000000
0.000000
0.000000
0.000000
0.000000
0.000000
0.000000
0.000000
0.000000
0.000000
0.000000
0.000000
0.000061
0.000000
0.000000
0.000000
0.030683
0.000000
0.008157
0.003023
0.000000
0.001015
0.000000
0.000000
0.000000
0.000197
0.000000
0.000083
0.000015
0.000000
0.000000
0.000000
0.000000
0.000000
0.000000
0.000000
0.000000
0.000000
0.000000
0.000000
0.000000
0.000000
0.000000
0.000000
0.000000
0.000000
0.000000
0.000000
0.000000
0.000000
0.000010
0.000171
0.000000
0.000000
0.000000
0.000000
0.034971
0.009119
0.000000
0.001577
0.001697
0.000000
0.000000
0.000000
0.000000
0.002425
0.000016
0.000000
0.000005
0.000000
0.000000
0.000000
0.000000
0.000000
0.000000
0.000000
0.000000
0.000000
0.000000
0.000000
0.000000
0.000000
0.000000
0.000000
0.000000
0.000000
0.000000
0.000000
0.000000
0.000005
0.000085
0.000000
0.000000
0.000000
0.008601
0.007894
0.035490
0.000936
0.000675
0.004204
0.000000
0.000000
0.000000
0.000068
0.000568
0.000769
0.000009
0.000000
0.000012
0.000000
0.000000
0.000000
0.000000
0.000000
0.000000
0.000000
0.000000
0.000000
0.000000
0.000000
0.000000
0.000000
0.000000
0.000000
0.000000
0.000000
0.000000
0.000000
0.000000
0.000017
0.002930
0.000000
0.001710
0.002286
0.000000
0.000991
0.006769
0.000000
0.002225
0.000017
0.000000
0.000006
0.000075
0.000000
0.000031
0.000119
0.000000
0.000035
0.000000
0.000000
0.000000
0.000000
0.000000
0.000000
0.000000
0.000000
0.000000
0.000000
0.000000
0.000000
0.000000
0.000000
0.000000
0.000000
0.000000
0.000000
0.000000
0.000000
0.000030
0.000000
0.001494
0.000721
0.000000
0.002488
0.000486
0.000000
0.003572
0.001557
0.000000
0.000048
0.000008
0.000000
0.000193
0.000024
0.000000
0.000188
0.000029
0.000000
0.000000
0.000000
0.000000
0.000000
0.000000
0.000000
0.000000
0.000000
0.000000
0.000000
0.000000
0.000000
0.000000
0.000000
0.000000
0.000000
0.000000
0.000000
0.000000
0.000029
0.001606
0.000670
0.005305
0.000863
0.001114
0.003001
0.002267
0.001800
0.009846
0.000004
0.000050
0.000050
0.000006
0.000084
0.000147
0.000039
0.000056
0.000146
0.000000
0.000000
0.000000
0.000000
0.000000
0.000000
0.000000
0.000000
0.000000
0.000000
0.000000
0.000000
0.000000
0.000000
0.000000
0.000000
0.000000
0.000000
0.000966
0.000000
0.000000
0.000525
0.000000
0.000165
0.000000
0.000000
0.000000
0.000028
0.000000
0.000000
0.001070
0.000000
0.000208
0.000000
0.000000
0.000000
0.000037
0.000000
0.000009
0.000000
0.000000
0.000000
0.000000
0.000000
0.000000
0.000000
0.000000
0.000000
0.000007
0.000027
0.000000
0.000000
0.000000
0.000000
0.000000
0.000000
0.000000
0.004509
0.000004
0.000000
0.000000
0.001277
0.000674
0.000000
0.000000
0.000000
0.000000
0.000046
0.000011
0.000027
0.004641
0.000750
0.000000
0.000000
0.000000
0.000000
0.000114
0.000036
0.000000
0.000000
0.000000
0.000000
0.000000
0.000000
0.000000
0.000000
0.000000
0.000000
0.000000
0.000000
0.000000
0.000000
0.000000
0.000000
0.000000
0.000000
0.000390
0.000027
0.000019
0.000344
0.000044
0.001088
0.000000
0.000000
0.000000
0.000000
0.000000
0.000036
0.000172
0.000585
0.000688
0.000000
0.000000
0.000000
0.000000
0.000000
0.000012
0.000000
0.000000
0.000000
0.000000
0.000000
0.000000
0.000000
0.000000
0.000000
0.000000
0.000000
0.000000
0.000000
0.000000
0.000000
0.000000
0.000000
0.000000
0.000534
0.000000
0.000000
0.000000
0.000000
0.000000
0.000474
0.000000
0.000126
0.000121
0.000000
0.000012
0.000000
0.000000
0.000000
0.000834
0.000000
0.000119
0.000027
0.000000
0.000019
0.000000
0.000000
0.000000
0.000000
0.000000
0.000000
0.000000
0.000000
0.000000
0.000000
0.000000
0.000005
0.000033
0.000051
0.000005
0.000000
0.000000
0.000003
0.003997
0.000069
0.000049
0.000000
0.000000
0.000000
0.000000
0.001732
0.000743
0.000000
0.000082
0.000111
0.000000
0.000000
0.000000
0.000000
0.004688
0.000710
0.000000
0.000054
0.000073
0.000000
0.000000
0.000000
0.000000
0.000000
0.000000
0.000000
0.000000
0.000000
0.000000
0.000000
0.000000
0.000000
0.000000
0.000000
0.000000
0.000000
0.000000
0.000351
0.000007
0.000000
0.000000
0.000000
0.000000
0.000184
0.000052
0.000918
0.000010
0.000004
0.000034
0.000000
0.000000
0.000000
0.000124
0.000575
0.000386
0.000000
0.000000
0.000019
0.000000
0.000000
0.000000
0.000000
0.000000
0.000000
0.000000
0.000000
0.000000
0.000000
0.000000
0.000000
0.000000
0.000000
0.000000
0.000000
0.000000
0.000000
0.000096
0.000000
0.000000
0.000006
0.000000
0.000023
0.000023
0.000000
0.000000
0.000026
0.000000
0.000022
0.000095
0.000000
0.000000
0.000072
0.000000
0.000018
0.000088
0.000000
0.000007
0.000000
0.000000
0.000000
0.000000
0.000000
0.000000
0.000000
0.000000
0.000000
0.000000
0.000000
0.000000
0.000000
0.000000
0.000000
0.000000
0.000000
0.000000
0.000082
0.000000
0.000000
0.000000
0.000012
0.000012
0.000000
0.000009
0.000012
0.000000
0.000082
0.000098
0.000000
0.000011
0.000000
0.000000
0.000266
0.000002
0.000000
0.000086
0.000006
0.000000
0.000000
0.000000
0.000000
0.000000
0.000000
0.000000
0.000000
0.000000
0.000000
0.000000
0.000000
0.000000
0.000000
0.000000
0.000000
0.000000
0.000000
0.000031
0.000000
0.000000
0.000000
0.000000
0.000050
0.000000
0.000000
0.000060
0.000012
0.000000
0.000122
0.000000
0.000067
0.000000
0.000003
0.000108
0.000019
0.000048
0.000007
0.000051
