0.007654
0.011615
0.010747
0.003235
0.011129
0.007744
0.001954
0.001985
0.002706
0.000830
0.002953
0.000724
0.000706
0.003313
0.000606
0.000067
0.000177
0.000049
0.465990
0.000382
0.029113
0.061351
0.038590
0.091272
0.043525
0.049448
0.059309
0.017259
0.010947
0.027032
0.002959
0.012196
0.003436
0.002280
0.012316
0.002698
0.000448
0.000682
0.000571
0.005391
0.000000
0.001420
0.000000
0.000000
0.000000
0.000465
0.000000
0.000176
0.000088
0.000000
0.000033
0.000000
0.000000
0.000000
0.000005
0.000000
0.000000
0.000000
0.000000
0.000097
0.000000
0.000000
0.000000
0.000000
0.000000
0.000000
0.000000
0.000000
0.000000
0.000000
0.000000
0.000000
0.000000
0.000000
0.000000
0.000000
0.000000
0.000000
0.000000
0.008749
0.001603
0.000000
0.000000
0.000000
0.000000
0.000462
0.000034
0.000000
0.000445
0.000003
0.000000
0.000000
0.000000
0.000000
0.000009
0.000000
0.000000
0.000044
0.000279
0.000000
0.000000
0.000000
0.000000
0.000000
0.000000
0.000000
0.000000
0.000000
0.000000
0.000000
0.000000
0.000000
0.000000
0.000000
0.000000
0.000000
0.000000
0.001577
0.001603
0.006390
0.000000
0.000000
0.000000
0.000062
0.000050
0.000548
0.000017
0.000116
0.000239
0.000000
0.000000
0.000000
0.000000
0.000000
0.000000
0.000000
0.000013
0.000142
0.000000
0.000000
0.000000
0.000000
0.000000
0.000000
0.000000
0.000000
0.000000
0.000000
0.000000
0.000000
0.000000
0.000000
0.000000
0.000000
0.000000
0.000000
0.000000
0.000000
0.000000
0.002005
0.000000
0.000836
0.000212
0.000000
0.000030
0.000000
0.000000
0.000000
0.000094
0.000000
0.000003
0.000003
0.000000
0.000000
0.000000
0.000000
0.000062
0.000000
0.000000
0.000000
0.000000
0.000000
0.000000
0.000000
0.000000
0.000000
0.000000
0.000000
0.000000
0.000000
0.000000
0.000000
0.000000
0.000000
0.000000
0.000000
0.000000
0.000000
0.000000
0.008322
0.001264
0.000000
0.000413
0.000118
0.000000
0.000000
0.000000
0.000000
0.000704
0.000026
0.000000
0.000020
0.000003
0.000000
0.000000
0.000133
0.000000
0.000000
0.000000
0.000000
0.000000
0.000000
0.000000
0.000000
0.000000
0.000000
0.000000
0.000000
0.000000
0.000000
0.000000
0.000000
0.000000
0.000000
0.000000
0.000000
0.000000
0.000741
0.001548
0.004521
0.000109
0.000076
0.000370
0.000000
0.000000
0.000000
0.000052
0.000060
0.000151
0.000000
0.000000
0.000000
0.000000
0.000005
0.000057
0.000000
0.000000
0.000000
0.000000
0.000000
0.000000
0.000000
0.000000
0.000000
0.000000
0.000000
0.000000
0.000000
0.000000
0.000000
0.000000
0.000000
0.000000
0.000293
0.000000
0.000086
0.000263
0.000000
0.000224
0.000837
0.000000
0.000215
0.000006
0.000000
0.000000
0.000005
0.000000
0.000003
0.000013
0.000000
0.000006
0.000000
0.000000
0.000011
0.000000
0.000000
0.000000
0.000000
0.000000
0.000000
0.000000
0.000000
0.000000
0.000000
0.000000
0.000000
0.000000
0.000000
0.000000
0.000000
0.000000
0.000000
0.000000
0.000317
0.000071
0.000000
0.000396
0.000095
0.000000
0.000606
0.000239
0.000000
0.000052
0.000000
0.000000
0.000075
0.000000
0.000000
0.000057
0.000000
0.000000
0.000000
0.000021
0.000000
0.000000
0.000000
0.000000
0.000000
0.000000
0.000000
0.000000
0.000000
0.000000
0.000000
0.000000
0.000000
0.000000
0.000000
0.000000
0.000000
0.000000
0.000112
0.000067
0.000511
0.000058
0.000139
0.000315
0.000158
0.000262
0.000873
0.000007
0.000000
0.000005
0.000006
0.000038
0.000082
0.000004
0.000022
0.000005
0.000000
0.000000
0.000028
0.000000
0.000000
0.000000
0.000000
0.000000
0.000000
0.000000
0.000000
0.000000
0.000000
0.000000
0.000000
0.000000
0.000000
0.000000
0.000000
0.000000
0.000000
0.000188
0.000000
0.000029
0.000000
0.000000
0.000000
0.000032
0.000000
0.000000
0.000298
0.000000
0.000042
0.000000
0.000000
0.000000
0.000024
0.000000
0.000000
0.000220
0.000000
0.000000
0.000000
0.000000
0.000000
0.000000
0.000000
0.000000
0.000000
0.000000
0.000000
0.000000
0.000000
0.000000
0.000000
0.000000
0.000000
0.000000
0.000000
0.000000
0.000000
0.000645
0.000266
0.000000
0.000000
0.000000
0.000000
0.000027
0.000012
0.000000
0.001107
0.000121
0.000000
0.000000
0.000000
0.000000
0.000016
0.000000
0.000703
0.000030
0.000017
0.000000
0.000000
0.000000
0.000000
0.000000
0.000000
0.000000
0.000000
0.000000
0.000000
0.000025
0.000000
0.000000
0.000000
0.000000
0.000000
0.000000
0.000000
0.000032
0.000013
0.000252
0.000000
0.000000
0.000000
0.000005
0.000000
0.000007
0.000081
0.000103
0.000122
0.000000
0.000000
0.000000
0.000000
0.000000
0.000000
0.000107
0.000000
0.000005
0.000000
0.000000
0.000000
0.000000
0.000000
0.000000
0.000000
0.000000
0.000000
0.000000
0.000000
0.000000
0.000000
0.000000
0.000000
0.000000
0.000000
0.000000
0.000000
0.000000
0.000000
0.000070
0.000000
0.000077
0.000027
0.000000
0.000000
0.000000
0.000000
0.000000
0.000264
0.000000
0.000090
0.000003
0.000000
0.000000
0.000165
0.000000
0.000007
0.000000
0.000000
0.000000
0.000000
0.000000
0.000000
0.000000
0.000000
0.000000
0.000000
0.000000
0.000000
0.000000
0.000006
0.000000
0.000000
0.000000
0.000000
0.000000
0.000000
0.000000
0.000000
0.000635
0.000119
0.000000
0.000059
0.000009
0.000000
0.000000
0.000000
0.000000
0.001274
0.000101
0.000000
0.000016
0.000023
0.000958
0.000026
0.000017
0.000000
0.000000
0.000000
0.000000
0.000000
0.000000
0.000000
0.000000
0.000000
0.000000
0.000000
0.000000
0.000000
0.000008
0.000004
0.000000
0.000000
0.000000
0.000000
0.000000
0.000000
0.000015
0.000008
0.000190
0.000000
0.000000
0.000052
0.000000
0.000000
0.000000
0.000033
0.000139
0.000079
0.000000
0.000000
0.000000
0.000089
0.000003
0.000000
0.000000
0.000000
0.000000
0.000000
0.000000
0.000000
0.000000
0.000000
0.000000
0.000000
0.000000
0.000000
0.000000
0.000000
0.000000
0.000000
0.000000
0.000000
0.000000
0.000000
0.000000
0.000000
0.000000
0.000000
0.000030
0.000000
0.000000
0.000010
0.000000
0.000000
0.000003
0.000000
0.000000
0.000009
0.000000
0.000003
0.000009
0.000004
0.000000
0.000000
0.000000
0.000000
0.000000
0.000000
0.000000
0.000000
0.000000
0.000000
0.000000
0.000000
0.000000
0.000000
0.000000
0.000000
0.000000
0.000000
0.000000
0.000000
0.000000
0.000006
0.000000
0.000000
0.000000
0.000000
0.000032
0.000002
0.000000
0.000033
0.000000
0.000000
0.000046
0.000000
0.000000
0.000026
0.000004
0.000029
0.000000
0.000000
0.000000
0.000000
0.000000
0.000000
0.000000
0.000000
0.000000
0.000000
0.000000
0.000000
0.000000
0.000000
0.000000
0.000000
0.000000
0.000000
0.000000
0.000000
0.000010
0.000000
0.000007
0.000000
0.000000
0.000000
0.000000
0.000000
0.000016
0.000007
0.000000
0.000000
0.000000
0.000000
0.000000
0.000000
0.000000
0.000003
0.000000
0.000006
0.000000
0.000000
0.000000
0.000000
0.000000
0.000000
0.000000
0.000000
0.000000
0.000000
0.000000
0.000000
0.000000
0.000000
0.000000
0.000000
0.000000
0.000000
0.000000
0.000000
0.000000
0.000000
0.000000
0.000000
0.000000
0.000000
0.000000
0.000000
0.000301
0.001043
0.000143
0.000220
0.000861
0.000063
0.000006
0.000012
0.000000
0.452545
0.000000
0.000022
0.000000
0.000000
0.000000
0.000000
0.000000
0.000000
0.000000
0.000000
0.000000
0.000897
0.002888
0.000547
0.000904
0.003458
0.000357
0.000054
0.000049
0.000033
0.000000
0.000035
0.000000
0.000000
0.000005
0.000000
0.000000
0.000005
0.000000
0.000007
0.000033
0.000004
0.000000
0.000069
0.000005
0.000000
0.000000
0.000000
0.000000
0.000091
0.000000
0.000000
0.000020
0.000020
0.000005
0.000004
0.000000
0.000000
0.000000
0.000000
0.000000
0.000034
0.000000
0.000000
0.000006
0.000000
0.000000
0.000013
0.000030
0.000060
0.000145
0.000130
0.000079
0.000094
0.000106
0.000026
0.000000
0.000015
0.000000
0.000004
0.000012
0.000000
0.000006
0.000000
0.000000
0.000000
0.000000
0.000021
0.000000
0.027516
0.000148
0.000051
0.000196
0.000113
0.000087
0.000179
0.000101
0.000003
0.000101
0.000006
0.000009
0.000000
0.000000
0.000013
0.000000
0.000000
0.000000
0.000000
0.000000
0.000000
0.000000
0.000000
0.000000
0.000000
0.000000
0.000000
0.000000
0.000000
0.000000
0.000000
0.000000
0.000000
0.000000
0.000000
0.000000
0.000000
0.000000
0.000000
0.000061
0.042381
0.000000
0.014367
0.000000
0.000000
0.000000
0.003111
0.000000
0.000947
0.000573
0.000000
0.000151
0.000000
0.000000
0.000000
0.000033
0.000000
0.000014
0.000000
0.000000
0.000000
0.000000
0.000000
0.000000
0.000000
0.000000
0.000000
0.000000
0.000000
0.000000
0.000000
0.000000
0.000000
0.000000
0.000000
0.000000
0.000000
0.000035
0.000099
0.000000
0.023079
0.009465
0.000000
0.000000
0.000000
0.000000
0.002082
0.000886
0.000000
0.002954
0.000074
0.000000
0.000000
0.000000
0.000000
0.000096
0.000000
0.000000
0.000000
0.000000
0.000000
0.000000
0.000000
0.000000
0.000000
0.000000
0.000000
0.000000
0.000000
0.000000
0.000000
0.000000
0.000000
0.000000
0.000000
0.000000
0.000007
0.000161
0.013679
0.012156
0.057817
0.000000
0.000000
0.000000
0.000812
0.000916
0.004137
0.000125
0.000917
0.000932
0.000000
0.000000
0.000000
0.000006
0.000009
0.000043
0.000000
0.000000
0.000000
0.000000
0.000000
0.000000
0.000000
0.000000
0.000000
0.000000
0.000000
0.000000
0.000000
0.000000
0.000000
0.000000
0.000000
0.000000
0.000000
0.000000
0.000060
0.000000
0.000000
0.000000
0.030968
0.000000
0.008254
0.003047
0.000000
0.001040
0.000000
0.000000
0.000000
0.000197
0.000000
0.000083
0.000015
0.000000
0.000000
0.000000
0.000000
0.000000
0.000000
0.000000
0.000000
0.000000
0.000000
0.000000
0.000000
0.000000
0.000000
0.000000
0.000000
0.000000
0.000000
0.000000
0.000000
0.000000
0.000010
0.000170
0.000000
0.000000
0.000000
0.000000
0.034642
0.009056
0.000000
0.001663
0.001649
0.000000
0.000000
0.000000
0.000000
0.002383
0.000016
0.000000
0.000005
0.000000
0.000000
0.000000
0.000000
0.000000
0.000000
0.000000
0.000000
0.000000
0.000000
0.000000
0.000000
0.000000
0.000000
0.000000
0.000000
0.000000
0.000000
0.000000
0.000000
0.000005
0.000085
0.000000
0.000000
0.000000
0.008689
0.007848
0.035687
0.000921
0.000656
0.004183
0.000000
0.000000
0.000000
0.000067
0.000574
0.000774
0.000009
0.000000
0.000012
0.000000
0.000000
0.000000
0.000000
0.000000
0.000000
0.000000
0.000000
0.000000
0.000000
0.000000
0.000000
0.000000
0.000000
0.000000
0.000000
0.000000
0.000000
0.000000
0.000000
0.000017
0.002938
0.000000
0.001709
0.002308
0.000000
0.000936
0.006889
0.000000
0.002252
0.000017
0.000000
0.000006
0.000074
0.000000
0.000031
0.000119
0.000000
0.000055
0.000000
0.000000
0.000000
0.000000
0.000000
0.000000
0.000000
0.000000
0.000000
0.000000
0.000000
0.000000
0.000000
0.000000
0.000000
0.000000
0.000000
0.000000
0.000000
0.000000
0.000030
0.000000
0.001482
0.000771
0.000000
0.002501
0.000505
0.000000
0.003650
0.001591
0.000000
0.000048
0.000008
0.000000
0.000196
0.000024
0.000000
0.000188
0.000000
0.000000
0.000000
0.000000
0.000000
0.000000
0.000000
0.000000
0.000000
0.000000
0.000000
0.000000
0.000000
0.000000
0.000000
0.000000
0.000000
0.000000
0.000000
0.000000
0.000000
0.000029
0.001594
0.000653
0.005343
0.000866
0.001116
0.002993
0.002284
0.001780
0.009879
0.000004
0.000049
0.000050
0.000006
0.000132
0.000147
0.000039
0.000053
0.000145
0.000000
0.000000
0.000000
0.000000
0.000000
0.000000
0.000000
0.000000
0.000000
0.000000
0.000000
0.000000
0.000000
0.000000
0.000000
0.000000
0.000000
0.000000
0.000939
0.000000
0.000000
0.000527
0.000000
0.000170
0.000000
0.000000
0.000000
0.000028
0.000000
0.000000
0.001050
0.000000
0.000207
0.000000
0.000000
0.000000
0.000040
0.000000
0.000009
0.000000
0.000000
0.000000
0.000000
0.000000
0.000000
0.000000
0.000000
0.000000
0.000007
0.000027
0.000000
0.000000
0.000000
0.000000
0.000000
0.000000
0.000000
0.004548
0.000004
0.000000
0.000000
0.001270
0.000672
0.000000
0.000000
0.000000
0.000000
0.000046
0.000011
0.000027
0.004668
0.000785
0.000000
0.000000
0.000000
0.000000
0.000113
0.000036
0.000000
0.000000
0.000000
0.000000
0.000000
0.000000
0.000000
0.000000
0.000000
0.000000
0.000000
0.000000
0.000000
0.000000
0.000000
0.000000
0.000000
0.000000
0.000395
0.000027
0.000019
0.000362
0.000044
0.001104
0.000000
0.000000
0.000000
0.000000
0.000000
0.000036
0.000170
0.000586
0.000692
0.000000
0.000000
0.000000
0.000000
0.000000
0.000012
0.000000
0.000000
0.000000
0.000000
0.000000
0.000000
0.000000
0.000000
0.000000
0.000000
0.000000
0.000000
0.000000
0.000000
0.000000
0.000000
0.000000
0.000000
0.000530
0.000000
0.000000
0.000000
0.000000
0.000000
0.000501
0.000000
0.000122
0.000098
0.000000
0.000017
0.000000
0.000000
0.000000
0.000843
0.000000
0.000118
0.000027
0.000000
0.000019
0.000000
0.000000
0.000000
0.000000
0.000000
0.000000
0.000000
0.000000
0.000000
0.000000
0.000000
0.000005
0.000033
0.000051
0.000005
0.000000
0.000000
0.000003
0.004032
0.000069
0.000049
0.000000
0.000000
0.000000
0.000000
0.001704
0.000752
0.000000
0.000082
0.000082
0.000000
0.000000
0.000000
0.000000
0.004601
0.000714
0.000000
0.000054
0.000076
0.000000
0.000000
0.000000
0.000000
0.000000
0.000000
0.000000
0.000000
0.000000
0.000000
0.000000
0.000000
0.000000
0.000000
0.000000
0.000000
0.000000
0.000000
0.000356
0.000006
0.000000
0.000000
0.000000
0.000000
0.000189
0.000048
0.000922
0.000010
0.000004
0.000040
0.000000
0.000000
0.000000
0.000124
0.000575
0.000391
0.000000
0.000000
0.000019
0.000000
0.000000
0.000000
0.000000
0.000000
0.000000
0.000000
0.000000
0.000000
0.000000
0.000000
0.000000
0.000000
0.000000
0.000000
0.000000
0.000000
0.000000
0.000067
0.000000
0.000000
0.000006
0.000000
0.000023
0.000023
0.000000
0.000000
0.000029
0.000000
0.000022
0.000095
0.000000
0.000000
0.000072
0.000000
0.000018
0.000088
0.000000
0.000007
0.000000
0.000000
0.000000
0.000000
0.000000
0.000000
0.000000
0.000000
0.000000
0.000000
0.000000
0.000000
0.000000
0.000000
0.000000
0.000000
0.000000
0.000000
0.000079
0.000000
0.000000
0.000000
0.000012
0.000012
0.000000
0.000009
0.000012
0.000000
0.000087
0.000097
0.000000
0.000011
0.000000
0.000000
0.000265
0.000002
0.000000
0.000085
0.000012
0.000000
0.000000
0.000000
0.000000
0.000000
0.000000
0.000000
0.000000
0.000000
0.000000
0.000000
0.000000
0.000000
0.000000
0.000000
0.000000
0.000000
0.000000
0.000031
0.000000
0.000000
0.000000
0.000000
0.000055
0.000000
0.000000
0.000060
0.000012
0.000000
0.000125
0.000000
0.000066
0.000000
0.000000
0.000127
0.000018
0.000019
0.000007
0.000051
