0.003897
0.006907
0.013597
0.001331
0.006388
0.009584
0.001772
0.002424
0.007794
0.001442
0.004584
0.002627
0.000921
0.005200
0.002134
0.000310
0.000860
0.001214
0.440564
0.001471
0.032635
0.029313
0.015067
0.108833
0.021762
0.025864
0.073634
0.017030
0.010570
0.073429
0.004796
0.018238
0.013557
0.003511
0.017847
0.010156
0.001424
0.002094
0.005216
0.002390
0.000000
0.000931
0.000000
0.000000
0.000000
0.000277
0.000000
0.000140
0.000018
0.000000
0.000012
0.000000
0.000000
0.000000
0.000000
0.000000
0.000000
0.000000
0.000000
0.000144
0.000000
0.000000
0.000000
0.000000
0.000000
0.000000
0.000000
0.000000
0.000000
0.000000
0.000000
0.000000
0.000000
0.000000
0.000000
0.000000
0.000000
0.000000
0.000000
0.004457
0.001274
0.000000
0.000000
0.000000
0.000000
0.000339
0.000123
0.000000
0.000418
0.000051
0.000000
0.000000
0.000000
0.000000
0.000019
0.000000
0.000000
0.000008
0.000219
0.000000
0.000000
0.000000
0.000000
0.000000
0.000000
0.000000
0.000000
0.000000
0.000000
0.000000
0.000000
0.000000
0.000000
0.000000
0.000000
0.000000
0.000000
0.000908
0.001229
0.008059
0.000000
0.000000
0.000000
0.000249
0.000183
0.001148
0.000134
0.000327
0.000667
0.000000
0.000000
0.000000
0.000006
0.000015
0.000081
0.000000
0.000168
0.000341
0.000000
0.000000
0.000000
0.000000
0.000000
0.000000
0.000000
0.000000
0.000000
0.000000
0.000000
0.000000
0.000000
0.000000
0.000000
0.000000
0.000000
0.000000
0.000000
0.000000
0.000000
0.000566
0.000000
0.000500
0.000140
0.000000
0.000030
0.000000
0.000000
0.000000
0.000058
0.000000
0.000009
0.000000
0.000000
0.000009
0.000000
0.000000
0.000025
0.000000
0.000000
0.000000
0.000000
0.000000
0.000000
0.000000
0.000000
0.000000
0.000000
0.000000
0.000000
0.000000
0.000000
0.000000
0.000000
0.000000
0.000000
0.000000
0.000000
0.000000
0.000000
0.003585
0.001035
0.000000
0.000336
0.000236
0.000000
0.000000
0.000000
0.000000
0.000742
0.000040
0.000000
0.000057
0.000000
0.000000
0.000009
0.000170
0.000000
0.000000
0.000000
0.000000
0.000000
0.000000
0.000000
0.000000
0.000000
0.000000
0.000000
0.000000
0.000000
0.000000
0.000000
0.000000
0.000000
0.000000
0.000000
0.000000
0.000000
0.000395
0.001249
0.005863
0.000028
0.000108
0.000808
0.000000
0.000000
0.000000
0.000088
0.000313
0.000369
0.000006
0.000000
0.000025
0.000000
0.000006
0.000218
0.000000
0.000000
0.000000
0.000000
0.000000
0.000000
0.000000
0.000000
0.000000
0.000000
0.000000
0.000000
0.000000
0.000000
0.000000
0.000000
0.000000
0.000000
0.000146
0.000000
0.000126
0.000186
0.000000
0.000100
0.000559
0.000000
0.000480
0.000010
0.000000
0.000000
0.000014
0.000000
0.000007
0.000048
0.000000
0.000040
0.000000
0.000000
0.000064
0.000000
0.000000
0.000000
0.000000
0.000000
0.000000
0.000000
0.000000
0.000000
0.000000
0.000000
0.000000
0.000000
0.000000
0.000000
0.000000
0.000000
0.000000
0.000000
0.000329
0.000067
0.000000
0.000348
0.000051
0.000000
0.000805
0.000378
0.000000
0.000012
0.000000
0.000000
0.000113
0.000007
0.000000
0.000164
0.000000
0.000000
0.000000
0.000087
0.000000
0.000000
0.000000
0.000000
0.000000
0.000000
0.000000
0.000000
0.000000
0.000000
0.000000
0.000000
0.000000
0.000000
0.000000
0.000000
0.000000
0.000000
0.000121
0.000111
0.001072
0.000083
0.000308
0.000876
0.000353
0.000416
0.003391
0.000011
0.000008
0.000033
0.000013
0.000117
0.000119
0.000005
0.000134
0.000430
0.000000
0.000008
0.000214
0.000000
0.000000
0.000000
0.000000
0.000000
0.000000
0.000000
0.000000
0.000000
0.000000
0.000000
0.000000
0.000000
0.000000
0.000000
0.000000
0.000000
0.000000
0.000066
0.000000
0.000258
0.000000
0.000000
0.000000
0.000009
0.000000
0.000008
0.000524
0.000000
0.000075
0.000000
0.000000
0.000000
0.000071
0.000000
0.000009
0.000363
0.000000
0.000000
0.000000
0.000000
0.000000
0.000000
0.000000
0.000000
0.000000
0.000000
0.000000
0.000000
0.000000
0.000000
0.000000
0.000000
0.000000
0.000000
0.000000
0.000000
0.000000
0.000492
0.000400
0.000000
0.000000
0.000000
0.000000
0.000062
0.000011
0.000000
0.001458
0.000657
0.000000
0.000000
0.000000
0.000000
0.000068
0.000116
0.001127
0.000015
0.000165
0.000000
0.000000
0.000000
0.000000
0.000000
0.000000
0.000000
0.000000
0.000000
0.000007
0.000043
0.000013
0.000000
0.000000
0.000000
0.000000
0.000000
0.000000
0.000175
0.000014
0.000946
0.000000
0.000000
0.000000
0.000000
0.000000
0.000054
0.000130
0.000178
0.000594
0.000000
0.000000
0.000000
0.000000
0.000000
0.000015
0.000420
0.000050
0.000014
0.000000
0.000000
0.000000
0.000000
0.000000
0.000000
0.000000
0.000000
0.000000
0.000000
0.000054
0.000000
0.000000
0.000000
0.000000
0.000000
0.000000
0.000000
0.000000
0.000000
0.000000
0.000055
0.000000
0.000023
0.000027
0.000000
0.000000
0.000000
0.000000
0.000000
0.000260
0.000000
0.000127
0.000017
0.000000
0.000071
0.000198
0.000013
0.000000
0.000000
0.000000
0.000000
0.000000
0.000000
0.000000
0.000000
0.000000
0.000000
0.000000
0.000000
0.000000
0.000025
0.000000
0.000010
0.000000
0.000000
0.000000
0.000000
0.000000
0.000000
0.000000
0.000711
0.000162
0.000000
0.000054
0.000165
0.000000
0.000000
0.000000
0.000000
0.001931
0.000229
0.000000
0.000082
0.000101
0.001523
0.000115
0.000046
0.000000
0.000000
0.000000
0.000000
0.000000
0.000000
0.000000
0.000000
0.000000
0.000000
0.000000
0.000000
0.000000
0.000050
0.000006
0.000000
0.000000
0.000000
0.000000
0.000000
0.000000
0.000005
0.000023
0.000644
0.000000
0.000005
0.000131
0.000000
0.000000
0.000000
0.000159
0.000122
0.000390
0.000000
0.000000
0.000142
0.000400
0.000054
0.000012
0.000000
0.000000
0.000000
0.000000
0.000000
0.000000
0.000000
0.000000
0.000000
0.000000
0.000000
0.000000
0.000000
0.000006
0.000000
0.000000
0.000000
0.000000
0.000000
0.000000
0.000017
0.000000
0.000000
0.000045
0.000075
0.000000
0.000037
0.000032
0.000000
0.000000
0.000015
0.000000
0.000000
0.000062
0.000000
0.000000
0.000018
0.000000
0.000012
0.000000
0.000000
0.000000
0.000000
0.000000
0.000000
0.000000
0.000000
0.000000
0.000000
0.000000
0.000000
0.000000
0.000000
0.000000
0.000000
0.000000
0.000000
0.000000
0.000005
0.000007
0.000000
0.000011
0.000000
0.000000
0.000078
0.000145
0.000000
0.000105
0.000000
0.000000
0.000193
0.000000
0.000000
0.000099
0.000052
0.000132
0.000000
0.000000
0.000000
0.000000
0.000000
0.000000
0.000000
0.000000
0.000000
0.000000
0.000000
0.000000
0.000000
0.000000
0.000000
0.000000
0.000041
0.000000
0.000000
0.000000
0.000019
0.000000
0.000012
0.000000
0.000000
0.000032
0.000017
0.000000
0.000481
0.000087
0.000046
0.000045
0.000000
0.000088
0.000143
0.000000
0.000083
0.000044
0.000031
0.000013
0.000019
0.000000
0.000000
0.000000
0.000000
0.000000
0.000000
0.000000
0.000000
0.000000
0.000000
0.000000
0.000000
0.000000
0.000000
0.000000
0.000000
0.000000
0.000000
0.000000
0.000000
0.000000
0.000000
0.000000
0.000000
0.000000
0.000000
0.000000
0.000393
0.001528
0.000374
0.000235
0.001438
0.000435
0.000098
0.000126
0.000028
0.415284
0.000000
0.000162
0.000000
0.000000
0.000000
0.000000
0.000000
0.000000
0.000000
0.000000
0.000000
0.001422
0.004534
0.002068
0.001524
0.005167
0.002011
0.000166
0.000187
0.000309
0.000014
0.000000
0.000087
0.000000
0.000073
0.000015
0.000000
0.000006
0.000000
0.000015
0.000124
0.000062
0.000000
0.000031
0.000201
0.000000
0.000010
0.000033
0.000000
0.000362
0.000000
0.000000
0.000000
0.000089
0.000009
0.000000
0.000075
0.000000
0.000000
0.000000
0.000000
0.000062
0.000038
0.000000
0.000100
0.000027
0.000000
0.000013
0.000045
0.000083
0.000153
0.000373
0.000022
0.000087
0.000296
0.000051
0.000045
0.000098
0.000000
0.000034
0.000025
0.000000
0.000058
0.000017
0.000000
0.000000
0.000014
0.000043
0.000000
0.029418
0.000222
0.000040
0.000483
0.000146
0.000096
0.000381
0.000144
0.000026
0.000418
0.000013
0.000017
0.000024
0.000000
0.000025
0.000007
0.000008
0.000000
0.000000
0.000000
0.000000
0.000000
0.000000
0.000000
0.000000
0.000000
0.000000
0.000000
0.000000
0.000000
0.000000
0.000000
0.000000
0.000000
0.000000
0.000000
0.000000
0.000000
0.000000
0.000083
0.015488
0.000000
0.009636
0.000000
0.000000
0.000000
0.002137
0.000000
0.001332
0.000418
0.000000
0.000368
0.000000
0.000000
0.000000
0.000061
0.000000
0.000036
0.000000
0.000000
0.000000
0.000000
0.000000
0.000000
0.000000
0.000000
0.000000
0.000000
0.000000
0.000000
0.000000
0.000000
0.000000
0.000000
0.000000
0.000000
0.000000
0.000019
0.000152
0.000000
0.006863
0.003475
0.000000
0.000000
0.000000
0.000000
0.001597
0.000620
0.000000
0.002247
0.000141
0.000000
0.000000
0.000000
0.000000
0.000088
0.000000
0.000000
0.000000
0.000000
0.000000
0.000000
0.000000
0.000000
0.000000
0.000000
0.000000
0.000000
0.000000
0.000000
0.000000
0.000000
0.000000
0.000000
0.000000
0.000000
0.000064
0.000288
0.009523
0.005925
0.073525
0.000000
0.000000
0.000000
0.001275
0.001114
0.010881
0.000318
0.002201
0.004088
0.000000
0.000000
0.000000
0.000019
0.000061
0.000617
0.000000
0.000000
0.000000
0.000000
0.000000
0.000000
0.000000
0.000000
0.000000
0.000000
0.000000
0.000000
0.000000
0.000000
0.000000
0.000000
0.000000
0.000000
0.000000
0.000000
0.000077
0.000000
0.000000
0.000000
0.012752
0.000000
0.005908
0.001515
0.000000
0.001163
0.000000
0.000000
0.000000
0.000191
0.000000
0.000174
0.000019
0.000000
0.000098
0.000000
0.000000
0.000000
0.000000
0.000000
0.000000
0.000000
0.000000
0.000000
0.000000
0.000000
0.000000
0.000000
0.000000
0.000000
0.000000
0.000000
0.000000
0.000000
0.000025
0.000178
0.000000
0.000000
0.000000
0.000000
0.013755
0.007121
0.000000
0.000877
0.002100
0.000000
0.000000
0.000000
0.000000
0.001933
0.000012
0.000000
0.000005
0.000000
0.000000
0.000000
0.000000
0.000000
0.000000
0.000000
0.000000
0.000000
0.000000
0.000000
0.000000
0.000000
0.000000
0.000000
0.000000
0.000000
0.000000
0.000000
0.000000
0.000000
0.000197
0.000000
0.000000
0.000000
0.006014
0.005928
0.045133
0.001529
0.000530
0.011319
0.000000
0.000000
0.000000
0.000033
0.001442
0.001854
0.000011
0.000000
0.000117
0.000000
0.000000
0.000000
0.000000
0.000000
0.000000
0.000000
0.000000
0.000000
0.000000
0.000000
0.000000
0.000000
0.000000
0.000000
0.000000
0.000000
0.000000
0.000000
0.000000
0.000050
0.001254
0.000000
0.001964
0.001020
0.000000
0.001085
0.006209
0.000000
0.004441
0.000192
0.000000
0.000086
0.000087
0.000000
0.000103
0.000367
0.000000
0.000339
0.000000
0.000000
0.000000
0.000000
0.000000
0.000000
0.000000
0.000000
0.000000
0.000000
0.000000
0.000000
0.000000
0.000000
0.000000
0.000000
0.000000
0.000000
0.000000
0.000005
0.000090
0.000000
0.000887
0.000525
0.000000
0.002181
0.000935
0.000000
0.003453
0.001816
0.000000
0.000115
0.000000
0.000000
0.000258
0.000007
0.000000
0.000382
0.000000
0.000000
0.000000
0.000000
0.000000
0.000000
0.000000
0.000000
0.000000
0.000000
0.000000
0.000000
0.000000
0.000000
0.000000
0.000000
0.000000
0.000000
0.000000
0.000000
0.000081
0.000198
0.001770
0.000987
0.014533
0.000865
0.001507
0.006923
0.003944
0.002816
0.036169
0.000086
0.000341
0.000550
0.000023
0.000360
0.001053
0.000064
0.000509
0.001384
0.000000
0.000000
0.000000
0.000000
0.000000
0.000000
0.000000
0.000000
0.000000
0.000012
0.000069
0.000000
0.000000
0.000000
0.000000
0.000000
0.000000
0.000000
0.001429
0.000000
0.000009
0.000526
0.000000
0.000338
0.000000
0.000000
0.000000
0.000077
0.000000
0.000016
0.001712
0.000061
0.000442
0.000000
0.000000
0.000015
0.000113
0.000000
0.000014
0.000000
0.000000
0.000000
0.000000
0.000000
0.000000
0.000000
0.000000
0.000000
0.000009
0.000112
0.000052
0.000000
0.000000
0.000000
0.000000
0.000000
0.000000
0.007549
0.000076
0.000017
0.000000
0.000462
0.001075
0.000000
0.000000
0.000000
0.000000
0.000007
0.000105
0.000014
0.005421
0.002743
0.000000
0.000071
0.000000
0.000000
0.000132
0.000407
0.000000
0.000000
0.000000
0.000000
0.000000
0.000000
0.000000
0.000000
0.000000
0.000000
0.000061
0.000000
0.000000
0.000039
0.000000
0.000000
0.000000
0.000007
0.001646
0.000054
0.000039
0.000621
0.000023
0.004000
0.000000
0.000000
0.000000
0.000046
0.000000
0.000529
0.000447
0.002939
0.002964
0.000000
0.000000
0.000000
0.000000
0.000000
0.000259
0.000000
0.000000
0.000000
0.000000
0.000000
0.000000
0.000000
0.000000
0.000000
0.000000
0.000000
0.000007
0.000000
0.000011
0.000000
0.000000
0.000000
0.000000
0.000817
0.000010
0.000010
0.000000
0.000000
0.000000
0.000614
0.000000
0.000240
0.000055
0.000000
0.000036
0.000000
0.000006
0.000000
0.001098
0.000000
0.000277
0.000244
0.000000
0.000110
0.000000
0.000000
0.000000
0.000000
0.000000
0.000000
0.000000
0.000000
0.000000
0.000074
0.000062
0.000000
0.000000
0.000025
0.000000
0.000000
0.000012
0.000007
0.006398
0.000104
0.000025
0.000000
0.000000
0.000000
0.000000
0.000976
0.001492
0.000000
0.000059
0.000274
0.000000
0.000000
0.000000
0.000011
0.005559
0.002100
0.000000
0.000157
0.000468
0.000000
0.000000
0.000000
0.000000
0.000000
0.000000
0.000000
0.000000
0.000000
0.000000
0.000000
0.000000
0.000086
0.000011
0.000013
0.000000
0.000000
0.000000
0.001522
0.000104
0.000006
0.000000
0.000000
0.000000
0.000416
0.000105
0.003329
0.000000
0.000000
0.000506
0.000000
0.000000
0.000000
0.000249
0.001562
0.002053
0.000000
0.000000
0.000172
0.000000
0.000000
0.000000
0.000000
0.000000
0.000000
0.000000
0.000000
0.000000
0.000000
0.000000
0.000000
0.000000
0.000000
0.000000
0.000000
0.000000
0.000000
0.000330
0.000000
0.000000
0.000077
0.000000
0.000013
0.000036
0.000000
0.000042
0.000150
0.000000
0.000114
0.000127
0.000000
0.000000
0.000256
0.000007
0.000000
0.000182
0.000000
0.000102
0.000000
0.000000
0.000000
0.000000
0.000000
0.000000
0.000000
0.000000
0.000000
0.000000
0.000072
0.000000
0.000000
0.000000
0.000000
0.000000
0.000000
0.000000
0.000486
0.000050
0.000000
0.000000
0.000014
0.000010
0.000000
0.000000
0.000005
0.000000
0.000081
0.000277
0.000000
0.000170
0.000000
0.000000
0.000616
0.000000
0.000000
0.000171
0.000159
0.000000
0.000000
0.000000
0.000000
0.000000
0.000000
0.000000
0.000000
0.000000
0.000000
0.000000
0.000000
0.000000
0.000000
0.000000
0.000000
0.000000
0.000000
0.000326
0.000077
0.000014
0.000068
0.000000
0.000273
0.000000
0.000000
0.000118
0.000100
0.000000
0.001436
0.000065
0.000211
0.000160
0.000013
0.000755
0.000458
0.000183
0.000394
0.000617
