0.007776
0.011661
0.010816
0.003209
0.011352
0.008044
0.001990
0.002142
0.002973
0.000853
0.002956
0.000720
0.000706
0.003392
0.000638
0.000095
0.000179
0.000055
0.466565
0.000378
0.028938
0.061184
0.038294
0.090355
0.043106
0.049617
0.059315
0.017151
0.010982
0.027130
0.002979
0.011939
0.003389
0.002311
0.012395
0.002668
0.000471
0.000677
0.000597
0.005471
0.000000
0.001431
0.000000
0.000000
0.000000
0.000467
0.000000
0.000206
0.000088
0.000000
0.000033
0.000000
0.000000
0.000000
0.000005
0.000000
0.000000
0.000000
0.000000
0.000099
0.000000
0.000000
0.000000
0.000000
0.000000
0.000000
0.000000
0.000000
0.000000
0.000000
0.000000
0.000000
0.000000
0.000000
0.000000
0.000000
0.000000
0.000000
0.000000
0.008738
0.001598
0.000000
0.000000
0.000000
0.000000
0.000521
0.000037
0.000000
0.000447
0.000003
0.000000
0.000000
0.000000
0.000000
0.000008
0.000000
0.000000
0.000044
0.000279
0.000000
0.000000
0.000000
0.000000
0.000000
0.000000
0.000000
0.000000
0.000000
0.000000
0.000000
0.000000
0.000000
0.000000
0.000000
0.000000
0.000000
0.000000
0.001579
0.001640
0.006414
0.000000
0.000000
0.000000
0.000062
0.000056
0.000549
0.000016
0.000119
0.000240
0.000000
0.000000
0.000000
0.000000
0.000000
0.000000
0.000000
0.000012
0.000140
0.000000
0.000000
0.000000
0.000000
0.000000
0.000000
0.000000
0.000000
0.000000
0.000000
0.000000
0.000000
0.000000
0.000000
0.000000
0.000000
0.000000
0.000000
0.000000
0.000000
0.000000
0.001988
0.000000
0.000827
0.000213
0.000000
0.000030
0.000000
0.000000
0.000000
0.000093
0.000000
0.000003
0.000003
0.000000
0.000000
0.000000
0.000000
0.000061
0.000000
0.000000
0.000000
0.000000
0.000000
0.000000
0.000000
0.000000
0.000000
0.000000
0.000000
0.000000
0.000000
0.000000
0.000000
0.000000
0.000000
0.000000
0.000000
0.000000
0.000000
0.000000
0.008490
0.001295
0.000000
0.000444
0.000117
0.000000
0.000000
0.000000
0.000000
0.000703
0.000026
0.000000
0.000020
0.000003
0.000000
0.000000
0.000131
0.000000
0.000000
0.000000
0.000000
0.000000
0.000000
0.000000
0.000000
0.000000
0.000000
0.000000
0.000000
0.000000
0.000000
0.000000
0.000000
0.000000
0.000000
0.000000
0.000000
0.000000
0.000733
0.001539
0.004716
0.000108
0.000076
0.000499
0.000000
0.000000
0.000000
0.000052
0.000060
0.000150
0.000000
0.000000
0.000000
0.000000
0.000005
0.000057
0.000000
0.000000
0.000000
0.000000
0.000000
0.000000
0.000000
0.000000
0.000000
0.000000
0.000000
0.000000
0.000000
0.000000
0.000000
0.000000
0.000000
0.000000
0.000300
0.000000
0.000088
0.000261
0.000000
0.000222
0.000839
0.000000
0.000245
0.000006
0.000000
0.000000
0.000005
0.000000
0.000003
0.000013
0.000000
0.000006
0.000000
0.000000
0.000011
0.000000
0.000000
0.000000
0.000000
0.000000
0.000000
0.000000
0.000000
0.000000
0.000000
0.000000
0.000000
0.000000
0.000000
0.000000
0.000000
0.000000
0.000000
0.000000
0.000345
0.000073
0.000000
0.000427
0.000094
0.000000
0.000667
0.000241
0.000000
0.000051
0.000000
0.000000
0.000084
0.000000
0.000000
0.000056
0.000000
0.000000
0.000000
0.000021
0.000000
0.000000
0.000000
0.000000
0.000000
0.000000
0.000000
0.000000
0.000000
0.000000
0.000000
0.000000
0.000000
0.000000
0.000000
0.000000
0.000000
0.000000
0.000146
0.000067
0.000552
0.000058
0.000144
0.000373
0.000190
0.000263
0.000944
0.000007
0.000000
0.000005
0.000006
0.000041
0.000081
0.000032
0.000022
0.000005
0.000000
0.000000
0.000028
0.000000
0.000000
0.000000
0.000000
0.000000
0.000000
0.000000
0.000000
0.000000
0.000000
0.000000
0.000000
0.000000
0.000000
0.000000
0.000000
0.000000
0.000000
0.000186
0.000000
0.000028
0.000000
0.000000
0.000000
0.000032
0.000000
0.000000
0.000295
0.000000
0.000042
0.000000
0.000000
0.000000
0.000024
0.000000
0.000004
0.000246
0.000000
0.000000
0.000000
0.000000
0.000000
0.000000
0.000000
0.000000
0.000000
0.000000
0.000000
0.000000
0.000000
0.000000
0.000000
0.000000
0.000000
0.000000
0.000000
0.000000
0.000000
0.000642
0.000266
0.000000
0.000000
0.000000
0.000000
0.000026
0.000012
0.000000
0.001109
0.000119
0.000000
0.000000
0.000000
0.000000
0.000016
0.000000
0.000709
0.000030
0.000017
0.000000
0.000000
0.000000
0.000000
0.000000
0.000000
0.000000
0.000000
0.000000
0.000000
0.000025
0.000000
0.000000
0.000000
0.000000
0.000000
0.000000
0.000000
0.000032
0.000012
0.000249
0.000000
0.000000
0.000000
0.000005
0.000000
0.000007
0.000080
0.000105
0.000120
0.000000
0.000000
0.000000
0.000000
0.000000
0.000000
0.000106
0.000000
0.000005
0.000000
0.000000
0.000000
0.000000
0.000000
0.000000
0.000000
0.000000
0.000000
0.000000
0.000000
0.000000
0.000000
0.000000
0.000000
0.000000
0.000000
0.000000
0.000000
0.000000
0.000000
0.000073
0.000000
0.000077
0.000026
0.000000
0.000000
0.000000
0.000000
0.000000
0.000264
0.000000
0.000089
0.000003
0.000000
0.000000
0.000163
0.000000
0.000007
0.000000
0.000000
0.000000
0.000000
0.000000
0.000000
0.000000
0.000000
0.000000
0.000000
0.000000
0.000000
0.000000
0.000006
0.000000
0.000000
0.000000
0.000000
0.000000
0.000000
0.000000
0.000000
0.000663
0.000125
0.000000
0.000058
0.000009
0.000000
0.000000
0.000000
0.000000
0.001313
0.000100
0.000000
0.000016
0.000023
0.000969
0.000026
0.000017
0.000000
0.000000
0.000000
0.000000
0.000000
0.000000
0.000000
0.000000
0.000000
0.000000
0.000000
0.000000
0.000000
0.000008
0.000004
0.000000
0.000000
0.000000
0.000000
0.000000
0.000000
0.000015
0.000007
0.000216
0.000000
0.000000
0.000055
0.000000
0.000000
0.000000
0.000033
0.000138
0.000082
0.000000
0.000000
0.000003
0.000088
0.000003
0.000000
0.000000
0.000000
0.000000
0.000000
0.000000
0.000000
0.000000
0.000000
0.000000
0.000000
0.000000
0.000000
0.000000
0.000000
0.000000
0.000000
0.000000
0.000000
0.000000
0.000000
0.000000
0.000000
0.000000
0.000000
0.000030
0.000000
0.000000
0.000039
0.000000
0.000000
0.000003
0.000000
0.000000
0.000009
0.000000
0.000003
0.000009
0.000004
0.000000
0.000000
0.000000
0.000000
0.000000
0.000000
0.000000
0.000000
0.000000
0.000000
0.000000
0.000000
0.000000
0.000000
0.000000
0.000000
0.000000
0.000000
0.000000
0.000000
0.000000
0.000006
0.000000
0.000000
0.000000
0.000000
0.000035
0.000002
0.000000
0.000032
0.000000
0.000000
0.000045
0.000000
0.000000
0.000026
0.000003
0.000028
0.000000
0.000000
0.000000
0.000000
0.000000
0.000000
0.000000
0.000000
0.000000
0.000000
0.000000
0.000000
0.000000
0.000000
0.000000
0.000000
0.000000
0.000000
0.000000
0.000000
0.000012
0.000000
0.000007
0.000000
0.000000
0.000000
0.000000
0.000000
0.000020
0.000007
0.000000
0.000000
0.000000
0.000000
0.000000
0.000000
0.000000
0.000003
0.000000
0.000006
0.000000
0.000000
0.000000
0.000000
0.000000
0.000000
0.000000
0.000000
0.000000
0.000000
0.000000
0.000000
0.000000
0.000000
0.000000
0.000000
0.000000
0.000000
0.000000
0.000000
0.000000
0.000000
0.000000
0.000000
0.000000
0.000000
0.000000
0.000000
0.000302
0.001039
0.000141
0.000221
0.000894
0.000098
0.000006
0.000015
0.000000
0.453126
0.000000
0.000022
0.000000
0.000000
0.000000
0.000000
0.000000
0.000000
0.000000
0.000000
0.000000
0.000888
0.002798
0.000542
0.000924
0.003496
0.000357
0.000053
0.000048
0.000033
0.000000
0.000034
0.000000
0.000000
0.000005
0.000000
0.000000
0.000005
0.000000
0.000007
0.000033
0.000004
0.000000
0.000068
0.000005
0.000000
0.000000
0.000000
0.000000
0.000090
0.000000
0.000000
0.000020
0.000020
0.000005
0.000004
0.000000
0.000000
0.000000
0.000000
0.000000
0.000033
0.000000
0.000000
0.000006
0.000000
0.000000
0.000012
0.000030
0.000059
0.000144
0.000128
0.000079
0.000093
0.000105
0.000025
0.000000
0.000015
0.000000
0.000004
0.000012
0.000000
0.000006
0.000000
0.000000
0.000000
0.000000
0.000021
0.000000
0.027347
0.000146
0.000051
0.000200
0.000112
0.000086
0.000177
0.000100
0.000003
0.000104
0.000006
0.000008
0.000000
0.000000
0.000013
0.000000
0.000000
0.000000
0.000000
0.000000
0.000000
0.000000
0.000000
0.000000
0.000000
0.000000
0.000000
0.000000
0.000000
0.000000
0.000000
0.000000
0.000000
0.000000
0.000000
0.000000
0.000000
0.000000
0.000000
0.000064
0.042360
0.000000
0.014217
0.000000
0.000000
0.000000
0.003082
0.000000
0.000960
0.000589
0.000000
0.000152
0.000000
0.000000
0.000000
0.000033
0.000000
0.000014
0.000000
0.000000
0.000000
0.000000
0.000000
0.000000
0.000000
0.000000
0.000000
0.000000
0.000000
0.000000
0.000000
0.000000
0.000000
0.000000
0.000000
0.000000
0.000000
0.000034
0.000098
0.000000
0.022901
0.009400
0.000000
0.000000
0.000000
0.000000
0.002092
0.000877
0.000000
0.002902
0.000073
0.000000
0.000000
0.000000
0.000000
0.000095
0.000000
0.000000
0.000000
0.000000
0.000000
0.000000
0.000000
0.000000
0.000000
0.000000
0.000000
0.000000
0.000000
0.000000
0.000000
0.000000
0.000000
0.000000
0.000000
0.000000
0.000007
0.000160
0.013492
0.012032
0.057229
0.000000
0.000000
0.000000
0.000804
0.000909
0.004140
0.000124
0.000911
0.000929
0.000000
0.000000
0.000000
0.000006
0.000009
0.000046
0.000000
0.000000
0.000000
0.000000
0.000000
0.000000
0.000000
0.000000
0.000000
0.000000
0.000000
0.000000
0.000000
0.000000
0.000000
0.000000
0.000000
0.000000
0.000000
0.000000
0.000060
0.000000
0.000000
0.000000
0.030679
0.000000
0.008169
0.003016
0.000000
0.001030
0.000000
0.000000
0.000000
0.000195
0.000000
0.000082
0.000015
0.000000
0.000000
0.000000
0.000000
0.000000
0.000000
0.000000
0.000000
0.000000
0.000000
0.000000
0.000000
0.000000
0.000000
0.000000
0.000000
0.000000
0.000000
0.000000
0.000000
0.000000
0.000010
0.000169
0.000000
0.000000
0.000000
0.000000
0.034700
0.009118
0.000000
0.001657
0.001689
0.000000
0.000000
0.000000
0.000000
0.002401
0.000016
0.000000
0.000005
0.000000
0.000000
0.000000
0.000000
0.000000
0.000000
0.000000
0.000000
0.000000
0.000000
0.000000
0.000000
0.000000
0.000000
0.000000
0.000000
0.000000
0.000000
0.000000
0.000000
0.000005
0.000084
0.000000
0.000000
0.000000
0.008621
0.007878
0.035666
0.000940
0.000672
0.004224
0.000000
0.000000
0.000000
0.000067
0.000572
0.000770
0.000009
0.000000
0.000012
0.000000
0.000000
0.000000
0.000000
0.000000
0.000000
0.000000
0.000000
0.000000
0.000000
0.000000
0.000000
0.000000
0.000000
0.000000
0.000000
0.000000
0.000000
0.000000
0.000000
0.000016
0.002966
0.000000
0.001692
0.002263
0.000000
0.000987
0.006828
0.000000
0.002213
0.000017
0.000000
0.000006
0.000074
0.000000
0.000010
0.000117
0.000000
0.000054
0.000000
0.000000
0.000000
0.000000
0.000000
0.000000
0.000000
0.000000
0.000000
0.000000
0.000000
0.000000
0.000000
0.000000
0.000000
0.000000
0.000000
0.000000
0.000000
0.000000
0.000030
0.000000
0.001478
0.000789
0.000000
0.002507
0.000500
0.000000
0.003658
0.001581
0.000000
0.000047
0.000008
0.000000
0.000194
0.000023
0.000000
0.000186
0.000029
0.000000
0.000000
0.000000
0.000000
0.000000
0.000000
0.000000
0.000000
0.000000
0.000000
0.000000
0.000000
0.000000
0.000000
0.000000
0.000000
0.000000
0.000000
0.000000
0.000000
0.000029
0.001618
0.000675
0.005304
0.000857
0.001161
0.003008
0.002267
0.001796
0.009922
0.000004
0.000049
0.000049
0.000006
0.000130
0.000145
0.000039
0.000055
0.000144
0.000000
0.000000
0.000000
0.000000
0.000000
0.000000
0.000000
0.000000
0.000000
0.000000
0.000000
0.000000
0.000000
0.000000
0.000000
0.000000
0.000000
0.000000
0.000958
0.000000
0.000000
0.000522
0.000000
0.000169
0.000000
0.000000
0.000000
0.000028
0.000000
0.000000
0.001062
0.000000
0.000205
0.000000
0.000000
0.000000
0.000040
0.000000
0.000009
0.000000
0.000000
0.000000
0.000000
0.000000
0.000000
0.000000
0.000000
0.000000
0.000007
0.000026
0.000000
0.000000
0.000000
0.000000
0.000000
0.000000
0.000000
0.004485
0.000004
0.000000
0.000000
0.001260
0.000623
0.000000
0.000000
0.000000
0.000000
0.000045
0.000011
0.000026
0.004562
0.000756
0.000000
0.000000
0.000000
0.000000
0.000112
0.000035
0.000000
0.000000
0.000000
0.000000
0.000000
0.000000
0.000000
0.000000
0.000000
0.000000
0.000000
0.000000
0.000000
0.000000
0.000000
0.000000
0.000000
0.000000
0.000391
0.000026
0.000019
0.000358
0.000044
0.001071
0.000000
0.000000
0.000000
0.000000
0.000000
0.000035
0.000175
0.000583
0.000685
0.000000
0.000000
0.000000
0.000000
0.000000
0.000011
0.000000
0.000000
0.000000
0.000000
0.000000
0.000000
0.000000
0.000000
0.000000
0.000000
0.000000
0.000000
0.000000
0.000000
0.000000
0.000000
0.000000
0.000000
0.000527
0.000000
0.000000
0.000000
0.000000
0.000000
0.000496
0.000000
0.000124
0.000120
0.000000
0.000017
0.000000
0.000000
0.000000
0.000857
0.000000
0.000121
0.000027
0.000000
0.000019
0.000000
0.000000
0.000000
0.000000
0.000000
0.000000
0.000000
0.000000
0.000000
0.000000
0.000000
0.000005
0.000032
0.000051
0.000005
0.000000
0.000000
0.000003
0.004019
0.000068
0.000048
0.000000
0.000000
0.000000
0.000000
0.001722
0.000744
0.000000
0.000081
0.000109
0.000000
0.000000
0.000000
0.000000
0.004658
0.000716
0.000000
0.000054
0.000075
0.000000
0.000000
0.000000
0.000000
0.000000
0.000000
0.000000
0.000000
0.000000
0.000000
0.000000
0.000000
0.000000
0.000000
0.000000
0.000000
0.000000
0.000000
0.000352
0.000006
0.000000
0.000000
0.000000
0.000000
0.000187
0.000051
0.000922
0.000010
0.000004
0.000042
0.000000
0.000000
0.000000
0.000123
0.000552
0.000387
0.000000
0.000000
0.000019
0.000000
0.000000
0.000000
0.000000
0.000000
0.000000
0.000000
0.000000
0.000000
0.000000
0.000000
0.000000
0.000000
0.000000
0.000000
0.000000
0.000000
0.000000
0.000095
0.000000
0.000000
0.000006
0.000000
0.000022
0.000023
0.000000
0.000000
0.000029
0.000000
0.000021
0.000094
0.000000
0.000000
0.000071
0.000000
0.000018
0.000087
0.000000
0.000006
0.000000
0.000000
0.000000
0.000000
0.000000
0.000000
0.000000
0.000000
0.000000
0.000000
0.000000
0.000000
0.000000
0.000000
0.000000
0.000000
0.000000
0.000000
0.000081
0.000000
0.000000
0.000000
0.000012
0.000012
0.000000
0.000009
0.000012
0.000000
0.000086
0.000096
0.000000
0.000011
0.000000
0.000000
0.000263
0.000002
0.000000
0.000084
0.000012
0.000000
0.000000
0.000000
0.000000
0.000000
0.000000
0.000000
0.000000
0.000000
0.000000
0.000000
0.000000
0.000000
0.000000
0.000000
0.000000
0.000000
0.000000
0.000031
0.000000
0.000000
0.000000
0.000000
0.000055
0.000000
0.000000
0.000060
0.000012
0.000000
0.000124
0.000000
0.000066
0.000000
0.000003
0.000126
0.000018
0.000048
0.000007
0.000050
