0.010404
0.015157
0.011345
0.005660
0.017036
0.008477
0.003012
0.003607
0.004174
0.001008
0.002707
0.000581
0.000435
0.003982
0.000658
0.000105
0.000216
0.000208
0.499617
0.000058
0.039551
0.041360
0.032115
0.067780
0.039475
0.048199
0.058209
0.017100
0.012423
0.024375
0.003041
0.009304
0.001651
0.002690
0.011101
0.002077
0.000123
0.000520
0.000457
0.006935
0.000000
0.002133
0.000000
0.000000
0.000000
0.000665
0.000000
0.000278
0.000292
0.000000
0.000068
0.000000
0.000000
0.000000
0.000039
0.000000
0.000000
0.000000
0.000000
0.000019
0.000000
0.000000
0.000000
0.000000
0.000000
0.000000
0.000000
0.000000
0.000000
0.000000
0.000000
0.000000
0.000000
0.000000
0.000000
0.000000
0.000000
0.000000
0.000000
0.011838
0.001852
0.000000
0.000000
0.000000
0.000000
0.000653
0.000136
0.000000
0.000687
0.000000
0.000000
0.000000
0.000000
0.000000
0.000028
0.000000
0.000000
0.000000
0.000000
0.000000
0.000000
0.000000
0.000000
0.000000
0.000000
0.000000
0.000000
0.000000
0.000000
0.000000
0.000000
0.000000
0.000000
0.000000
0.000000
0.000000
0.000000
0.002180
0.001948
0.005975
0.000000
0.000000
0.000000
0.000064
0.000144
0.000631
0.000029
0.000058
0.000204
0.000000
0.000000
0.000000
0.000000
0.000000
0.000000
0.000000
0.000000
0.000143
0.000000
0.000000
0.000000
0.000000
0.000000
0.000000
0.000000
0.000000
0.000000
0.000000
0.000000
0.000000
0.000000
0.000000
0.000000
0.000000
0.000000
0.000000
0.000000
0.000000
0.000000
0.003773
0.000000
0.001232
0.000416
0.000000
0.000065
0.000000
0.000000
0.000000
0.000116
0.000000
0.000000
0.000000
0.000000
0.000000
0.000000
0.000000
0.000036
0.000000
0.000000
0.000000
0.000000
0.000000
0.000000
0.000000
0.000000
0.000000
0.000000
0.000000
0.000000
0.000000
0.000000
0.000000
0.000000
0.000000
0.000000
0.000000
0.000000
0.000000
0.000000
0.013254
0.001324
0.000000
0.001055
0.000236
0.000000
0.000000
0.000000
0.000000
0.000777
0.000019
0.000000
0.000000
0.000000
0.000000
0.000015
0.000209
0.000000
0.000000
0.000000
0.000000
0.000000
0.000000
0.000000
0.000000
0.000000
0.000000
0.000000
0.000000
0.000000
0.000000
0.000000
0.000000
0.000000
0.000000
0.000000
0.000000
0.000000
0.001174
0.001703
0.004689
0.000148
0.000090
0.000465
0.000000
0.000000
0.000000
0.000000
0.000058
0.000046
0.000000
0.000000
0.000032
0.000000
0.000000
0.000091
0.000000
0.000000
0.000000
0.000000
0.000000
0.000000
0.000000
0.000000
0.000000
0.000000
0.000000
0.000000
0.000000
0.000000
0.000000
0.000000
0.000000
0.000000
0.000576
0.000000
0.000158
0.000483
0.000000
0.000142
0.001206
0.000000
0.000270
0.000000
0.000000
0.000000
0.000018
0.000000
0.000000
0.000000
0.000000
0.000123
0.000000
0.000000
0.000042
0.000000
0.000000
0.000000
0.000000
0.000000
0.000000
0.000000
0.000000
0.000000
0.000000
0.000000
0.000000
0.000000
0.000000
0.000000
0.000000
0.000000
0.000000
0.000000
0.000517
0.000140
0.000000
0.000857
0.000072
0.000000
0.001079
0.000819
0.000000
0.000024
0.000000
0.000000
0.000076
0.000000
0.000000
0.000035
0.000000
0.000000
0.000000
0.000000
0.000000
0.000000
0.000000
0.000000
0.000000
0.000000
0.000000
0.000000
0.000000
0.000000
0.000000
0.000000
0.000000
0.000000
0.000000
0.000000
0.000000
0.000000
0.000439
0.000137
0.000713
0.000120
0.000157
0.000608
0.000446
0.000294
0.001175
0.000000
0.000000
0.000000
0.000000
0.000014
0.000000
0.000000
0.000027
0.000053
0.000000
0.000000
0.000000
0.000000
0.000000
0.000000
0.000000
0.000000
0.000000
0.000000
0.000000
0.000000
0.000000
0.000000
0.000000
0.000000
0.000000
0.000000
0.000000
0.000000
0.000000
0.000115
0.000000
0.000030
0.000000
0.000000
0.000000
0.000000
0.000000
0.000000
0.000436
0.000000
0.000058
0.000000
0.000000
0.000000
0.000009
0.000000
0.000000
0.000361
0.000000
0.000000
0.000000
0.000000
0.000000
0.000000
0.000000
0.000000
0.000000
0.000000
0.000000
0.000000
0.000000
0.000000
0.000000
0.000000
0.000000
0.000000
0.000000
0.000000
0.000000
0.000408
0.000019
0.000000
0.000000
0.000000
0.000000
0.000042
0.000000
0.000000
0.001168
0.000111
0.000000
0.000000
0.000000
0.000000
0.000029
0.000000
0.000851
0.000000
0.000000
0.000000
0.000000
0.000000
0.000000
0.000000
0.000000
0.000000
0.000000
0.000000
0.000000
0.000068
0.000000
0.000000
0.000019
0.000000
0.000000
0.000000
0.000000
0.000000
0.000000
0.000190
0.000000
0.000000
0.000000
0.000000
0.000000
0.000037
0.000026
0.000134
0.000082
0.000000
0.000000
0.000000
0.000000
0.000000
0.000000
0.000112
0.000000
0.000000
0.000000
0.000000
0.000000
0.000000
0.000000
0.000000
0.000000
0.000000
0.000000
0.000000
0.000000
0.000000
0.000000
0.000000
0.000000
0.000000
0.000000
0.000000
0.000000
0.000000
0.000000
0.000026
0.000000
0.000019
0.000019
0.000000
0.000000
0.000000
0.000000
0.000000
0.000126
0.000000
0.000049
0.000017
0.000000
0.000000
0.000179
0.000000
0.000000
0.000000
0.000000
0.000000
0.000000
0.000000
0.000000
0.000000
0.000000
0.000000
0.000000
0.000000
0.000000
0.000000
0.000000
0.000000
0.000000
0.000000
0.000000
0.000000
0.000000
0.000000
0.000000
0.000783
0.000017
0.000000
0.000208
0.000000
0.000000
0.000000
0.000000
0.000000
0.001679
0.000265
0.000000
0.000000
0.000000
0.000997
0.000000
0.000042
0.000000
0.000000
0.000000
0.000000
0.000000
0.000000
0.000000
0.000000
0.000000
0.000000
0.000000
0.000000
0.000000
0.000000
0.000000
0.000000
0.000000
0.000000
0.000000
0.000000
0.000000
0.000060
0.000013
0.000322
0.000000
0.000000
0.000013
0.000000
0.000000
0.000000
0.000046
0.000019
0.000025
0.000000
0.000000
0.000000
0.000163
0.000000
0.000000
0.000000
0.000000
0.000000
0.000000
0.000000
0.000000
0.000000
0.000000
0.000000
0.000000
0.000000
0.000000
0.000000
0.000000
0.000000
0.000000
0.000000
0.000000
0.000000
0.000000
0.000000
0.000000
0.000000
0.000000
0.000026
0.000000
0.000000
0.000000
0.000000
0.000000
0.000000
0.000000
0.000000
0.000039
0.000000
0.000000
0.000039
0.000000
0.000000
0.000000
0.000000
0.000000
0.000000
0.000000
0.000000
0.000000
0.000000
0.000000
0.000000
0.000000
0.000000
0.000000
0.000000
0.000000
0.000000
0.000000
0.000000
0.000000
0.000018
0.000000
0.000000
0.000015
0.000000
0.000000
0.000013
0.000015
0.000000
0.000035
0.000000
0.000000
0.000000
0.000000
0.000000
0.000046
0.000000
0.000073
0.000000
0.000000
0.000000
0.000000
0.000000
0.000000
0.000000
0.000000
0.000000
0.000000
0.000000
0.000000
0.000000
0.000000
0.000000
0.000000
0.000000
0.000000
0.000000
0.000000
0.000000
0.000000
0.000000
0.000000
0.000000
0.000000
0.000000
0.000000
0.000000
0.000013
0.000000
0.000000
0.000000
0.000013
0.000163
0.000000
0.000019
0.000000
0.000000
0.000000
0.000000
0.000000
0.000000
0.000000
0.000000
0.000000
0.000000
0.000000
0.000000
0.000000
0.000000
0.000000
0.000000
0.000000
0.000000
0.000000
0.000000
0.000000
0.000000
0.000000
0.000000
0.000000
0.000000
0.000000
0.000000
0.000000
0.000000
0.000000
0.000213
0.000609
0.000057
0.000130
0.001183
0.000056
0.000000
0.000033
0.000000
0.488326
0.000000
0.000015
0.000000
0.000000
0.000000
0.000000
0.000000
0.000000
0.000000
0.000000
0.000000
0.000616
0.001668
0.000137
0.001147
0.003669
0.000353
0.000015
0.000106
0.000017
0.000000
0.000000
0.000000
0.000000
0.000000
0.000000
0.000000
0.000000
0.000000
0.000000
0.000000
0.000000
0.000000
0.000028
0.000000
0.000000
0.000000
0.000000
0.000000
0.000015
0.000000
0.000000
0.000000
0.000000
0.000000
0.000000
0.000015
0.000000
0.000000
0.000000
0.000000
0.000000
0.000000
0.000000
0.000000
0.000000
0.000000
0.000000
0.000000
0.000184
0.000351
0.000167
0.000037
0.000283
0.000072
0.000028
0.000040
0.000042
0.000000
0.000000
0.000000
0.000000
0.000041
0.000000
0.000000
0.000000
0.000000
0.000000
0.000000
0.037438
0.000026
0.000141
0.000300
0.000063
0.000141
0.000115
0.000000
0.000096
0.000036
0.000032
0.000000
0.000000
0.000000
0.000000
0.000000
0.000000
0.000000
0.000000
0.000000
0.000000
0.000000
0.000000
0.000000
0.000000
0.000000
0.000000
0.000000
0.000000
0.000000
0.000000
0.000000
0.000000
0.000000
0.000000
0.000000
0.000000
0.000000
0.000000
0.000122
0.027951
0.000000
0.009072
0.000000
0.000000
0.000000
0.002797
0.000000
0.000860
0.000647
0.000000
0.000086
0.000000
0.000000
0.000000
0.000000
0.000000
0.000000
0.000000
0.000000
0.000000
0.000000
0.000000
0.000000
0.000000
0.000000
0.000000
0.000000
0.000000
0.000000
0.000000
0.000000
0.000000
0.000000
0.000000
0.000000
0.000000
0.000000
0.000418
0.000000
0.019051
0.007296
0.000000
0.000000
0.000000
0.000000
0.002137
0.000174
0.000000
0.003072
0.000070
0.000000
0.000000
0.000000
0.000000
0.000000
0.000000
0.000000
0.000000
0.000000
0.000000
0.000000
0.000000
0.000000
0.000000
0.000000
0.000000
0.000000
0.000000
0.000000
0.000000
0.000000
0.000000
0.000000
0.000000
0.000000
0.000000
0.000176
0.008022
0.009974
0.043385
0.000000
0.000000
0.000000
0.000547
0.000622
0.004083
0.000302
0.000297
0.000573
0.000000
0.000000
0.000000
0.000000
0.000035
0.000000
0.000000
0.000000
0.000000
0.000000
0.000000
0.000000
0.000000
0.000000
0.000000
0.000000
0.000000
0.000000
0.000000
0.000000
0.000000
0.000000
0.000000
0.000000
0.000000
0.000000
0.000070
0.000000
0.000000
0.000000
0.027744
0.000000
0.007674
0.002880
0.000000
0.000999
0.000000
0.000000
0.000000
0.000191
0.000000
0.000070
0.000000
0.000000
0.000000
0.000000
0.000000
0.000000
0.000000
0.000000
0.000000
0.000000
0.000000
0.000000
0.000000
0.000000
0.000000
0.000000
0.000000
0.000000
0.000000
0.000000
0.000000
0.000000
0.000000
0.000337
0.000000
0.000000
0.000000
0.000000
0.033160
0.008622
0.000000
0.002557
0.001606
0.000000
0.000000
0.000000
0.000000
0.001980
0.000000
0.000000
0.000054
0.000000
0.000000
0.000000
0.000000
0.000000
0.000000
0.000000
0.000000
0.000000
0.000000
0.000000
0.000000
0.000000
0.000000
0.000000
0.000000
0.000000
0.000000
0.000000
0.000000
0.000000
0.000261
0.000000
0.000000
0.000000
0.008343
0.007502
0.035012
0.001372
0.000515
0.004379
0.000000
0.000000
0.000000
0.000036
0.000582
0.000357
0.000000
0.000000
0.000000
0.000000
0.000000
0.000000
0.000000
0.000000
0.000000
0.000000
0.000000
0.000000
0.000000
0.000000
0.000000
0.000000
0.000000
0.000000
0.000000
0.000000
0.000000
0.000000
0.000000
0.000155
0.003758
0.000000
0.001481
0.001851
0.000000
0.000732
0.006800
0.000000
0.002144
0.000040
0.000000
0.000028
0.000140
0.000000
0.000000
0.000027
0.000000
0.000028
0.000000
0.000000
0.000000
0.000000
0.000000
0.000000
0.000000
0.000000
0.000000
0.000000
0.000000
0.000000
0.000000
0.000000
0.000000
0.000000
0.000000
0.000000
0.000000
0.000000
0.000032
0.000000
0.001619
0.000732
0.000000
0.003022
0.000758
0.000000
0.004483
0.001709
0.000000
0.000009
0.000000
0.000000
0.000048
0.000009
0.000000
0.000013
0.000000
0.000000
0.000000
0.000000
0.000000
0.000000
0.000000
0.000000
0.000000
0.000000
0.000000
0.000000
0.000000
0.000000
0.000000
0.000000
0.000000
0.000000
0.000000
0.000000
0.000000
0.000037
0.001277
0.000705
0.004715
0.000815
0.001344
0.002714
0.002479
0.001931
0.007984
0.000028
0.000027
0.000073
0.000031
0.000035
0.000031
0.000017
0.000075
0.000158
0.000000
0.000000
0.000000
0.000000
0.000000
0.000000
0.000000
0.000000
0.000000
0.000000
0.000000
0.000000
0.000000
0.000000
0.000000
0.000000
0.000000
0.000000
0.001230
0.000000
0.000000
0.000465
0.000000
0.000051
0.000000
0.000000
0.000000
0.000024
0.000000
0.000000
0.001162
0.000000
0.000076
0.000000
0.000000
0.000000
0.000000
0.000000
0.000000
0.000000
0.000000
0.000000
0.000000
0.000000
0.000000
0.000000
0.000000
0.000000
0.000000
0.000000
0.000000
0.000000
0.000051
0.000000
0.000000
0.000000
0.000000
0.003580
0.000000
0.000000
0.000000
0.000692
0.000460
0.000000
0.000000
0.000000
0.000000
0.000070
0.000067
0.000000
0.003976
0.000363
0.000000
0.000000
0.000000
0.000000
0.000053
0.000032
0.000000
0.000000
0.000000
0.000000
0.000000
0.000000
0.000000
0.000000
0.000000
0.000000
0.000000
0.000000
0.000000
0.000000
0.000000
0.000000
0.000000
0.000000
0.000393
0.000000
0.000000
0.000036
0.000009
0.000531
0.000000
0.000000
0.000000
0.000000
0.000000
0.000000
0.000223
0.000215
0.000248
0.000000
0.000000
0.000000
0.000000
0.000000
0.000000
0.000000
0.000000
0.000000
0.000000
0.000000
0.000000
0.000000
0.000000
0.000000
0.000000
0.000000
0.000000
0.000000
0.000026
0.000000
0.000000
0.000000
0.000000
0.000430
0.000000
0.000015
0.000000
0.000000
0.000000
0.000750
0.000000
0.000103
0.000136
0.000000
0.000000
0.000000
0.000000
0.000000
0.001022
0.000000
0.000061
0.000064
0.000000
0.000091
0.000000
0.000000
0.000000
0.000000
0.000000
0.000000
0.000000
0.000000
0.000000
0.000000
0.000000
0.000000
0.000000
0.000028
0.000037
0.000000
0.000000
0.000000
0.003022
0.000028
0.000013
0.000000
0.000000
0.000000
0.000000
0.001736
0.000924
0.000000
0.000000
0.000040
0.000000
0.000000
0.000000
0.000000
0.004229
0.000952
0.000000
0.000053
0.000076
0.000000
0.000000
0.000000
0.000000
0.000000
0.000000
0.000000
0.000000
0.000000
0.000000
0.000000
0.000000
0.000000
0.000000
0.000000
0.000000
0.000000
0.000000
0.000198
0.000000
0.000000
0.000000
0.000000
0.000000
0.000063
0.000000
0.001110
0.000018
0.000000
0.000119
0.000000
0.000000
0.000000
0.000032
0.000265
0.000222
0.000000
0.000000
0.000056
0.000000
0.000000
0.000000
0.000000
0.000000
0.000000
0.000000
0.000000
0.000000
0.000000
0.000000
0.000000
0.000000
0.000000
0.000000
0.000000
0.000000
0.000000
0.000017
0.000000
0.000000
0.000000
0.000000
0.000000
0.000000
0.000000
0.000000
0.000041
0.000000
0.000039
0.000000
0.000000
0.000000
0.000027
0.000000
0.000000
0.000000
0.000000
0.000000
0.000000
0.000000
0.000000
0.000000
0.000000
0.000000
0.000000
0.000000
0.000000
0.000000
0.000000
0.000000
0.000000
0.000000
0.000000
0.000000
0.000000
0.000000
0.000117
0.000000
0.000000
0.000000
0.000028
0.000000
0.000000
0.000054
0.000000
0.000000
0.000058
0.000072
0.000000
0.000012
0.000000
0.000000
0.000048
0.000000
0.000000
0.000132
0.000000
0.000000
0.000000
0.000000
0.000000
0.000000
0.000000
0.000000
0.000000
0.000000
0.000000
0.000000
0.000000
0.000000
0.000000
0.000000
0.000000
0.000000
0.000000
0.000000
0.000000
0.000000
0.000000
0.000000
0.000019
0.000000
0.000000
0.000000
0.000090
0.000000
0.000164
0.000000
0.000000
0.000000
0.000000
0.000158
0.000028
0.000000
0.000000
0.000000
