0.003884
0.006615
0.013293
0.001326
0.006346
0.009558
0.001766
0.002390
0.007729
0.001437
0.004356
0.002624
0.000905
0.005180
0.002052
0.000309
0.000857
0.001142
0.441659
0.001398
0.031912
0.029442
0.015212
0.109816
0.021790
0.026321
0.073623
0.017008
0.010492
0.072631
0.004690
0.018441
0.013523
0.003429
0.018095
0.010008
0.001406
0.002078
0.005256
0.002382
0.000000
0.000928
0.000000
0.000000
0.000000
0.000276
0.000000
0.000140
0.000018
0.000000
0.000012
0.000000
0.000000
0.000000
0.000000
0.000000
0.000000
0.000000
0.000000
0.000143
0.000000
0.000000
0.000000
0.000000
0.000000
0.000000
0.000000
0.000000
0.000000
0.000000
0.000000
0.000000
0.000000
0.000000
0.000000
0.000000
0.000000
0.000000
0.000000
0.004265
0.001181
0.000000
0.000000
0.000000
0.000000
0.000325
0.000122
0.000000
0.000423
0.000051
0.000000
0.000000
0.000000
0.000000
0.000019
0.000000
0.000000
0.000008
0.000218
0.000000
0.000000
0.000000
0.000000
0.000000
0.000000
0.000000
0.000000
0.000000
0.000000
0.000000
0.000000
0.000000
0.000000
0.000000
0.000000
0.000000
0.000000
0.000905
0.001218
0.007853
0.000000
0.000000
0.000000
0.000248
0.000182
0.001131
0.000134
0.000326
0.000671
0.000000
0.000000
0.000000
0.000006
0.000015
0.000012
0.000000
0.000167
0.000340
0.000000
0.000000
0.000000
0.000000
0.000000
0.000000
0.000000
0.000000
0.000000
0.000000
0.000000
0.000000
0.000000
0.000000
0.000000
0.000000
0.000000
0.000000
0.000000
0.000000
0.000000
0.000564
0.000000
0.000499
0.000139
0.000000
0.000030
0.000000
0.000000
0.000000
0.000057
0.000000
0.000009
0.000000
0.000000
0.000009
0.000000
0.000000
0.000025
0.000000
0.000000
0.000000
0.000000
0.000000
0.000000
0.000000
0.000000
0.000000
0.000000
0.000000
0.000000
0.000000
0.000000
0.000000
0.000000
0.000000
0.000000
0.000000
0.000000
0.000000
0.000000
0.003560
0.001018
0.000000
0.000335
0.000235
0.000000
0.000000
0.000000
0.000000
0.000746
0.000040
0.000000
0.000057
0.000000
0.000000
0.000009
0.000169
0.000000
0.000000
0.000000
0.000000
0.000000
0.000000
0.000000
0.000000
0.000000
0.000000
0.000000
0.000000
0.000000
0.000000
0.000000
0.000000
0.000000
0.000000
0.000000
0.000000
0.000000
0.000393
0.001250
0.005871
0.000027
0.000108
0.000792
0.000000
0.000000
0.000000
0.000088
0.000318
0.000361
0.000006
0.000000
0.000025
0.000000
0.000006
0.000218
0.000000
0.000000
0.000000
0.000000
0.000000
0.000000
0.000000
0.000000
0.000000
0.000000
0.000000
0.000000
0.000000
0.000000
0.000000
0.000000
0.000000
0.000000
0.000145
0.000000
0.000125
0.000185
0.000000
0.000100
0.000557
0.000000
0.000479
0.000010
0.000000
0.000000
0.000014
0.000000
0.000007
0.000047
0.000000
0.000040
0.000000
0.000000
0.000064
0.000000
0.000000
0.000000
0.000000
0.000000
0.000000
0.000000
0.000000
0.000000
0.000000
0.000000
0.000000
0.000000
0.000000
0.000000
0.000000
0.000000
0.000000
0.000000
0.000327
0.000067
0.000000
0.000347
0.000038
0.000000
0.000802
0.000377
0.000000
0.000012
0.000000
0.000000
0.000100
0.000007
0.000000
0.000163
0.000000
0.000000
0.000000
0.000087
0.000000
0.000000
0.000000
0.000000
0.000000
0.000000
0.000000
0.000000
0.000000
0.000000
0.000000
0.000000
0.000000
0.000000
0.000000
0.000000
0.000000
0.000000
0.000121
0.000110
0.001068
0.000083
0.000294
0.000873
0.000351
0.000402
0.003367
0.000011
0.000008
0.000033
0.000013
0.000117
0.000119
0.000005
0.000134
0.000428
0.000000
0.000007
0.000214
0.000000
0.000000
0.000000
0.000000
0.000000
0.000000
0.000000
0.000000
0.000000
0.000000
0.000000
0.000000
0.000000
0.000000
0.000000
0.000000
0.000000
0.000000
0.000066
0.000000
0.000257
0.000000
0.000000
0.000000
0.000009
0.000000
0.000008
0.000522
0.000000
0.000075
0.000000
0.000000
0.000000
0.000071
0.000000
0.000009
0.000362
0.000000
0.000000
0.000000
0.000000
0.000000
0.000000
0.000000
0.000000
0.000000
0.000000
0.000000
0.000000
0.000000
0.000000
0.000000
0.000000
0.000000
0.000000
0.000000
0.000000
0.000000
0.000401
0.000404
0.000000
0.000000
0.000000
0.000000
0.000062
0.000011
0.000000
0.001376
0.000655
0.000000
0.000000
0.000000
0.000000
0.000067
0.000116
0.001135
0.000015
0.000095
0.000000
0.000000
0.000000
0.000000
0.000000
0.000000
0.000000
0.000000
0.000000
0.000007
0.000043
0.000013
0.000000
0.000000
0.000000
0.000000
0.000000
0.000000
0.000174
0.000014
0.000943
0.000000
0.000000
0.000000
0.000000
0.000000
0.000054
0.000130
0.000183
0.000592
0.000000
0.000000
0.000000
0.000000
0.000000
0.000015
0.000419
0.000050
0.000014
0.000000
0.000000
0.000000
0.000000
0.000000
0.000000
0.000000
0.000000
0.000000
0.000000
0.000054
0.000000
0.000000
0.000000
0.000000
0.000000
0.000000
0.000000
0.000000
0.000000
0.000000
0.000055
0.000000
0.000023
0.000027
0.000000
0.000000
0.000000
0.000000
0.000000
0.000259
0.000000
0.000127
0.000017
0.000000
0.000071
0.000184
0.000013
0.000000
0.000000
0.000000
0.000000
0.000000
0.000000
0.000000
0.000000
0.000000
0.000000
0.000000
0.000000
0.000000
0.000025
0.000000
0.000010
0.000000
0.000000
0.000000
0.000000
0.000000
0.000000
0.000000
0.000709
0.000161
0.000000
0.000054
0.000164
0.000000
0.000000
0.000000
0.000000
0.001923
0.000228
0.000000
0.000082
0.000101
0.001517
0.000114
0.000046
0.000000
0.000000
0.000000
0.000000
0.000000
0.000000
0.000000
0.000000
0.000000
0.000000
0.000000
0.000000
0.000000
0.000049
0.000006
0.000000
0.000000
0.000000
0.000000
0.000000
0.000000
0.000005
0.000022
0.000642
0.000000
0.000005
0.000130
0.000000
0.000000
0.000000
0.000146
0.000122
0.000388
0.000000
0.000000
0.000141
0.000336
0.000054
0.000012
0.000000
0.000000
0.000000
0.000000
0.000000
0.000000
0.000000
0.000000
0.000000
0.000000
0.000000
0.000000
0.000000
0.000006
0.000000
0.000000
0.000000
0.000000
0.000000
0.000000
0.000017
0.000000
0.000000
0.000045
0.000074
0.000000
0.000037
0.000032
0.000000
0.000000
0.000015
0.000000
0.000000
0.000062
0.000000
0.000000
0.000017
0.000000
0.000012
0.000000
0.000000
0.000000
0.000000
0.000000
0.000000
0.000000
0.000000
0.000000
0.000000
0.000000
0.000000
0.000000
0.000000
0.000000
0.000000
0.000000
0.000000
0.000000
0.000005
0.000007
0.000000
0.000011
0.000000
0.000000
0.000077
0.000144
0.000000
0.000105
0.000000
0.000000
0.000192
0.000000
0.000000
0.000098
0.000051
0.000132
0.000000
0.000000
0.000000
0.000000
0.000000
0.000000
0.000000
0.000000
0.000000
0.000000
0.000000
0.000000
0.000000
0.000000
0.000000
0.000000
0.000041
0.000000
0.000000
0.000000
0.000019
0.000000
0.000012
0.000000
0.000000
0.000032
0.000017
0.000000
0.000479
0.000087
0.000046
0.000045
0.000000
0.000088
0.000073
0.000000
0.000082
0.000044
0.000030
0.000013
0.000019
0.000000
0.000000
0.000000
0.000000
0.000000
0.000000
0.000000
0.000000
0.000000
0.000000
0.000000
0.000000
0.000000
0.000000
0.000000
0.000000
0.000000
0.000000
0.000000
0.000000
0.000000
0.000000
0.000000
0.000000
0.000000
0.000000
0.000000
0.000392
0.001503
0.000373
0.000234
0.001433
0.000434
0.000098
0.000126
0.000028
0.416415
0.000000
0.000162
0.000000
0.000000
0.000000
0.000000
0.000000
0.000000
0.000000
0.000000
0.000000
0.001417
0.004536
0.002061
0.001525
0.005223
0.002001
0.000165
0.000186
0.000308
0.000014
0.000000
0.000087
0.000000
0.000073
0.000015
0.000000
0.000006
0.000000
0.000014
0.000054
0.000062
0.000000
0.000031
0.000201
0.000000
0.000010
0.000033
0.000000
0.000361
0.000000
0.000000
0.000000
0.000089
0.000009
0.000000
0.000074
0.000000
0.000000
0.000000
0.000000
0.000062
0.000038
0.000000
0.000100
0.000027
0.000000
0.000013
0.000044
0.000082
0.000152
0.000372
0.000022
0.000087
0.000295
0.000051
0.000045
0.000098
0.000000
0.000034
0.000025
0.000000
0.000058
0.000016
0.000000
0.000000
0.000014
0.000043
0.000000
0.028762
0.000221
0.000040
0.000482
0.000145
0.000095
0.000379
0.000143
0.000026
0.000347
0.000013
0.000017
0.000024
0.000000
0.000025
0.000007
0.000008
0.000000
0.000000
0.000000
0.000000
0.000000
0.000000
0.000000
0.000000
0.000000
0.000000
0.000000
0.000000
0.000000
0.000000
0.000000
0.000000
0.000000
0.000000
0.000000
0.000000
0.000000
0.000000
0.000083
0.015505
0.000000
0.009739
0.000000
0.000000
0.000000
0.002123
0.000000
0.001337
0.000440
0.000000
0.000369
0.000000
0.000000
0.000000
0.000060
0.000000
0.000036
0.000000
0.000000
0.000000
0.000000
0.000000
0.000000
0.000000
0.000000
0.000000
0.000000
0.000000
0.000000
0.000000
0.000000
0.000000
0.000000
0.000000
0.000000
0.000000
0.000019
0.000151
0.000000
0.006965
0.003489
0.000000
0.000000
0.000000
0.000000
0.001615
0.000628
0.000000
0.002252
0.000141
0.000000
0.000000
0.000000
0.000000
0.000088
0.000000
0.000000
0.000000
0.000000
0.000000
0.000000
0.000000
0.000000
0.000000
0.000000
0.000000
0.000000
0.000000
0.000000
0.000000
0.000000
0.000000
0.000000
0.000000
0.000000
0.000064
0.000287
0.009609
0.005983
0.074355
0.000000
0.000000
0.000000
0.001292
0.001098
0.010860
0.000324
0.002236
0.004097
0.000000
0.000000
0.000000
0.000019
0.000061
0.000615
0.000000
0.000000
0.000000
0.000000
0.000000
0.000000
0.000000
0.000000
0.000000
0.000000
0.000000
0.000000
0.000000
0.000000
0.000000
0.000000
0.000000
0.000000
0.000000
0.000000
0.000076
0.000000
0.000000
0.000000
0.012736
0.000000
0.005947
0.001553
0.000000
0.001200
0.000000
0.000000
0.000000
0.000178
0.000000
0.000116
0.000019
0.000000
0.000098
0.000000
0.000000
0.000000
0.000000
0.000000
0.000000
0.000000
0.000000
0.000000
0.000000
0.000000
0.000000
0.000000
0.000000
0.000000
0.000000
0.000000
0.000000
0.000000
0.000025
0.000177
0.000000
0.000000
0.000000
0.000000
0.014167
0.007119
0.000000
0.000874
0.002093
0.000000
0.000000
0.000000
0.000000
0.001991
0.000012
0.000000
0.000005
0.000000
0.000000
0.000000
0.000000
0.000000
0.000000
0.000000
0.000000
0.000000
0.000000
0.000000
0.000000
0.000000
0.000000
0.000000
0.000000
0.000000
0.000000
0.000000
0.000000
0.000000
0.000196
0.000000
0.000000
0.000000
0.006084
0.005966
0.045069
0.001522
0.000528
0.011293
0.000000
0.000000
0.000000
0.000020
0.001459
0.001812
0.000011
0.000000
0.000116
0.000000
0.000000
0.000000
0.000000
0.000000
0.000000
0.000000
0.000000
0.000000
0.000000
0.000000
0.000000
0.000000
0.000000
0.000000
0.000000
0.000000
0.000000
0.000000
0.000000
0.000050
0.001297
0.000000
0.001983
0.000994
0.000000
0.001124
0.006192
0.000000
0.004458
0.000122
0.000000
0.000085
0.000073
0.000000
0.000102
0.000353
0.000000
0.000338
0.000000
0.000000
0.000000
0.000000
0.000000
0.000000
0.000000
0.000000
0.000000
0.000000
0.000000
0.000000
0.000000
0.000000
0.000000
0.000000
0.000000
0.000000
0.000000
0.000005
0.000089
0.000000
0.000884
0.000523
0.000000
0.002202
0.000919
0.000000
0.003436
0.001756
0.000000
0.000115
0.000000
0.000000
0.000257
0.000007
0.000000
0.000381
0.000000
0.000000
0.000000
0.000000
0.000000
0.000000
0.000000
0.000000
0.000000
0.000000
0.000000
0.000000
0.000000
0.000000
0.000000
0.000000
0.000000
0.000000
0.000000
0.000000
0.000081
0.000197
0.001764
0.000999
0.014539
0.000868
0.001534
0.006845
0.003905
0.002758
0.035460
0.000085
0.000350
0.000548
0.000022
0.000359
0.001070
0.000064
0.000508
0.001390
0.000000
0.000000
0.000000
0.000000
0.000000
0.000000
0.000000
0.000000
0.000000
0.000012
0.000000
0.000000
0.000000
0.000000
0.000000
0.000000
0.000000
0.000000
0.001441
0.000000
0.000009
0.000524
0.000000
0.000337
0.000000
0.000000
0.000000
0.000077
0.000000
0.000016
0.001667
0.000061
0.000441
0.000000
0.000000
0.000015
0.000112
0.000000
0.000014
0.000000
0.000000
0.000000
0.000000
0.000000
0.000000
0.000000
0.000000
0.000000
0.000008
0.000118
0.000052
0.000000
0.000000
0.000000
0.000000
0.000000
0.000000
0.007662
0.000076
0.000016
0.000000
0.000439
0.001097
0.000000
0.000000
0.000000
0.000000
0.000007
0.000105
0.000014
0.005510
0.002756
0.000000
0.000071
0.000000
0.000000
0.000123
0.000406
0.000000
0.000000
0.000000
0.000000
0.000000
0.000000
0.000000
0.000000
0.000000
0.000000
0.000061
0.000000
0.000000
0.000039
0.000000
0.000000
0.000000
0.000007
0.001597
0.000054
0.000039
0.000619
0.000023
0.004009
0.000000
0.000000
0.000000
0.000046
0.000000
0.000527
0.000445
0.002999
0.002919
0.000000
0.000000
0.000000
0.000000
0.000000
0.000258
0.000000
0.000000
0.000000
0.000000
0.000000
0.000000
0.000000
0.000000
0.000000
0.000000
0.000000
0.000007
0.000000
0.000011
0.000000
0.000000
0.000000
0.000000
0.000777
0.000010
0.000010
0.000000
0.000000
0.000000
0.000612
0.000000
0.000239
0.000055
0.000000
0.000036
0.000000
0.000006
0.000000
0.001056
0.000000
0.000276
0.000243
0.000000
0.000116
0.000000
0.000000
0.000000
0.000000
0.000000
0.000000
0.000000
0.000000
0.000000
0.000074
0.000062
0.000000
0.000000
0.000025
0.000000
0.000000
0.000012
0.000007
0.006515
0.000104
0.000025
0.000000
0.000000
0.000000
0.000000
0.001011
0.001469
0.000000
0.000059
0.000264
0.000000
0.000000
0.000000
0.000011
0.005637
0.002114
0.000000
0.000157
0.000509
0.000000
0.000000
0.000000
0.000000
0.000000
0.000000
0.000000
0.000000
0.000000
0.000000
0.000000
0.000000
0.000085
0.000011
0.000013
0.000000
0.000000
0.000000
0.001459
0.000034
0.000006
0.000000
0.000000
0.000000
0.000414
0.000105
0.003344
0.000000
0.000000
0.000495
0.000000
0.000000
0.000000
0.000250
0.001610
0.001986
0.000000
0.000000
0.000171
0.000000
0.000000
0.000000
0.000000
0.000000
0.000000
0.000000
0.000000
0.000000
0.000000
0.000000
0.000000
0.000000
0.000000
0.000000
0.000000
0.000000
0.000000
0.000329
0.000000
0.000000
0.000077
0.000000
0.000013
0.000036
0.000000
0.000042
0.000150
0.000000
0.000114
0.000114
0.000000
0.000000
0.000255
0.000007
0.000000
0.000181
0.000000
0.000102
0.000000
0.000000
0.000000
0.000000
0.000000
0.000000
0.000000
0.000000
0.000000
0.000000
0.000072
0.000000
0.000000
0.000000
0.000000
0.000000
0.000000
0.000000
0.000485
0.000050
0.000000
0.000000
0.000014
0.000010
0.000000
0.000000
0.000005
0.000000
0.000081
0.000267
0.000000
0.000170
0.000000
0.000000
0.000614
0.000000
0.000000
0.000170
0.000159
0.000000
0.000000
0.000000
0.000000
0.000000
0.000000
0.000000
0.000000
0.000000
0.000000
0.000000
0.000000
0.000000
0.000000
0.000000
0.000000
0.000000
0.000000
0.000325
0.000076
0.000014
0.000068
0.000000
0.000272
0.000000
0.000000
0.000117
0.000100
0.000000
0.001479
0.000065
0.000220
0.000159
0.000013
0.000752
0.000456
0.000183
0.000393
0.000615
