0.003871
0.006872
0.013529
0.001322
0.006350
0.009602
0.001760
0.002407
0.007740
0.001432
0.004595
0.002615
0.000915
0.005213
0.002125
0.000308
0.000854
0.001205
0.441991
0.001461
0.032205
0.029583
0.015186
0.109062
0.021776
0.026220
0.072863
0.016733
0.010478
0.072839
0.004906
0.018353
0.013489
0.003492
0.017959
0.009969
0.001414
0.002080
0.005227
0.002374
0.000000
0.000925
0.000000
0.000000
0.000000
0.000275
0.000000
0.000139
0.000018
0.000000
0.000012
0.000000
0.000000
0.000000
0.000000
0.000000
0.000000
0.000000
0.000000
0.000143
0.000000
0.000000
0.000000
0.000000
0.000000
0.000000
0.000000
0.000000
0.000000
0.000000
0.000000
0.000000
0.000000
0.000000
0.000000
0.000000
0.000000
0.000000
0.000000
0.004426
0.001272
0.000000
0.000000
0.000000
0.000000
0.000337
0.000122
0.000000
0.000421
0.000051
0.000000
0.000000
0.000000
0.000000
0.000019
0.000000
0.000000
0.000008
0.000217
0.000000
0.000000
0.000000
0.000000
0.000000
0.000000
0.000000
0.000000
0.000000
0.000000
0.000000
0.000000
0.000000
0.000000
0.000000
0.000000
0.000000
0.000000
0.000902
0.001226
0.008028
0.000000
0.000000
0.000000
0.000248
0.000182
0.001140
0.000133
0.000325
0.000669
0.000000
0.000000
0.000000
0.000005
0.000015
0.000081
0.000000
0.000167
0.000328
0.000000
0.000000
0.000000
0.000000
0.000000
0.000000
0.000000
0.000000
0.000000
0.000000
0.000000
0.000000
0.000000
0.000000
0.000000
0.000000
0.000000
0.000000
0.000000
0.000000
0.000000
0.000563
0.000000
0.000497
0.000139
0.000000
0.000030
0.000000
0.000000
0.000000
0.000057
0.000000
0.000009
0.000000
0.000000
0.000009
0.000000
0.000000
0.000025
0.000000
0.000000
0.000000
0.000000
0.000000
0.000000
0.000000
0.000000
0.000000
0.000000
0.000000
0.000000
0.000000
0.000000
0.000000
0.000000
0.000000
0.000000
0.000000
0.000000
0.000000
0.000000
0.003561
0.001027
0.000000
0.000334
0.000234
0.000000
0.000000
0.000000
0.000000
0.000743
0.000040
0.000000
0.000057
0.000000
0.000000
0.000009
0.000168
0.000000
0.000000
0.000000
0.000000
0.000000
0.000000
0.000000
0.000000
0.000000
0.000000
0.000000
0.000000
0.000000
0.000000
0.000000
0.000000
0.000000
0.000000
0.000000
0.000000
0.000000
0.000392
0.001246
0.005889
0.000027
0.000107
0.000802
0.000000
0.000000
0.000000
0.000087
0.000316
0.000373
0.000006
0.000000
0.000025
0.000000
0.000006
0.000217
0.000000
0.000000
0.000000
0.000000
0.000000
0.000000
0.000000
0.000000
0.000000
0.000000
0.000000
0.000000
0.000000
0.000000
0.000000
0.000000
0.000000
0.000000
0.000145
0.000000
0.000125
0.000185
0.000000
0.000099
0.000555
0.000000
0.000477
0.000010
0.000000
0.000000
0.000014
0.000000
0.000007
0.000047
0.000000
0.000040
0.000000
0.000000
0.000063
0.000000
0.000000
0.000000
0.000000
0.000000
0.000000
0.000000
0.000000
0.000000
0.000000
0.000000
0.000000
0.000000
0.000000
0.000000
0.000000
0.000000
0.000000
0.000000
0.000326
0.000067
0.000000
0.000346
0.000051
0.000000
0.000800
0.000375
0.000000
0.000012
0.000000
0.000000
0.000113
0.000007
0.000000
0.000163
0.000000
0.000000
0.000000
0.000086
0.000000
0.000000
0.000000
0.000000
0.000000
0.000000
0.000000
0.000000
0.000000
0.000000
0.000000
0.000000
0.000000
0.000000
0.000000
0.000000
0.000000
0.000000
0.000120
0.000110
0.001065
0.000082
0.000306
0.000870
0.000350
0.000413
0.003368
0.000011
0.000008
0.000033
0.000013
0.000116
0.000118
0.000005
0.000133
0.000427
0.000000
0.000007
0.000213
0.000000
0.000000
0.000000
0.000000
0.000000
0.000000
0.000000
0.000000
0.000000
0.000000
0.000000
0.000000
0.000000
0.000000
0.000000
0.000000
0.000000
0.000000
0.000066
0.000000
0.000256
0.000000
0.000000
0.000000
0.000009
0.000000
0.000008
0.000520
0.000000
0.000074
0.000000
0.000000
0.000000
0.000070
0.000000
0.000009
0.000360
0.000000
0.000000
0.000000
0.000000
0.000000
0.000000
0.000000
0.000000
0.000000
0.000000
0.000000
0.000000
0.000000
0.000000
0.000000
0.000000
0.000000
0.000000
0.000000
0.000000
0.000000
0.000494
0.000403
0.000000
0.000000
0.000000
0.000000
0.000061
0.000011
0.000000
0.001466
0.000652
0.000000
0.000000
0.000000
0.000000
0.000067
0.000116
0.001131
0.000015
0.000164
0.000000
0.000000
0.000000
0.000000
0.000000
0.000000
0.000000
0.000000
0.000000
0.000007
0.000043
0.000013
0.000000
0.000000
0.000000
0.000000
0.000000
0.000000
0.000174
0.000014
0.000939
0.000000
0.000000
0.000000
0.000000
0.000000
0.000054
0.000130
0.000183
0.000590
0.000000
0.000000
0.000000
0.000000
0.000000
0.000015
0.000417
0.000050
0.000013
0.000000
0.000000
0.000000
0.000000
0.000000
0.000000
0.000000
0.000000
0.000000
0.000000
0.000054
0.000000
0.000000
0.000000
0.000000
0.000000
0.000000
0.000000
0.000000
0.000000
0.000000
0.000054
0.000000
0.000023
0.000027
0.000000
0.000000
0.000000
0.000000
0.000000
0.000258
0.000000
0.000127
0.000017
0.000000
0.000070
0.000196
0.000013
0.000000
0.000000
0.000000
0.000000
0.000000
0.000000
0.000000
0.000000
0.000000
0.000000
0.000000
0.000000
0.000000
0.000025
0.000000
0.000010
0.000000
0.000000
0.000000
0.000000
0.000000
0.000000
0.000000
0.000707
0.000173
0.000000
0.000054
0.000163
0.000000
0.000000
0.000000
0.000000
0.001942
0.000227
0.000000
0.000081
0.000100
0.001524
0.000114
0.000046
0.000000
0.000000
0.000000
0.000000
0.000000
0.000000
0.000000
0.000000
0.000000
0.000000
0.000000
0.000000
0.000000
0.000049
0.000006
0.000000
0.000000
0.000000
0.000000
0.000000
0.000000
0.000005
0.000022
0.000639
0.000000
0.000005
0.000130
0.000000
0.000000
0.000000
0.000158
0.000122
0.000387
0.000000
0.000000
0.000141
0.000404
0.000054
0.000012
0.000000
0.000000
0.000000
0.000000
0.000000
0.000000
0.000000
0.000000
0.000000
0.000000
0.000000
0.000000
0.000000
0.000006
0.000000
0.000000
0.000000
0.000000
0.000000
0.000000
0.000017
0.000000
0.000000
0.000045
0.000074
0.000000
0.000037
0.000032
0.000000
0.000000
0.000015
0.000000
0.000000
0.000061
0.000000
0.000000
0.000017
0.000000
0.000012
0.000000
0.000000
0.000000
0.000000
0.000000
0.000000
0.000000
0.000000
0.000000
0.000000
0.000000
0.000000
0.000000
0.000000
0.000000
0.000000
0.000000
0.000000
0.000000
0.000005
0.000007
0.000000
0.000011
0.000000
0.000000
0.000077
0.000144
0.000000
0.000105
0.000000
0.000000
0.000192
0.000000
0.000000
0.000098
0.000051
0.000132
0.000000
0.000000
0.000000
0.000000
0.000000
0.000000
0.000000
0.000000
0.000000
0.000000
0.000000
0.000000
0.000000
0.000000
0.000000
0.000000
0.000041
0.000000
0.000000
0.000000
0.000019
0.000000
0.000012
0.000000
0.000000
0.000032
0.000017
0.000000
0.000478
0.000087
0.000046
0.000045
0.000000
0.000087
0.000142
0.000000
0.000082
0.000044
0.000030
0.000013
0.000019
0.000000
0.000000
0.000000
0.000000
0.000000
0.000000
0.000000
0.000000
0.000000
0.000000
0.000000
0.000000
0.000000
0.000000
0.000000
0.000000
0.000000
0.000000
0.000000
0.000000
0.000000
0.000000
0.000000
0.000000
0.000000
0.000000
0.000000
0.000390
0.001524
0.000371
0.000233
0.001441
0.000432
0.000097
0.000125
0.000028
0.416639
0.000000
0.000161
0.000000
0.000000
0.000000
0.000000
0.000000
0.000000
0.000000
0.000000
0.000000
0.001413
0.004617
0.002054
0.001520
0.005231
0.002004
0.000164
0.000186
0.000307
0.000013
0.000000
0.000086
0.000000
0.000073
0.000015
0.000000
0.000006
0.000000
0.000014
0.000123
0.000061
0.000000
0.000031
0.000200
0.000000
0.000010
0.000032
0.000000
0.000360
0.000000
0.000000
0.000000
0.000089
0.000009
0.000000
0.000074
0.000000
0.000000
0.000000
0.000000
0.000062
0.000037
0.000000
0.000099
0.000027
0.000000
0.000013
0.000044
0.000082
0.000152
0.000360
0.000022
0.000086
0.000294
0.000051
0.000045
0.000098
0.000000
0.000034
0.000025
0.000000
0.000058
0.000016
0.000000
0.000000
0.000014
0.000043
0.000000
0.029031
0.000221
0.000040
0.000480
0.000145
0.000095
0.000378
0.000132
0.000026
0.000415
0.000013
0.000017
0.000024
0.000000
0.000025
0.000007
0.000008
0.000000
0.000000
0.000000
0.000000
0.000000
0.000000
0.000000
0.000000
0.000000
0.000000
0.000000
0.000000
0.000000
0.000000
0.000000
0.000000
0.000000
0.000000
0.000000
0.000000
0.000000
0.000000
0.000083
0.015683
0.000000
0.009727
0.000000
0.000000
0.000000
0.002049
0.000000
0.001333
0.000482
0.000000
0.000381
0.000000
0.000000
0.000000
0.000060
0.000000
0.000036
0.000000
0.000000
0.000000
0.000000
0.000000
0.000000
0.000000
0.000000
0.000000
0.000000
0.000000
0.000000
0.000000
0.000000
0.000000
0.000000
0.000000
0.000000
0.000000
0.000019
0.000150
0.000000
0.006941
0.003490
0.000000
0.000000
0.000000
0.000000
0.001622
0.000626
0.000000
0.002244
0.000140
0.000000
0.000000
0.000000
0.000000
0.000088
0.000000
0.000000
0.000000
0.000000
0.000000
0.000000
0.000000
0.000000
0.000000
0.000000
0.000000
0.000000
0.000000
0.000000
0.000000
0.000000
0.000000
0.000000
0.000000
0.000000
0.000064
0.000286
0.009599
0.005941
0.073854
0.000000
0.000000
0.000000
0.001277
0.001096
0.010703
0.000321
0.002158
0.004143
0.000000
0.000000
0.000000
0.000019
0.000061
0.000613
0.000000
0.000000
0.000000
0.000000
0.000000
0.000000
0.000000
0.000000
0.000000
0.000000
0.000000
0.000000
0.000000
0.000000
0.000000
0.000000
0.000000
0.000000
0.000000
0.000000
0.000076
0.000000
0.000000
0.000000
0.012722
0.000000
0.005876
0.001561
0.000000
0.001196
0.000000
0.000000
0.000000
0.000190
0.000000
0.000172
0.000019
0.000000
0.000098
0.000000
0.000000
0.000000
0.000000
0.000000
0.000000
0.000000
0.000000
0.000000
0.000000
0.000000
0.000000
0.000000
0.000000
0.000000
0.000000
0.000000
0.000000
0.000000
0.000025
0.000177
0.000000
0.000000
0.000000
0.000000
0.014153
0.007071
0.000000
0.000860
0.002085
0.000000
0.000000
0.000000
0.000000
0.001974
0.000012
0.000000
0.000005
0.000000
0.000000
0.000000
0.000000
0.000000
0.000000
0.000000
0.000000
0.000000
0.000000
0.000000
0.000000
0.000000
0.000000
0.000000
0.000000
0.000000
0.000000
0.000000
0.000000
0.000000
0.000185
0.000000
0.000000
0.000000
0.006075
0.005917
0.044580
0.001378
0.000526
0.011187
0.000000
0.000000
0.000000
0.000032
0.001454
0.001851
0.000011
0.000000
0.000116
0.000000
0.000000
0.000000
0.000000
0.000000
0.000000
0.000000
0.000000
0.000000
0.000000
0.000000
0.000000
0.000000
0.000000
0.000000
0.000000
0.000000
0.000000
0.000000
0.000000
0.000050
0.001282
0.000000
0.001765
0.001013
0.000000
0.001120
0.006077
0.000000
0.004420
0.000190
0.000000
0.000085
0.000086
0.000000
0.000102
0.000364
0.000000
0.000337
0.000000
0.000000
0.000000
0.000000
0.000000
0.000000
0.000000
0.000000
0.000000
0.000000
0.000000
0.000000
0.000000
0.000000
0.000000
0.000000
0.000000
0.000000
0.000000
0.000005
0.000089
0.000000
0.000881
0.000511
0.000000
0.002164
0.000907
0.000000
0.003428
0.001819
0.000000
0.000114
0.000000
0.000000
0.000256
0.000007
0.000000
0.000379
0.000000
0.000000
0.000000
0.000000
0.000000
0.000000
0.000000
0.000000
0.000000
0.000000
0.000000
0.000000
0.000000
0.000000
0.000000
0.000000
0.000000
0.000000
0.000000
0.000000
0.000081
0.000196
0.001758
0.000996
0.014487
0.000863
0.001518
0.006808
0.003978
0.002763
0.035872
0.000085
0.000349
0.000476
0.000022
0.000358
0.000998
0.000064
0.000506
0.001385
0.000000
0.000000
0.000000
0.000000
0.000000
0.000000
0.000000
0.000000
0.000000
0.000012
0.000069
0.000000
0.000000
0.000000
0.000000
0.000000
0.000000
0.000000
0.001502
0.000000
0.000009
0.000522
0.000000
0.000336
0.000000
0.000000
0.000000
0.000077
0.000000
0.000015
0.001772
0.000050
0.000439
0.000000
0.000000
0.000015
0.000112
0.000000
0.000014
0.000000
0.000000
0.000000
0.000000
0.000000
0.000000
0.000000
0.000000
0.000000
0.000008
0.000117
0.000051
0.000000
0.000000
0.000000
0.000000
0.000000
0.000000
0.007594
0.000076
0.000016
0.000000
0.000485
0.001169
0.000000
0.000000
0.000000
0.000000
0.000007
0.000093
0.000014
0.005490
0.002721
0.000000
0.000000
0.000000
0.000000
0.000131
0.000394
0.000000
0.000000
0.000000
0.000000
0.000000
0.000000
0.000000
0.000000
0.000000
0.000000
0.000060
0.000000
0.000000
0.000039
0.000000
0.000000
0.000000
0.000007
0.001635
0.000054
0.000039
0.000616
0.000023
0.003970
0.000000
0.000000
0.000000
0.000046
0.000000
0.000525
0.000444
0.002947
0.002944
0.000000
0.000000
0.000000
0.000000
0.000000
0.000257
0.000000
0.000000
0.000000
0.000000
0.000000
0.000000
0.000000
0.000000
0.000000
0.000000
0.000000
0.000007
0.000000
0.000011
0.000000
0.000000
0.000000
0.000000
0.000811
0.000010
0.000010
0.000000
0.000000
0.000000
0.000610
0.000000
0.000239
0.000055
0.000000
0.000036
0.000000
0.000006
0.000000
0.001091
0.000000
0.000275
0.000242
0.000000
0.000115
0.000000
0.000000
0.000000
0.000000
0.000000
0.000000
0.000000
0.000000
0.000000
0.000073
0.000062
0.000000
0.000000
0.000025
0.000000
0.000000
0.000012
0.000007
0.006414
0.000103
0.000025
0.000000
0.000000
0.000000
0.000000
0.001033
0.001487
0.000000
0.000059
0.000272
0.000000
0.000000
0.000000
0.000011
0.005665
0.002004
0.000000
0.000156
0.000507
0.000000
0.000000
0.000000
0.000000
0.000000
0.000000
0.000000
0.000000
0.000000
0.000000
0.000000
0.000000
0.000085
0.000011
0.000013
0.000000
0.000000
0.000000
0.001500
0.000103
0.000006
0.000000
0.000000
0.000000
0.000413
0.000105
0.003230
0.000000
0.000000
0.000503
0.000000
0.000000
0.000000
0.000247
0.001536
0.002034
0.000000
0.000000
0.000170
0.000000
0.000000
0.000000
0.000000
0.000000
0.000000
0.000000
0.000000
0.000000
0.000000
0.000000
0.000000
0.000000
0.000000
0.000000
0.000000
0.000000
0.000000
0.000328
0.000000
0.000000
0.000076
0.000000
0.000013
0.000036
0.000000
0.000042
0.000149
0.000000
0.000113
0.000126
0.000000
0.000000
0.000254
0.000007
0.000000
0.000180
0.000000
0.000102
0.000000
0.000000
0.000000
0.000000
0.000000
0.000000
0.000000
0.000000
0.000000
0.000000
0.000072
0.000000
0.000000
0.000000
0.000000
0.000000
0.000000
0.000000
0.000483
0.000050
0.000000
0.000000
0.000014
0.000010
0.000000
0.000000
0.000005
0.000000
0.000081
0.000275
0.000000
0.000169
0.000000
0.000000
0.000612
0.000000
0.000000
0.000170
0.000158
0.000000
0.000000
0.000000
0.000000
0.000000
0.000000
0.000000
0.000000
0.000000
0.000000
0.000000
0.000000
0.000000
0.000000
0.000000
0.000000
0.000000
0.000000
0.000324
0.000076
0.000014
0.000067
0.000000
0.000271
0.000000
0.000000
0.000117
0.000100
0.000000
0.001463
0.000064
0.000220
0.000159
0.000013
0.000749
0.000455
0.000182
0.000391
0.000613
