0.003884
0.006896
0.013580
0.001326
0.006372
0.009586
0.001766
0.002415
0.007753
0.001437
0.004611
0.002624
0.000918
0.005217
0.002083
0.000295
0.000857
0.001209
0.440350
0.001466
0.032412
0.029400
0.014987
0.109851
0.021378
0.026330
0.073366
0.016948
0.010459
0.073144
0.004874
0.018612
0.013483
0.003435
0.017955
0.010055
0.001419
0.002075
0.005172
0.002382
0.000000
0.000928
0.000000
0.000000
0.000000
0.000276
0.000000
0.000140
0.000018
0.000000
0.000012
0.000000
0.000000
0.000000
0.000000
0.000000
0.000000
0.000000
0.000000
0.000143
0.000000
0.000000
0.000000
0.000000
0.000000
0.000000
0.000000
0.000000
0.000000
0.000000
0.000000
0.000000
0.000000
0.000000
0.000000
0.000000
0.000000
0.000000
0.000000
0.004442
0.001276
0.000000
0.000000
0.000000
0.000000
0.000338
0.000122
0.000000
0.000423
0.000051
0.000000
0.000000
0.000000
0.000000
0.000019
0.000000
0.000000
0.000008
0.000218
0.000000
0.000000
0.000000
0.000000
0.000000
0.000000
0.000000
0.000000
0.000000
0.000000
0.000000
0.000000
0.000000
0.000000
0.000000
0.000000
0.000000
0.000000
0.000905
0.001231
0.008055
0.000000
0.000000
0.000000
0.000248
0.000182
0.001137
0.000134
0.000326
0.000671
0.000000
0.000000
0.000000
0.000006
0.000015
0.000081
0.000000
0.000167
0.000340
0.000000
0.000000
0.000000
0.000000
0.000000
0.000000
0.000000
0.000000
0.000000
0.000000
0.000000
0.000000
0.000000
0.000000
0.000000
0.000000
0.000000
0.000000
0.000000
0.000000
0.000000
0.000564
0.000000
0.000499
0.000139
0.000000
0.000030
0.000000
0.000000
0.000000
0.000057
0.000000
0.000009
0.000000
0.000000
0.000009
0.000000
0.000000
0.000025
0.000000
0.000000
0.000000
0.000000
0.000000
0.000000
0.000000
0.000000
0.000000
0.000000
0.000000
0.000000
0.000000
0.000000
0.000000
0.000000
0.000000
0.000000
0.000000
0.000000
0.000000
0.000000
0.003573
0.001031
0.000000
0.000335
0.000235
0.000000
0.000000
0.000000
0.000000
0.000746
0.000040
0.000000
0.000057
0.000000
0.000000
0.000009
0.000169
0.000000
0.000000
0.000000
0.000000
0.000000
0.000000
0.000000
0.000000
0.000000
0.000000
0.000000
0.000000
0.000000
0.000000
0.000000
0.000000
0.000000
0.000000
0.000000
0.000000
0.000000
0.000393
0.001250
0.005872
0.000027
0.000108
0.000805
0.000000
0.000000
0.000000
0.000088
0.000318
0.000362
0.000006
0.000000
0.000025
0.000000
0.000006
0.000218
0.000000
0.000000
0.000000
0.000000
0.000000
0.000000
0.000000
0.000000
0.000000
0.000000
0.000000
0.000000
0.000000
0.000000
0.000000
0.000000
0.000000
0.000000
0.000145
0.000000
0.000125
0.000185
0.000000
0.000100
0.000557
0.000000
0.000479
0.000010
0.000000
0.000000
0.000014
0.000000
0.000007
0.000047
0.000000
0.000040
0.000000
0.000000
0.000064
0.000000
0.000000
0.000000
0.000000
0.000000
0.000000
0.000000
0.000000
0.000000
0.000000
0.000000
0.000000
0.000000
0.000000
0.000000
0.000000
0.000000
0.000000
0.000000
0.000327
0.000067
0.000000
0.000347
0.000051
0.000000
0.000802
0.000377
0.000000
0.000012
0.000000
0.000000
0.000113
0.000007
0.000000
0.000163
0.000000
0.000000
0.000000
0.000087
0.000000
0.000000
0.000000
0.000000
0.000000
0.000000
0.000000
0.000000
0.000000
0.000000
0.000000
0.000000
0.000000
0.000000
0.000000
0.000000
0.000000
0.000000
0.000121
0.000110
0.001068
0.000083
0.000307
0.000873
0.000351
0.000415
0.003372
0.000011
0.000008
0.000033
0.000013
0.000117
0.000119
0.000005
0.000134
0.000428
0.000000
0.000007
0.000207
0.000000
0.000000
0.000000
0.000000
0.000000
0.000000
0.000000
0.000000
0.000000
0.000000
0.000000
0.000000
0.000000
0.000000
0.000000
0.000000
0.000000
0.000000
0.000066
0.000000
0.000257
0.000000
0.000000
0.000000
0.000009
0.000000
0.000008
0.000522
0.000000
0.000075
0.000000
0.000000
0.000000
0.000071
0.000000
0.000009
0.000362
0.000000
0.000000
0.000000
0.000000
0.000000
0.000000
0.000000
0.000000
0.000000
0.000000
0.000000
0.000000
0.000000
0.000000
0.000000
0.000000
0.000000
0.000000
0.000000
0.000000
0.000000
0.000496
0.000404
0.000000
0.000000
0.000000
0.000000
0.000062
0.000011
0.000000
0.001471
0.000655
0.000000
0.000000
0.000000
0.000000
0.000067
0.000116
0.001135
0.000015
0.000165
0.000000
0.000000
0.000000
0.000000
0.000000
0.000000
0.000000
0.000000
0.000000
0.000007
0.000043
0.000013
0.000000
0.000000
0.000000
0.000000
0.000000
0.000000
0.000174
0.000014
0.000943
0.000000
0.000000
0.000000
0.000000
0.000000
0.000054
0.000130
0.000183
0.000592
0.000000
0.000000
0.000000
0.000000
0.000000
0.000015
0.000419
0.000050
0.000014
0.000000
0.000000
0.000000
0.000000
0.000000
0.000000
0.000000
0.000000
0.000000
0.000000
0.000054
0.000000
0.000000
0.000000
0.000000
0.000000
0.000000
0.000000
0.000000
0.000000
0.000000
0.000055
0.000000
0.000023
0.000027
0.000000
0.000000
0.000000
0.000000
0.000000
0.000259
0.000000
0.000127
0.000017
0.000000
0.000071
0.000197
0.000013
0.000000
0.000000
0.000000
0.000000
0.000000
0.000000
0.000000
0.000000
0.000000
0.000000
0.000000
0.000000
0.000000
0.000025
0.000000
0.000010
0.000000
0.000000
0.000000
0.000000
0.000000
0.000000
0.000000
0.000709
0.000174
0.000000
0.000054
0.000164
0.000000
0.000000
0.000000
0.000000
0.001942
0.000228
0.000000
0.000082
0.000101
0.001522
0.000114
0.000046
0.000000
0.000000
0.000000
0.000000
0.000000
0.000000
0.000000
0.000000
0.000000
0.000000
0.000000
0.000000
0.000000
0.000049
0.000006
0.000000
0.000000
0.000000
0.000000
0.000000
0.000000
0.000005
0.000022
0.000629
0.000000
0.000005
0.000130
0.000000
0.000000
0.000000
0.000159
0.000122
0.000364
0.000000
0.000000
0.000141
0.000393
0.000054
0.000012
0.000000
0.000000
0.000000
0.000000
0.000000
0.000000
0.000000
0.000000
0.000000
0.000000
0.000000
0.000000
0.000000
0.000006
0.000000
0.000000
0.000000
0.000000
0.000000
0.000000
0.000010
0.000000
0.000000
0.000045
0.000074
0.000000
0.000037
0.000032
0.000000
0.000000
0.000015
0.000000
0.000000
0.000055
0.000000
0.000000
0.000017
0.000000
0.000012
0.000000
0.000000
0.000000
0.000000
0.000000
0.000000
0.000000
0.000000
0.000000
0.000000
0.000000
0.000000
0.000000
0.000000
0.000000
0.000000
0.000000
0.000000
0.000000
0.000005
0.000007
0.000000
0.000011
0.000000
0.000000
0.000077
0.000144
0.000000
0.000105
0.000000
0.000000
0.000192
0.000000
0.000000
0.000098
0.000051
0.000132
0.000000
0.000000
0.000000
0.000000
0.000000
0.000000
0.000000
0.000000
0.000000
0.000000
0.000000
0.000000
0.000000
0.000000
0.000000
0.000000
0.000041
0.000000
0.000000
0.000000
0.000019
0.000000
0.000012
0.000000
0.000000
0.000032
0.000017
0.000000
0.000479
0.000087
0.000046
0.000045
0.000000
0.000088
0.000143
0.000000
0.000082
0.000044
0.000030
0.000013
0.000019
0.000000
0.000000
0.000000
0.000000
0.000000
0.000000
0.000000
0.000000
0.000000
0.000000
0.000000
0.000000
0.000000
0.000000
0.000000
0.000000
0.000000
0.000000
0.000000
0.000000
0.000000
0.000000
0.000000
0.000000
0.000000
0.000000
0.000000
0.000392
0.001529
0.000373
0.000234
0.001446
0.000421
0.000091
0.000126
0.000028
0.415037
0.000000
0.000162
0.000000
0.000000
0.000000
0.000000
0.000000
0.000000
0.000000
0.000000
0.000000
0.001382
0.004682
0.002001
0.001491
0.005242
0.001976
0.000165
0.000186
0.000283
0.000014
0.000000
0.000087
0.000000
0.000073
0.000015
0.000000
0.000006
0.000000
0.000014
0.000123
0.000062
0.000000
0.000031
0.000201
0.000000
0.000010
0.000033
0.000000
0.000361
0.000000
0.000000
0.000000
0.000089
0.000009
0.000000
0.000074
0.000000
0.000000
0.000000
0.000000
0.000062
0.000038
0.000000
0.000100
0.000027
0.000000
0.000013
0.000044
0.000082
0.000152
0.000372
0.000022
0.000087
0.000295
0.000051
0.000045
0.000098
0.000000
0.000034
0.000025
0.000000
0.000051
0.000016
0.000000
0.000000
0.000014
0.000043
0.000000
0.029212
0.000221
0.000040
0.000482
0.000145
0.000095
0.000379
0.000143
0.000026
0.000416
0.000013
0.000017
0.000024
0.000000
0.000025
0.000007
0.000008
0.000000
0.000000
0.000000
0.000000
0.000000
0.000000
0.000000
0.000000
0.000000
0.000000
0.000000
0.000000
0.000000
0.000000
0.000000
0.000000
0.000000
0.000000
0.000000
0.000000
0.000000
0.000000
0.000083
0.015431
0.000000
0.009785
0.000000
0.000000
0.000000
0.002065
0.000000
0.001326
0.000484
0.000000
0.000382
0.000000
0.000000
0.000000
0.000060
0.000000
0.000036
0.000000
0.000000
0.000000
0.000000
0.000000
0.000000
0.000000
0.000000
0.000000
0.000000
0.000000
0.000000
0.000000
0.000000
0.000000
0.000000
0.000000
0.000000
0.000000
0.000019
0.000151
0.000000
0.006787
0.003525
0.000000
0.000000
0.000000
0.000000
0.001598
0.000603
0.000000
0.002209
0.000141
0.000000
0.000000
0.000000
0.000000
0.000088
0.000000
0.000000
0.000000
0.000000
0.000000
0.000000
0.000000
0.000000
0.000000
0.000000
0.000000
0.000000
0.000000
0.000000
0.000000
0.000000
0.000000
0.000000
0.000000
0.000000
0.000064
0.000287
0.009749
0.005894
0.074339
0.000000
0.000000
0.000000
0.001281
0.001088
0.010863
0.000333
0.002211
0.004133
0.000000
0.000000
0.000000
0.000019
0.000061
0.000615
0.000000
0.000000
0.000000
0.000000
0.000000
0.000000
0.000000
0.000000
0.000000
0.000000
0.000000
0.000000
0.000000
0.000000
0.000000
0.000000
0.000000
0.000000
0.000000
0.000000
0.000076
0.000000
0.000000
0.000000
0.012452
0.000000
0.005838
0.001494
0.000000
0.001171
0.000000
0.000000
0.000000
0.000190
0.000000
0.000173
0.000019
0.000000
0.000098
0.000000
0.000000
0.000000
0.000000
0.000000
0.000000
0.000000
0.000000
0.000000
0.000000
0.000000
0.000000
0.000000
0.000000
0.000000
0.000000
0.000000
0.000000
0.000000
0.000025
0.000177
0.000000
0.000000
0.000000
0.000000
0.014145
0.007185
0.000000
0.000874
0.002093
0.000000
0.000000
0.000000
0.000000
0.001958
0.000012
0.000000
0.000005
0.000000
0.000000
0.000000
0.000000
0.000000
0.000000
0.000000
0.000000
0.000000
0.000000
0.000000
0.000000
0.000000
0.000000
0.000000
0.000000
0.000000
0.000000
0.000000
0.000000
0.000000
0.000196
0.000000
0.000000
0.000000
0.006067
0.005960
0.044822
0.001523
0.000517
0.011294
0.000000
0.000000
0.000000
0.000033
0.001439
0.001857
0.000011
0.000000
0.000116
0.000000
0.000000
0.000000
0.000000
0.000000
0.000000
0.000000
0.000000
0.000000
0.000000
0.000000
0.000000
0.000000
0.000000
0.000000
0.000000
0.000000
0.000000
0.000000
0.000000
0.000050
0.001285
0.000000
0.001923
0.000996
0.000000
0.001102
0.006132
0.000000
0.004456
0.000191
0.000000
0.000085
0.000086
0.000000
0.000102
0.000366
0.000000
0.000338
0.000000
0.000000
0.000000
0.000000
0.000000
0.000000
0.000000
0.000000
0.000000
0.000000
0.000000
0.000000
0.000000
0.000000
0.000000
0.000000
0.000000
0.000000
0.000000
0.000005
0.000089
0.000000
0.000884
0.000523
0.000000
0.002163
0.000920
0.000000
0.003396
0.001814
0.000000
0.000115
0.000000
0.000000
0.000257
0.000007
0.000000
0.000368
0.000000
0.000000
0.000000
0.000000
0.000000
0.000000
0.000000
0.000000
0.000000
0.000000
0.000000
0.000000
0.000000
0.000000
0.000000
0.000000
0.000000
0.000000
0.000000
0.000000
0.000081
0.000197
0.001731
0.000999
0.014514
0.000800
0.001534
0.006920
0.004032
0.002804
0.035943
0.000085
0.000350
0.000548
0.000022
0.000323
0.001034
0.000064
0.000508
0.001390
0.000000
0.000000
0.000000
0.000000
0.000000
0.000000
0.000000
0.000000
0.000000
0.000012
0.000069
0.000000
0.000000
0.000000
0.000000
0.000000
0.000000
0.000000
0.001507
0.000000
0.000009
0.000488
0.000000
0.000337
0.000000
0.000000
0.000000
0.000077
0.000000
0.000016
0.001754
0.000061
0.000441
0.000000
0.000000
0.000015
0.000112
0.000000
0.000014
0.000000
0.000000
0.000000
0.000000
0.000000
0.000000
0.000000
0.000000
0.000000
0.000008
0.000118
0.000052
0.000000
0.000000
0.000000
0.000000
0.000000
0.000000
0.007600
0.000076
0.000016
0.000000
0.000480
0.001207
0.000000
0.000000
0.000000
0.000000
0.000007
0.000105
0.000014
0.005598
0.002753
0.000000
0.000071
0.000000
0.000000
0.000132
0.000395
0.000000
0.000000
0.000000
0.000000
0.000000
0.000000
0.000000
0.000000
0.000000
0.000000
0.000061
0.000000
0.000000
0.000039
0.000000
0.000000
0.000000
0.000007
0.001641
0.000054
0.000039
0.000594
0.000023
0.003970
0.000000
0.000000
0.000000
0.000046
0.000000
0.000527
0.000445
0.003004
0.002894
0.000000
0.000000
0.000000
0.000000
0.000000
0.000258
0.000000
0.000000
0.000000
0.000000
0.000000
0.000000
0.000000
0.000000
0.000000
0.000000
0.000000
0.000007
0.000000
0.000011
0.000000
0.000000
0.000000
0.000000
0.000813
0.000010
0.000010
0.000000
0.000000
0.000000
0.000578
0.000000
0.000239
0.000055
0.000000
0.000036
0.000000
0.000006
0.000000
0.001060
0.000000
0.000276
0.000243
0.000000
0.000116
0.000000
0.000000
0.000000
0.000000
0.000000
0.000000
0.000000
0.000000
0.000000
0.000074
0.000062
0.000000
0.000000
0.000025
0.000000
0.000000
0.000012
0.000007
0.006379
0.000104
0.000025
0.000000
0.000000
0.000000
0.000000
0.001030
0.001491
0.000000
0.000059
0.000273
0.000000
0.000000
0.000000
0.000011
0.005613
0.002101
0.000000
0.000157
0.000490
0.000000
0.000000
0.000000
0.000000
0.000000
0.000000
0.000000
0.000000
0.000000
0.000000
0.000000
0.000000
0.000085
0.000011
0.000013
0.000000
0.000000
0.000000
0.001494
0.000103
0.000006
0.000000
0.000000
0.000000
0.000414
0.000094
0.003319
0.000000
0.000000
0.000504
0.000000
0.000000
0.000000
0.000247
0.001574
0.002006
0.000000
0.000000
0.000160
0.000000
0.000000
0.000000
0.000000
0.000000
0.000000
0.000000
0.000000
0.000000
0.000000
0.000000
0.000000
0.000000
0.000000
0.000000
0.000000
0.000000
0.000000
0.000329
0.000000
0.000000
0.000077
0.000000
0.000013
0.000036
0.000000
0.000042
0.000150
0.000000
0.000114
0.000127
0.000000
0.000000
0.000255
0.000007
0.000000
0.000181
0.000000
0.000102
0.000000
0.000000
0.000000
0.000000
0.000000
0.000000
0.000000
0.000000
0.000000
0.000000
0.000072
0.000000
0.000000
0.000000
0.000000
0.000000
0.000000
0.000000
0.000485
0.000050
0.000000
0.000000
0.000014
0.000010
0.000000
0.000000
0.000005
0.000000
0.000081
0.000276
0.000000
0.000170
0.000000
0.000000
0.000601
0.000000
0.000000
0.000170
0.000159
0.000000
0.000000
0.000000
0.000000
0.000000
0.000000
0.000000
0.000000
0.000000
0.000000
0.000000
0.000000
0.000000
0.000000
0.000000
0.000000
0.000000
0.000000
0.000325
0.000076
0.000014
0.000068
0.000000
0.000259
0.000000
0.000000
0.000106
0.000100
0.000000
0.001438
0.000065
0.000220
0.000159
0.000013
0.000752
0.000456
0.000183
0.000393
0.000597
