0.003940
0.007003
0.013613
0.001337
0.006478
0.009765
0.001792
0.002440
0.007833
0.001428
0.004595
0.002632
0.000903
0.005279
0.002120
0.000303
0.000866
0.001231
0.439357
0.001492
0.032989
0.029687
0.015044
0.108973
0.022138
0.026367
0.073517
0.017262
0.010101
0.072678
0.004763
0.018580
0.013279
0.003471
0.018146
0.010008
0.001378
0.002021
0.005194
0.002424
0.000000
0.000932
0.000000
0.000000
0.000000
0.000281
0.000000
0.000142
0.000019
0.000000
0.000012
0.000000
0.000000
0.000000
0.000000
0.000000
0.000000
0.000000
0.000000
0.000146
0.000000
0.000000
0.000000
0.000000
0.000000
0.000000
0.000000
0.000000
0.000000
0.000000
0.000000
0.000000
0.000000
0.000000
0.000000
0.000000
0.000000
0.000000
0.000000
0.004520
0.001285
0.000000
0.000000
0.000000
0.000000
0.000344
0.000125
0.000000
0.000430
0.000052
0.000000
0.000000
0.000000
0.000000
0.000019
0.000000
0.000000
0.000008
0.000222
0.000000
0.000000
0.000000
0.000000
0.000000
0.000000
0.000000
0.000000
0.000000
0.000000
0.000000
0.000000
0.000000
0.000000
0.000000
0.000000
0.000000
0.000000
0.000909
0.001252
0.008075
0.000000
0.000000
0.000000
0.000253
0.000179
0.001144
0.000136
0.000332
0.000664
0.000000
0.000000
0.000000
0.000006
0.000016
0.000083
0.000000
0.000170
0.000313
0.000000
0.000000
0.000000
0.000000
0.000000
0.000000
0.000000
0.000000
0.000000
0.000000
0.000000
0.000000
0.000000
0.000000
0.000000
0.000000
0.000000
0.000000
0.000000
0.000000
0.000000
0.000568
0.000000
0.000501
0.000142
0.000000
0.000031
0.000000
0.000000
0.000000
0.000058
0.000000
0.000010
0.000000
0.000000
0.000010
0.000000
0.000000
0.000025
0.000000
0.000000
0.000000
0.000000
0.000000
0.000000
0.000000
0.000000
0.000000
0.000000
0.000000
0.000000
0.000000
0.000000
0.000000
0.000000
0.000000
0.000000
0.000000
0.000000
0.000000
0.000000
0.003636
0.001049
0.000000
0.000335
0.000239
0.000000
0.000000
0.000000
0.000000
0.000759
0.000041
0.000000
0.000058
0.000000
0.000000
0.000010
0.000172
0.000000
0.000000
0.000000
0.000000
0.000000
0.000000
0.000000
0.000000
0.000000
0.000000
0.000000
0.000000
0.000000
0.000000
0.000000
0.000000
0.000000
0.000000
0.000000
0.000000
0.000000
0.000400
0.001273
0.006001
0.000028
0.000109
0.000819
0.000000
0.000000
0.000000
0.000079
0.000323
0.000370
0.000000
0.000000
0.000026
0.000000
0.000006
0.000221
0.000000
0.000000
0.000000
0.000000
0.000000
0.000000
0.000000
0.000000
0.000000
0.000000
0.000000
0.000000
0.000000
0.000000
0.000000
0.000000
0.000000
0.000000
0.000148
0.000000
0.000127
0.000188
0.000000
0.000101
0.000567
0.000000
0.000482
0.000010
0.000000
0.000000
0.000015
0.000000
0.000007
0.000048
0.000000
0.000041
0.000000
0.000000
0.000065
0.000000
0.000000
0.000000
0.000000
0.000000
0.000000
0.000000
0.000000
0.000000
0.000000
0.000000
0.000000
0.000000
0.000000
0.000000
0.000000
0.000000
0.000000
0.000000
0.000333
0.000068
0.000000
0.000353
0.000052
0.000000
0.000811
0.000377
0.000000
0.000007
0.000000
0.000000
0.000115
0.000007
0.000000
0.000166
0.000000
0.000000
0.000000
0.000088
0.000000
0.000000
0.000000
0.000000
0.000000
0.000000
0.000000
0.000000
0.000000
0.000000
0.000000
0.000000
0.000000
0.000000
0.000000
0.000000
0.000000
0.000000
0.000123
0.000112
0.001054
0.000084
0.000313
0.000888
0.000358
0.000422
0.003413
0.000011
0.000008
0.000033
0.000013
0.000113
0.000114
0.000005
0.000136
0.000436
0.000000
0.000008
0.000217
0.000000
0.000000
0.000000
0.000000
0.000000
0.000000
0.000000
0.000000
0.000000
0.000000
0.000000
0.000000
0.000000
0.000000
0.000000
0.000000
0.000000
0.000000
0.000067
0.000000
0.000261
0.000000
0.000000
0.000000
0.000009
0.000000
0.000008
0.000515
0.000000
0.000076
0.000000
0.000000
0.000000
0.000066
0.000000
0.000010
0.000356
0.000000
0.000000
0.000000
0.000000
0.000000
0.000000
0.000000
0.000000
0.000000
0.000000
0.000000
0.000000
0.000000
0.000000
0.000000
0.000000
0.000000
0.000000
0.000000
0.000000
0.000000
0.000491
0.000399
0.000000
0.000000
0.000000
0.000000
0.000063
0.000011
0.000000
0.001465
0.000652
0.000000
0.000000
0.000000
0.000000
0.000068
0.000118
0.001130
0.000015
0.000168
0.000000
0.000000
0.000000
0.000000
0.000000
0.000000
0.000000
0.000000
0.000000
0.000007
0.000043
0.000013
0.000000
0.000000
0.000000
0.000000
0.000000
0.000000
0.000177
0.000014
0.000940
0.000000
0.000000
0.000000
0.000000
0.000000
0.000055
0.000132
0.000167
0.000603
0.000000
0.000000
0.000000
0.000000
0.000000
0.000015
0.000426
0.000051
0.000014
0.000000
0.000000
0.000000
0.000000
0.000000
0.000000
0.000000
0.000000
0.000000
0.000000
0.000055
0.000000
0.000000
0.000000
0.000000
0.000000
0.000000
0.000000
0.000000
0.000000
0.000000
0.000056
0.000000
0.000023
0.000028
0.000000
0.000000
0.000000
0.000000
0.000000
0.000254
0.000000
0.000124
0.000017
0.000000
0.000072
0.000194
0.000013
0.000000
0.000000
0.000000
0.000000
0.000000
0.000000
0.000000
0.000000
0.000000
0.000000
0.000000
0.000000
0.000000
0.000025
0.000000
0.000000
0.000000
0.000000
0.000000
0.000000
0.000000
0.000000
0.000000
0.000716
0.000177
0.000000
0.000055
0.000167
0.000000
0.000000
0.000000
0.000000
0.001972
0.000222
0.000000
0.000076
0.000103
0.001545
0.000116
0.000047
0.000000
0.000000
0.000000
0.000000
0.000000
0.000000
0.000000
0.000000
0.000000
0.000000
0.000000
0.000000
0.000000
0.000050
0.000006
0.000000
0.000000
0.000000
0.000000
0.000000
0.000000
0.000005
0.000023
0.000632
0.000000
0.000005
0.000133
0.000000
0.000000
0.000000
0.000155
0.000119
0.000384
0.000000
0.000000
0.000144
0.000406
0.000055
0.000012
0.000000
0.000000
0.000000
0.000000
0.000000
0.000000
0.000000
0.000000
0.000000
0.000000
0.000000
0.000000
0.000000
0.000006
0.000000
0.000000
0.000000
0.000000
0.000000
0.000000
0.000017
0.000000
0.000000
0.000046
0.000070
0.000000
0.000037
0.000026
0.000000
0.000000
0.000015
0.000000
0.000000
0.000063
0.000000
0.000000
0.000018
0.000000
0.000012
0.000000
0.000000
0.000000
0.000000
0.000000
0.000000
0.000000
0.000000
0.000000
0.000000
0.000000
0.000000
0.000000
0.000000
0.000000
0.000000
0.000000
0.000000
0.000000
0.000005
0.000007
0.000000
0.000012
0.000000
0.000000
0.000079
0.000140
0.000000
0.000107
0.000000
0.000000
0.000196
0.000000
0.000000
0.000100
0.000052
0.000134
0.000000
0.000000
0.000000
0.000000
0.000000
0.000000
0.000000
0.000000
0.000000
0.000000
0.000000
0.000000
0.000000
0.000000
0.000000
0.000000
0.000042
0.000000
0.000000
0.000000
0.000020
0.000000
0.000013
0.000000
0.000000
0.000033
0.000017
0.000000
0.000488
0.000089
0.000047
0.000045
0.000000
0.000089
0.000145
0.000000
0.000084
0.000045
0.000031
0.000013
0.000019
0.000000
0.000000
0.000000
0.000000
0.000000
0.000000
0.000000
0.000000
0.000000
0.000000
0.000000
0.000000
0.000000
0.000000
0.000000
0.000000
0.000000
0.000000
0.000000
0.000000
0.000000
0.000000
0.000000
0.000000
0.000000
0.000000
0.000000
0.000387
0.001516
0.000373
0.000232
0.001449
0.000436
0.000099
0.000128
0.000028
0.414100
0.000000
0.000164
0.000000
0.000000
0.000000
0.000000
0.000000
0.000000
0.000000
0.000000
0.000000
0.001376
0.004522
0.002014
0.001506
0.005259
0.002022
0.000168
0.000174
0.000313
0.000014
0.000000
0.000088
0.000000
0.000074
0.000015
0.000000
0.000006
0.000000
0.000015
0.000125
0.000063
0.000000
0.000032
0.000204
0.000000
0.000010
0.000033
0.000000
0.000367
0.000000
0.000000
0.000000
0.000090
0.000010
0.000000
0.000076
0.000000
0.000000
0.000000
0.000000
0.000063
0.000038
0.000000
0.000102
0.000028
0.000000
0.000013
0.000045
0.000084
0.000155
0.000379
0.000023
0.000088
0.000301
0.000052
0.000046
0.000093
0.000000
0.000034
0.000025
0.000000
0.000059
0.000017
0.000000
0.000000
0.000014
0.000044
0.000000
0.029766
0.000225
0.000041
0.000490
0.000148
0.000097
0.000386
0.000146
0.000020
0.000397
0.000013
0.000017
0.000025
0.000000
0.000026
0.000007
0.000008
0.000000
0.000000
0.000000
0.000000
0.000000
0.000000
0.000000
0.000000
0.000000
0.000000
0.000000
0.000000
0.000000
0.000000
0.000000
0.000000
0.000000
0.000000
0.000000
0.000000
0.000000
0.000000
0.000084
0.015648
0.000000
0.009752
0.000000
0.000000
0.000000
0.002163
0.000000
0.001343
0.000480
0.000000
0.000373
0.000000
0.000000
0.000000
0.000061
0.000000
0.000036
0.000000
0.000000
0.000000
0.000000
0.000000
0.000000
0.000000
0.000000
0.000000
0.000000
0.000000
0.000000
0.000000
0.000000
0.000000
0.000000
0.000000
0.000000
0.000000
0.000019
0.000154
0.000000
0.006898
0.003414
0.000000
0.000000
0.000000
0.000000
0.001624
0.000611
0.000000
0.002285
0.000083
0.000000
0.000000
0.000000
0.000000
0.000089
0.000000
0.000000
0.000000
0.000000
0.000000
0.000000
0.000000
0.000000
0.000000
0.000000
0.000000
0.000000
0.000000
0.000000
0.000000
0.000000
0.000000
0.000000
0.000000
0.000000
0.000065
0.000292
0.009762
0.005902
0.073652
0.000000
0.000000
0.000000
0.001283
0.001078
0.010652
0.000298
0.002275
0.004097
0.000000
0.000000
0.000000
0.000019
0.000062
0.000616
0.000000
0.000000
0.000000
0.000000
0.000000
0.000000
0.000000
0.000000
0.000000
0.000000
0.000000
0.000000
0.000000
0.000000
0.000000
0.000000
0.000000
0.000000
0.000000
0.000000
0.000078
0.000000
0.000000
0.000000
0.012942
0.000000
0.006021
0.001559
0.000000
0.001199
0.000000
0.000000
0.000000
0.000180
0.000000
0.000176
0.000020
0.000000
0.000100
0.000000
0.000000
0.000000
0.000000
0.000000
0.000000
0.000000
0.000000
0.000000
0.000000
0.000000
0.000000
0.000000
0.000000
0.000000
0.000000
0.000000
0.000000
0.000000
0.000025
0.000181
0.000000
0.000000
0.000000
0.000000
0.014181
0.007166
0.000000
0.000850
0.002098
0.000000
0.000000
0.000000
0.000000
0.002006
0.000013
0.000000
0.000006
0.000000
0.000000
0.000000
0.000000
0.000000
0.000000
0.000000
0.000000
0.000000
0.000000
0.000000
0.000000
0.000000
0.000000
0.000000
0.000000
0.000000
0.000000
0.000000
0.000000
0.000000
0.000193
0.000000
0.000000
0.000000
0.006149
0.005927
0.044868
0.001506
0.000511
0.011323
0.000000
0.000000
0.000000
0.000033
0.001484
0.001851
0.000011
0.000000
0.000118
0.000000
0.000000
0.000000
0.000000
0.000000
0.000000
0.000000
0.000000
0.000000
0.000000
0.000000
0.000000
0.000000
0.000000
0.000000
0.000000
0.000000
0.000000
0.000000
0.000000
0.000051
0.001293
0.000000
0.001909
0.001027
0.000000
0.001144
0.006317
0.000000
0.004575
0.000194
0.000000
0.000087
0.000088
0.000000
0.000104
0.000306
0.000000
0.000334
0.000000
0.000000
0.000000
0.000000
0.000000
0.000000
0.000000
0.000000
0.000000
0.000000
0.000000
0.000000
0.000000
0.000000
0.000000
0.000000
0.000000
0.000000
0.000000
0.000005
0.000091
0.000000
0.000863
0.000404
0.000000
0.002169
0.000894
0.000000
0.003339
0.001714
0.000000
0.000117
0.000000
0.000000
0.000248
0.000007
0.000000
0.000332
0.000000
0.000000
0.000000
0.000000
0.000000
0.000000
0.000000
0.000000
0.000000
0.000000
0.000000
0.000000
0.000000
0.000000
0.000000
0.000000
0.000000
0.000000
0.000000
0.000000
0.000082
0.000201
0.001716
0.000998
0.014660
0.000893
0.001521
0.006882
0.004006
0.002515
0.035653
0.000087
0.000357
0.000540
0.000023
0.000352
0.001014
0.000065
0.000493
0.001356
0.000000
0.000000
0.000000
0.000000
0.000000
0.000000
0.000000
0.000000
0.000000
0.000012
0.000070
0.000000
0.000000
0.000000
0.000000
0.000000
0.000000
0.000000
0.001397
0.000000
0.000010
0.000533
0.000000
0.000337
0.000000
0.000000
0.000000
0.000079
0.000000
0.000016
0.001768
0.000048
0.000387
0.000000
0.000000
0.000016
0.000114
0.000000
0.000014
0.000000
0.000000
0.000000
0.000000
0.000000
0.000000
0.000000
0.000000
0.000000
0.000009
0.000120
0.000052
0.000000
0.000000
0.000000
0.000000
0.000000
0.000000
0.007673
0.000077
0.000017
0.000000
0.000439
0.001176
0.000000
0.000000
0.000000
0.000000
0.000007
0.000093
0.000014
0.005651
0.002718
0.000000
0.000072
0.000000
0.000000
0.000134
0.000345
0.000000
0.000000
0.000000
0.000000
0.000000
0.000000
0.000000
0.000000
0.000000
0.000000
0.000062
0.000000
0.000000
0.000040
0.000000
0.000000
0.000000
0.000007
0.001568
0.000055
0.000040
0.000609
0.000023
0.003908
0.000000
0.000000
0.000000
0.000047
0.000000
0.000496
0.000409
0.002990
0.002879
0.000000
0.000000
0.000000
0.000000
0.000000
0.000262
0.000000
0.000000
0.000000
0.000000
0.000000
0.000000
0.000000
0.000000
0.000000
0.000000
0.000000
0.000007
0.000000
0.000011
0.000000
0.000000
0.000000
0.000000
0.000812
0.000010
0.000010
0.000000
0.000000
0.000000
0.000623
0.000000
0.000230
0.000056
0.000000
0.000031
0.000000
0.000006
0.000000
0.001081
0.000000
0.000253
0.000248
0.000000
0.000118
0.000000
0.000000
0.000000
0.000000
0.000000
0.000000
0.000000
0.000000
0.000000
0.000075
0.000063
0.000000
0.000000
0.000025
0.000000
0.000000
0.000012
0.000007
0.006448
0.000105
0.000026
0.000000
0.000000
0.000000
0.000000
0.001031
0.001481
0.000000
0.000060
0.000278
0.000000
0.000000
0.000000
0.000011
0.005705
0.002097
0.000000
0.000159
0.000518
0.000000
0.000000
0.000000
0.000000
0.000000
0.000000
0.000000
0.000000
0.000000
0.000000
0.000000
0.000000
0.000087
0.000012
0.000013
0.000000
0.000000
0.000000
0.001448
0.000105
0.000006
0.000000
0.000000
0.000000
0.000421
0.000107
0.003312
0.000000
0.000000
0.000490
0.000000
0.000000
0.000000
0.000263
0.001528
0.002019
0.000000
0.000000
0.000174
0.000000
0.000000
0.000000
0.000000
0.000000
0.000000
0.000000
0.000000
0.000000
0.000000
0.000000
0.000000
0.000000
0.000000
0.000000
0.000000
0.000000
0.000000
0.000335
0.000000
0.000000
0.000078
0.000000
0.000013
0.000037
0.000000
0.000043
0.000152
0.000000
0.000116
0.000076
0.000000
0.000000
0.000247
0.000007
0.000000
0.000184
0.000000
0.000104
0.000000
0.000000
0.000000
0.000000
0.000000
0.000000
0.000000
0.000000
0.000000
0.000000
0.000073
0.000000
0.000000
0.000000
0.000000
0.000000
0.000000
0.000000
0.000493
0.000051
0.000000
0.000000
0.000014
0.000010
0.000000
0.000000
0.000006
0.000000
0.000083
0.000266
0.000000
0.000118
0.000000
0.000000
0.000601
0.000000
0.000000
0.000163
0.000162
0.000000
0.000000
0.000000
0.000000
0.000000
0.000000
0.000000
0.000000
0.000000
0.000000
0.000000
0.000000
0.000000
0.000000
0.000000
0.000000
0.000000
0.000000
0.000321
0.000078
0.000014
0.000069
0.000000
0.000277
0.000000
0.000000
0.000119
0.000102
0.000000
0.001437
0.000066
0.000224
0.000152
0.000013
0.000765
0.000405
0.000186
0.000399
0.000616
