0.010574
0.014861
0.007548
0.005130
0.014631
0.005961
0.001615
0.001456
0.001167
0.000588
0.001998
0.000243
0.000429
0.002124
0.000183
0.000012
0.000041
0.000008
0.477069
0.000110
0.027330
0.085767
0.058011
0.063380
0.058809
0.064829
0.043102
0.012757
0.008599
0.010848
0.001927
0.007411
0.000951
0.001394
0.007894
0.000847
0.000142
0.000169
0.000084
0.008465
0.000000
0.001390
0.000000
0.000000
0.000000
0.000467
0.000000
0.000055
0.000101
0.000000
0.000016
0.000000
0.000000
0.000000
0.000003
0.000000
0.000000
0.000000
0.000000
0.000074
0.000000
0.000000
0.000000
0.000000
0.000000
0.000000
0.000000
0.000000
0.000000
0.000000
0.000000
0.000000
0.000000
0.000000
0.000000
0.000000
0.000000
0.000000
0.000000
0.012450
0.001427
0.000000
0.000000
0.000000
0.000000
0.000360
0.000043
0.000000
0.000384
0.000014
0.000000
0.000000
0.000000
0.000000
0.000002
0.000000
0.000000
0.000000
0.000199
0.000000
0.000000
0.000000
0.000000
0.000000
0.000000
0.000000
0.000000
0.000000
0.000000
0.000000
0.000000
0.000000
0.000000
0.000000
0.000000
0.000000
0.000000
0.001519
0.001365
0.004166
0.000000
0.000000
0.000000
0.000046
0.000086
0.000194
0.000008
0.000061
0.000069
0.000000
0.000000
0.000000
0.000000
0.000000
0.000000
0.000000
0.000000
0.000053
0.000000
0.000000
0.000000
0.000000
0.000000
0.000000
0.000000
0.000000
0.000000
0.000000
0.000000
0.000000
0.000000
0.000000
0.000000
0.000000
0.000000
0.000000
0.000000
0.000000
0.000000
0.003693
0.000000
0.000938
0.000305
0.000000
0.000044
0.000000
0.000000
0.000000
0.000083
0.000000
0.000004
0.000000
0.000000
0.000000
0.000000
0.000000
0.000059
0.000000
0.000000
0.000000
0.000000
0.000000
0.000000
0.000000
0.000000
0.000000
0.000000
0.000000
0.000000
0.000000
0.000000
0.000000
0.000000
0.000000
0.000000
0.000000
0.000000
0.000000
0.000000
0.012190
0.001204
0.000000
0.000355
0.000087
0.000000
0.000000
0.000000
0.000000
0.000570
0.000015
0.000000
0.000002
0.000000
0.000000
0.000000
0.000090
0.000000
0.000000
0.000000
0.000000
0.000000
0.000000
0.000000
0.000000
0.000000
0.000000
0.000000
0.000000
0.000000
0.000000
0.000000
0.000000
0.000000
0.000000
0.000000
0.000000
0.000000
0.000809
0.001304
0.003387
0.000089
0.000034
0.000160
0.000000
0.000000
0.000000
0.000021
0.000073
0.000047
0.000000
0.000000
0.000000
0.000000
0.000003
0.000023
0.000000
0.000000
0.000000
0.000000
0.000000
0.000000
0.000000
0.000000
0.000000
0.000000
0.000000
0.000000
0.000000
0.000000
0.000000
0.000000
0.000000
0.000000
0.000298
0.000000
0.000099
0.000359
0.000000
0.000084
0.000586
0.000000
0.000151
0.000024
0.000000
0.000000
0.000000
0.000000
0.000000
0.000004
0.000000
0.000000
0.000000
0.000000
0.000003
0.000000
0.000000
0.000000
0.000000
0.000000
0.000000
0.000000
0.000000
0.000000
0.000000
0.000000
0.000000
0.000000
0.000000
0.000000
0.000000
0.000000
0.000000
0.000000
0.000309
0.000077
0.000000
0.000443
0.000014
0.000000
0.000477
0.000097
0.000000
0.000010
0.000000
0.000000
0.000008
0.000000
0.000000
0.000020
0.000000
0.000000
0.000000
0.000005
0.000000
0.000000
0.000000
0.000000
0.000000
0.000000
0.000000
0.000000
0.000000
0.000000
0.000000
0.000000
0.000000
0.000000
0.000000
0.000000
0.000000
0.000000
0.000088
0.000036
0.000210
0.000045
0.000090
0.000211
0.000082
0.000079
0.000307
0.000000
0.000000
0.000007
0.000000
0.000003
0.000000
0.000000
0.000000
0.000004
0.000000
0.000000
0.000008
0.000000
0.000000
0.000000
0.000000
0.000000
0.000000
0.000000
0.000000
0.000000
0.000000
0.000000
0.000000
0.000000
0.000000
0.000000
0.000000
0.000000
0.000000
0.000144
0.000000
0.000022
0.000000
0.000000
0.000000
0.000014
0.000000
0.000000
0.000232
0.000000
0.000016
0.000000
0.000000
0.000000
0.000000
0.000000
0.000000
0.000158
0.000003
0.000000
0.000000
0.000000
0.000000
0.000000
0.000000
0.000000
0.000000
0.000000
0.000000
0.000000
0.000000
0.000000
0.000000
0.000000
0.000000
0.000000
0.000000
0.000000
0.000000
0.000561
0.000052
0.000000
0.000000
0.000000
0.000000
0.000025
0.000000
0.000000
0.000785
0.000041
0.000000
0.000000
0.000000
0.000000
0.000000
0.000000
0.000478
0.000024
0.000021
0.000000
0.000000
0.000000
0.000000
0.000000
0.000000
0.000000
0.000000
0.000000
0.000000
0.000000
0.000000
0.000000
0.000000
0.000000
0.000000
0.000018
0.000000
0.000022
0.000003
0.000074
0.000000
0.000000
0.000000
0.000000
0.000000
0.000003
0.000022
0.000050
0.000034
0.000000
0.000000
0.000000
0.000000
0.000000
0.000000
0.000028
0.000008
0.000000
0.000000
0.000000
0.000000
0.000000
0.000000
0.000000
0.000000
0.000000
0.000000
0.000000
0.000000
0.000000
0.000000
0.000000
0.000000
0.000000
0.000000
0.000000
0.000000
0.000000
0.000000
0.000131
0.000000
0.000016
0.000003
0.000000
0.000000
0.000000
0.000000
0.000000
0.000147
0.000000
0.000020
0.000000
0.000000
0.000000
0.000109
0.000000
0.000004
0.000000
0.000000
0.000000
0.000000
0.000000
0.000000
0.000000
0.000000
0.000000
0.000000
0.000000
0.000000
0.000000
0.000000
0.000000
0.000000
0.000000
0.000000
0.000000
0.000000
0.000000
0.000000
0.000524
0.000022
0.000000
0.000026
0.000006
0.000000
0.000000
0.000000
0.000000
0.000797
0.000063
0.000000
0.000008
0.000002
0.000651
0.000000
0.000000
0.000000
0.000000
0.000000
0.000000
0.000000
0.000000
0.000000
0.000000
0.000000
0.000000
0.000014
0.000000
0.000000
0.000002
0.000000
0.000000
0.000000
0.000000
0.000000
0.000000
0.000000
0.000034
0.000000
0.000066
0.000000
0.000000
0.000005
0.000000
0.000000
0.000000
0.000015
0.000024
0.000012
0.000000
0.000000
0.000000
0.000025
0.000000
0.000000
0.000000
0.000000
0.000000
0.000000
0.000000
0.000000
0.000000
0.000000
0.000000
0.000000
0.000000
0.000000
0.000000
0.000002
0.000000
0.000000
0.000000
0.000000
0.000000
0.000000
0.000000
0.000000
0.000000
0.000000
0.000003
0.000000
0.000000
0.000002
0.000000
0.000000
0.000002
0.000000
0.000000
0.000002
0.000000
0.000000
0.000003
0.000000
0.000000
0.000000
0.000000
0.000000
0.000000
0.000000
0.000000
0.000000
0.000000
0.000000
0.000000
0.000000
0.000000
0.000000
0.000000
0.000000
0.000000
0.000000
0.000000
0.000000
0.000004
0.000000
0.000000
0.000000
0.000000
0.000000
0.000004
0.000006
0.000000
0.000012
0.000000
0.000000
0.000008
0.000000
0.000000
0.000004
0.000002
0.000004
0.000000
0.000000
0.000000
0.000000
0.000000
0.000000
0.000000
0.000000
0.000000
0.000000
0.000000
0.000000
0.000000
0.000000
0.000000
0.000000
0.000000
0.000000
0.000000
0.000000
0.000000
0.000000
0.000002
0.000000
0.000000
0.000000
0.000000
0.000000
0.000002
0.000002
0.000000
0.000003
0.000000
0.000000
0.000000
0.000000
0.000000
0.000000
0.000000
0.000000
0.000000
0.000000
0.000000
0.000000
0.000000
0.000000
0.000000
0.000000
0.000000
0.000000
0.000000
0.000000
0.000000
0.000000
0.000000
0.000000
0.000000
0.000000
0.000000
0.000000
0.000000
0.000000
0.000000
0.000000
0.000000
0.000000
0.000000
0.000000
0.000196
0.000677
0.000045
0.000161
0.000601
0.000018
0.000003
0.000007
0.000000
0.468846
0.000000
0.000000
0.000000
0.000000
0.000000
0.000000
0.000000
0.000000
0.000000
0.000000
0.000000
0.000600
0.001793
0.000164
0.000566
0.002193
0.000130
0.000029
0.000014
0.000002
0.000004
0.000020
0.000000
0.000000
0.000002
0.000000
0.000000
0.000003
0.000000
0.000000
0.000000
0.000000
0.000000
0.000015
0.000003
0.000000
0.000000
0.000000
0.000000
0.000026
0.000000
0.000000
0.000012
0.000000
0.000003
0.000000
0.000000
0.000000
0.000003
0.000000
0.000000
0.000004
0.000012
0.000000
0.000000
0.000000
0.000000
0.000004
0.000000
0.000046
0.000096
0.000040
0.000062
0.000094
0.000019
0.000024
0.000012
0.000011
0.000000
0.000000
0.000000
0.000000
0.000000
0.000000
0.000000
0.000000
0.000000
0.000019
0.000000
0.026381
0.000122
0.000047
0.000101
0.000108
0.000060
0.000081
0.000026
0.000011
0.000024
0.000000
0.000003
0.000000
0.000000
0.000004
0.000000
0.000000
0.000000
0.000000
0.000000
0.000000
0.000000
0.000000
0.000000
0.000000
0.000000
0.000000
0.000000
0.000000
0.000000
0.000000
0.000000
0.000000
0.000000
0.000000
0.000000
0.000000
0.000000
0.000000
0.000082
0.067150
0.000000
0.014808
0.000000
0.000000
0.000000
0.002833
0.000000
0.000648
0.000418
0.000000
0.000039
0.000000
0.000000
0.000000
0.000022
0.000000
0.000009
0.000000
0.000000
0.000000
0.000000
0.000000
0.000000
0.000000
0.000000
0.000000
0.000000
0.000000
0.000000
0.000000
0.000000
0.000000
0.000000
0.000000
0.000000
0.000000
0.000020
0.000059
0.000000
0.042191
0.010996
0.000000
0.000000
0.000000
0.000000
0.002135
0.000457
0.000000
0.002273
0.000033
0.000000
0.000000
0.000000
0.000000
0.000008
0.000000
0.000000
0.000000
0.000000
0.000000
0.000000
0.000000
0.000000
0.000000
0.000000
0.000000
0.000000
0.000000
0.000000
0.000000
0.000000
0.000000
0.000000
0.000000
0.000000
0.000000
0.000072
0.013770
0.012780
0.033511
0.000000
0.000000
0.000000
0.000616
0.000508
0.001615
0.000083
0.000313
0.000274
0.000000
0.000000
0.000000
0.000004
0.000003
0.000017
0.000000
0.000000
0.000000
0.000000
0.000000
0.000000
0.000000
0.000000
0.000000
0.000000
0.000000
0.000000
0.000000
0.000000
0.000000
0.000000
0.000000
0.000000
0.000000
0.000000
0.000038
0.000000
0.000000
0.000000
0.046589
0.000000
0.008528
0.002908
0.000000
0.000580
0.000000
0.000000
0.000000
0.000217
0.000000
0.000067
0.000003
0.000000
0.000000
0.000000
0.000000
0.000000
0.000000
0.000000
0.000000
0.000000
0.000000
0.000000
0.000000
0.000000
0.000000
0.000000
0.000000
0.000000
0.000000
0.000000
0.000000
0.000000
0.000004
0.000133
0.000000
0.000000
0.000000
0.000000
0.051481
0.008511
0.000000
0.001941
0.000816
0.000000
0.000000
0.000000
0.000000
0.002023
0.000037
0.000000
0.000000
0.000004
0.000000
0.000000
0.000000
0.000000
0.000000
0.000000
0.000000
0.000000
0.000000
0.000000
0.000000
0.000000
0.000000
0.000000
0.000000
0.000000
0.000000
0.000000
0.000000
0.000000
0.000028
0.000000
0.000000
0.000000
0.008669
0.007853
0.023061
0.000597
0.000430
0.001995
0.000000
0.000000
0.000000
0.000045
0.000272
0.000244
0.000000
0.000000
0.000000
0.000000
0.000000
0.000000
0.000000
0.000000
0.000000
0.000000
0.000000
0.000000
0.000000
0.000000
0.000000
0.000000
0.000000
0.000000
0.000000
0.000000
0.000000
0.000000
0.000000
0.000010
0.003377
0.000000
0.000667
0.002442
0.000000
0.000697
0.004570
0.000000
0.000944
0.000035
0.000000
0.000004
0.000019
0.000000
0.000000
0.000032
0.000000
0.000002
0.000000
0.000000
0.000000
0.000000
0.000000
0.000000
0.000000
0.000000
0.000000
0.000000
0.000000
0.000000
0.000000
0.000000
0.000000
0.000000
0.000000
0.000000
0.000000
0.000000
0.000011
0.000000
0.001593
0.000663
0.000000
0.002339
0.000278
0.000000
0.002567
0.000979
0.000000
0.000003
0.000000
0.000000
0.000140
0.000000
0.000000
0.000050
0.000000
0.000000
0.000000
0.000000
0.000000
0.000000
0.000000
0.000000
0.000000
0.000000
0.000000
0.000000
0.000000
0.000000
0.000000
0.000000
0.000000
0.000000
0.000000
0.000000
0.000000
0.000010
0.001070
0.000394
0.001955
0.000581
0.000674
0.001324
0.001181
0.000856
0.002727
0.000000
0.000031
0.000004
0.000004
0.000019
0.000023
0.000004
0.000008
0.000012
0.000000
0.000000
0.000000
0.000000
0.000000
0.000000
0.000000
0.000000
0.000000
0.000000
0.000000
0.000000
0.000000
0.000000
0.000000
0.000000
0.000000
0.000000
0.000597
0.000000
0.000000
0.000400
0.000000
0.000110
0.000000
0.000000
0.000000
0.000019
0.000000
0.000000
0.000694
0.000000
0.000089
0.000011
0.000000
0.000000
0.000011
0.000000
0.000000
0.000000
0.000000
0.000000
0.000000
0.000000
0.000000
0.000000
0.000000
0.000000
0.000000
0.000016
0.000000
0.000000
0.000000
0.000000
0.000000
0.000000
0.000000
0.002786
0.000000
0.000000
0.000000
0.001127
0.000362
0.000000
0.000000
0.000000
0.000000
0.000056
0.000018
0.000012
0.002779
0.000255
0.000000
0.000000
0.000000
0.000000
0.000020
0.000003
0.000000
0.000000
0.000000
0.000000
0.000000
0.000000
0.000000
0.000000
0.000000
0.000000
0.000000
0.000000
0.000000
0.000000
0.000000
0.000000
0.000000
0.000000
0.000094
0.000004
0.000000
0.000105
0.000021
0.000381
0.000000
0.000000
0.000000
0.000000
0.000000
0.000000
0.000062
0.000203
0.000080
0.000000
0.000000
0.000000
0.000000
0.000000
0.000000
0.000000
0.000000
0.000000
0.000000
0.000000
0.000000
0.000000
0.000000
0.000000
0.000000
0.000000
0.000000
0.000000
0.000000
0.000000
0.000000
0.000000
0.000000
0.000362
0.000000
0.000000
0.000000
0.000000
0.000000
0.000448
0.000000
0.000041
0.000032
0.000000
0.000005
0.000000
0.000000
0.000000
0.000454
0.000000
0.000055
0.000000
0.000000
0.000000
0.000000
0.000000
0.000000
0.000000
0.000000
0.000000
0.000000
0.000000
0.000000
0.000000
0.000007
0.000000
0.000000
0.000031
0.000000
0.000000
0.000000
0.000000
0.002636
0.000015
0.000011
0.000000
0.000000
0.000000
0.000000
0.001529
0.000416
0.000000
0.000030
0.000031
0.000000
0.000000
0.000000
0.000000
0.002990
0.000172
0.000000
0.000024
0.000017
0.000000
0.000000
0.000000
0.000000
0.000000
0.000000
0.000000
0.000000
0.000000
0.000000
0.000000
0.000000
0.000000
0.000000
0.000000
0.000000
0.000000
0.000000
0.000138
0.000003
0.000000
0.000000
0.000000
0.000000
0.000086
0.000018
0.000235
0.000000
0.000002
0.000012
0.000000
0.000000
0.000000
0.000042
0.000193
0.000116
0.000000
0.000000
0.000004
0.000000
0.000000
0.000000
0.000000
0.000000
0.000000
0.000000
0.000000
0.000000
0.000000
0.000000
0.000000
0.000000
0.000000
0.000000
0.000000
0.000000
0.000000
0.000027
0.000000
0.000000
0.000013
0.000000
0.000000
0.000004
0.000000
0.000000
0.000015
0.000000
0.000002
0.000023
0.000000
0.000000
0.000019
0.000000
0.000000
0.000035
0.000000
0.000004
0.000000
0.000000
0.000000
0.000000
0.000000
0.000000
0.000000
0.000000
0.000000
0.000000
0.000000
0.000000
0.000000
0.000000
0.000000
0.000000
0.000000
0.000000
0.000012
0.000000
0.000000
0.000000
0.000007
0.000006
0.000000
0.000007
0.000026
0.000000
0.000028
0.000000
0.000000
0.000003
0.000000
0.000000
0.000054
0.000000
0.000000
0.000021
0.000006
0.000000
0.000000
0.000000
0.000000
0.000000
0.000000
0.000000
0.000000
0.000000
0.000000
0.000000
0.000000
0.000000
0.000000
0.000000
0.000000
0.000000
0.000000
0.000005
0.000000
0.000000
0.000000
0.000000
0.000007
0.000000
0.000000
0.000003
0.000000
0.000000
0.000026
0.000004
0.000006
0.000000
0.000017
0.000003
0.000005
0.000004
0.000000
0.000004
