0.003856
0.006867
0.013464
0.001309
0.006351
0.009407
0.001696
0.002366
0.007532
0.001418
0.004582
0.002602
0.000896
0.005051
0.002017
0.000309
0.000782
0.001157
0.441291
0.001421
0.032465
0.029667
0.014975
0.109504
0.021740
0.026204
0.073439
0.017074
0.010339
0.073127
0.004944
0.018558
0.013481
0.003505
0.017799
0.010116
0.001419
0.002036
0.005232
0.002371
0.000000
0.000928
0.000000
0.000000
0.000000
0.000265
0.000000
0.000134
0.000018
0.000000
0.000012
0.000000
0.000000
0.000000
0.000000
0.000000
0.000000
0.000000
0.000000
0.000143
0.000000
0.000000
0.000000
0.000000
0.000000
0.000000
0.000000
0.000000
0.000000
0.000000
0.000000
0.000000
0.000000
0.000000
0.000000
0.000000
0.000000
0.000000
0.000000
0.004419
0.001270
0.000000
0.000000
0.000000
0.000000
0.000338
0.000122
0.000000
0.000423
0.000051
0.000000
0.000000
0.000000
0.000000
0.000019
0.000000
0.000000
0.000008
0.000218
0.000000
0.000000
0.000000
0.000000
0.000000
0.000000
0.000000
0.000000
0.000000
0.000000
0.000000
0.000000
0.000000
0.000000
0.000000
0.000000
0.000000
0.000000
0.000900
0.001225
0.007991
0.000000
0.000000
0.000000
0.000228
0.000173
0.001127
0.000134
0.000326
0.000671
0.000000
0.000000
0.000000
0.000006
0.000015
0.000081
0.000000
0.000167
0.000340
0.000000
0.000000
0.000000
0.000000
0.000000
0.000000
0.000000
0.000000
0.000000
0.000000
0.000000
0.000000
0.000000
0.000000
0.000000
0.000000
0.000000
0.000000
0.000000
0.000000
0.000000
0.000559
0.000000
0.000487
0.000139
0.000000
0.000030
0.000000
0.000000
0.000000
0.000057
0.000000
0.000009
0.000000
0.000000
0.000009
0.000000
0.000000
0.000025
0.000000
0.000000
0.000000
0.000000
0.000000
0.000000
0.000000
0.000000
0.000000
0.000000
0.000000
0.000000
0.000000
0.000000
0.000000
0.000000
0.000000
0.000000
0.000000
0.000000
0.000000
0.000000
0.003567
0.001025
0.000000
0.000335
0.000226
0.000000
0.000000
0.000000
0.000000
0.000746
0.000040
0.000000
0.000057
0.000000
0.000000
0.000009
0.000169
0.000000
0.000000
0.000000
0.000000
0.000000
0.000000
0.000000
0.000000
0.000000
0.000000
0.000000
0.000000
0.000000
0.000000
0.000000
0.000000
0.000000
0.000000
0.000000
0.000000
0.000000
0.000388
0.001241
0.005769
0.000027
0.000108
0.000752
0.000000
0.000000
0.000000
0.000088
0.000312
0.000363
0.000006
0.000000
0.000025
0.000000
0.000000
0.000218
0.000000
0.000000
0.000000
0.000000
0.000000
0.000000
0.000000
0.000000
0.000000
0.000000
0.000000
0.000000
0.000000
0.000000
0.000000
0.000000
0.000000
0.000000
0.000145
0.000000
0.000125
0.000185
0.000000
0.000100
0.000531
0.000000
0.000451
0.000000
0.000000
0.000000
0.000014
0.000000
0.000007
0.000047
0.000000
0.000040
0.000000
0.000000
0.000064
0.000000
0.000000
0.000000
0.000000
0.000000
0.000000
0.000000
0.000000
0.000000
0.000000
0.000000
0.000000
0.000000
0.000000
0.000000
0.000000
0.000000
0.000000
0.000000
0.000327
0.000067
0.000000
0.000341
0.000051
0.000000
0.000778
0.000367
0.000000
0.000012
0.000000
0.000000
0.000113
0.000007
0.000000
0.000154
0.000000
0.000000
0.000000
0.000087
0.000000
0.000000
0.000000
0.000000
0.000000
0.000000
0.000000
0.000000
0.000000
0.000000
0.000000
0.000000
0.000000
0.000000
0.000000
0.000000
0.000000
0.000000
0.000110
0.000110
0.001042
0.000083
0.000307
0.000846
0.000340
0.000415
0.003298
0.000011
0.000008
0.000027
0.000013
0.000102
0.000102
0.000005
0.000134
0.000387
0.000000
0.000007
0.000214
0.000000
0.000000
0.000000
0.000000
0.000000
0.000000
0.000000
0.000000
0.000000
0.000000
0.000000
0.000000
0.000000
0.000000
0.000000
0.000000
0.000000
0.000000
0.000066
0.000000
0.000257
0.000000
0.000000
0.000000
0.000009
0.000000
0.000008
0.000513
0.000000
0.000075
0.000000
0.000000
0.000000
0.000071
0.000000
0.000009
0.000352
0.000000
0.000000
0.000000
0.000000
0.000000
0.000000
0.000000
0.000000
0.000000
0.000000
0.000000
0.000000
0.000000
0.000000
0.000000
0.000000
0.000000
0.000000
0.000000
0.000000
0.000000
0.000496
0.000404
0.000000
0.000000
0.000000
0.000000
0.000062
0.000011
0.000000
0.001471
0.000638
0.000000
0.000000
0.000000
0.000000
0.000062
0.000116
0.001129
0.000015
0.000165
0.000000
0.000000
0.000000
0.000000
0.000000
0.000000
0.000000
0.000000
0.000000
0.000007
0.000043
0.000013
0.000000
0.000000
0.000000
0.000000
0.000000
0.000000
0.000174
0.000014
0.000926
0.000000
0.000000
0.000000
0.000000
0.000000
0.000054
0.000130
0.000178
0.000592
0.000000
0.000000
0.000000
0.000000
0.000000
0.000015
0.000419
0.000050
0.000014
0.000000
0.000000
0.000000
0.000000
0.000000
0.000000
0.000000
0.000000
0.000000
0.000000
0.000054
0.000000
0.000000
0.000000
0.000000
0.000000
0.000000
0.000000
0.000000
0.000000
0.000000
0.000049
0.000000
0.000023
0.000027
0.000000
0.000000
0.000000
0.000000
0.000000
0.000254
0.000000
0.000127
0.000017
0.000000
0.000071
0.000186
0.000013
0.000000
0.000000
0.000000
0.000000
0.000000
0.000000
0.000000
0.000000
0.000000
0.000000
0.000000
0.000000
0.000000
0.000025
0.000000
0.000010
0.000000
0.000000
0.000000
0.000000
0.000000
0.000000
0.000000
0.000709
0.000127
0.000000
0.000054
0.000164
0.000000
0.000000
0.000000
0.000000
0.001887
0.000222
0.000000
0.000072
0.000090
0.001493
0.000114
0.000037
0.000000
0.000000
0.000000
0.000000
0.000000
0.000000
0.000000
0.000000
0.000000
0.000000
0.000000
0.000000
0.000000
0.000049
0.000006
0.000000
0.000000
0.000000
0.000000
0.000000
0.000000
0.000005
0.000022
0.000642
0.000000
0.000005
0.000125
0.000000
0.000000
0.000000
0.000147
0.000116
0.000347
0.000000
0.000000
0.000141
0.000358
0.000054
0.000012
0.000000
0.000000
0.000000
0.000000
0.000000
0.000000
0.000000
0.000000
0.000000
0.000000
0.000000
0.000000
0.000000
0.000000
0.000000
0.000000
0.000000
0.000000
0.000000
0.000000
0.000017
0.000000
0.000000
0.000045
0.000074
0.000000
0.000037
0.000032
0.000000
0.000000
0.000015
0.000000
0.000000
0.000062
0.000000
0.000000
0.000017
0.000000
0.000012
0.000000
0.000000
0.000000
0.000000
0.000000
0.000000
0.000000
0.000000
0.000000
0.000000
0.000000
0.000000
0.000000
0.000000
0.000000
0.000000
0.000000
0.000000
0.000000
0.000005
0.000007
0.000000
0.000011
0.000000
0.000000
0.000068
0.000129
0.000000
0.000105
0.000000
0.000000
0.000183
0.000000
0.000000
0.000098
0.000051
0.000132
0.000000
0.000000
0.000000
0.000000
0.000000
0.000000
0.000000
0.000000
0.000000
0.000000
0.000000
0.000000
0.000000
0.000000
0.000000
0.000000
0.000000
0.000000
0.000000
0.000000
0.000019
0.000000
0.000012
0.000000
0.000000
0.000032
0.000017
0.000000
0.000468
0.000087
0.000046
0.000045
0.000000
0.000088
0.000143
0.000000
0.000041
0.000044
0.000030
0.000013
0.000019
0.000000
0.000000
0.000000
0.000000
0.000000
0.000000
0.000000
0.000000
0.000000
0.000000
0.000000
0.000000
0.000000
0.000000
0.000000
0.000000
0.000000
0.000000
0.000000
0.000000
0.000000
0.000000
0.000000
0.000000
0.000000
0.000000
0.000000
0.000392
0.001507
0.000373
0.000228
0.001363
0.000434
0.000098
0.000126
0.000028
0.416015
0.000000
0.000162
0.000000
0.000000
0.000000
0.000000
0.000000
0.000000
0.000000
0.000000
0.000000
0.001417
0.004615
0.002051
0.001516
0.005219
0.002001
0.000165
0.000186
0.000308
0.000014
0.000000
0.000077
0.000000
0.000073
0.000015
0.000000
0.000000
0.000000
0.000014
0.000123
0.000062
0.000000
0.000031
0.000201
0.000000
0.000000
0.000033
0.000000
0.000346
0.000000
0.000000
0.000000
0.000089
0.000009
0.000000
0.000069
0.000000
0.000000
0.000000
0.000000
0.000062
0.000038
0.000000
0.000100
0.000027
0.000000
0.000013
0.000044
0.000082
0.000152
0.000372
0.000022
0.000087
0.000295
0.000051
0.000045
0.000098
0.000000
0.000034
0.000025
0.000000
0.000058
0.000016
0.000000
0.000000
0.000014
0.000043
0.000000
0.029268
0.000221
0.000040
0.000482
0.000145
0.000095
0.000379
0.000143
0.000026
0.000407
0.000013
0.000017
0.000024
0.000000
0.000025
0.000007
0.000008
0.000000
0.000000
0.000000
0.000000
0.000000
0.000000
0.000000
0.000000
0.000000
0.000000
0.000000
0.000000
0.000000
0.000000
0.000000
0.000000
0.000000
0.000000
0.000000
0.000000
0.000000
0.000000
0.000083
0.015624
0.000000
0.009804
0.000000
0.000000
0.000000
0.002116
0.000000
0.001332
0.000484
0.000000
0.000382
0.000000
0.000000
0.000000
0.000060
0.000000
0.000036
0.000000
0.000000
0.000000
0.000000
0.000000
0.000000
0.000000
0.000000
0.000000
0.000000
0.000000
0.000000
0.000000
0.000000
0.000000
0.000000
0.000000
0.000000
0.000000
0.000014
0.000151
0.000000
0.006785
0.003495
0.000000
0.000000
0.000000
0.000000
0.001595
0.000609
0.000000
0.002246
0.000127
0.000000
0.000000
0.000000
0.000000
0.000088
0.000000
0.000000
0.000000
0.000000
0.000000
0.000000
0.000000
0.000000
0.000000
0.000000
0.000000
0.000000
0.000000
0.000000
0.000000
0.000000
0.000000
0.000000
0.000000
0.000000
0.000064
0.000287
0.009766
0.005932
0.073987
0.000000
0.000000
0.000000
0.001292
0.001097
0.010790
0.000333
0.002236
0.004120
0.000000
0.000000
0.000000
0.000019
0.000061
0.000606
0.000000
0.000000
0.000000
0.000000
0.000000
0.000000
0.000000
0.000000
0.000000
0.000000
0.000000
0.000000
0.000000
0.000000
0.000000
0.000000
0.000000
0.000000
0.000000
0.000000
0.000076
0.000000
0.000000
0.000000
0.012699
0.000000
0.005878
0.001566
0.000000
0.001173
0.000000
0.000000
0.000000
0.000190
0.000000
0.000173
0.000019
0.000000
0.000098
0.000000
0.000000
0.000000
0.000000
0.000000
0.000000
0.000000
0.000000
0.000000
0.000000
0.000000
0.000000
0.000000
0.000000
0.000000
0.000000
0.000000
0.000000
0.000000
0.000015
0.000177
0.000000
0.000000
0.000000
0.000000
0.014137
0.007159
0.000000
0.000860
0.002081
0.000000
0.000000
0.000000
0.000000
0.001900
0.000012
0.000000
0.000005
0.000000
0.000000
0.000000
0.000000
0.000000
0.000000
0.000000
0.000000
0.000000
0.000000
0.000000
0.000000
0.000000
0.000000
0.000000
0.000000
0.000000
0.000000
0.000000
0.000000
0.000000
0.000196
0.000000
0.000000
0.000000
0.006082
0.005895
0.044887
0.001510
0.000514
0.011354
0.000000
0.000000
0.000000
0.000033
0.001408
0.001890
0.000011
0.000000
0.000116
0.000000
0.000000
0.000000
0.000000
0.000000
0.000000
0.000000
0.000000
0.000000
0.000000
0.000000
0.000000
0.000000
0.000000
0.000000
0.000000
0.000000
0.000000
0.000000
0.000000
0.000050
0.001297
0.000000
0.001953
0.000987
0.000000
0.001101
0.006193
0.000000
0.004490
0.000191
0.000000
0.000085
0.000086
0.000000
0.000102
0.000366
0.000000
0.000338
0.000000
0.000000
0.000000
0.000000
0.000000
0.000000
0.000000
0.000000
0.000000
0.000000
0.000000
0.000000
0.000000
0.000000
0.000000
0.000000
0.000000
0.000000
0.000000
0.000005
0.000089
0.000000
0.000857
0.000523
0.000000
0.002136
0.000909
0.000000
0.003359
0.001825
0.000000
0.000101
0.000000
0.000000
0.000243
0.000007
0.000000
0.000367
0.000000
0.000000
0.000000
0.000000
0.000000
0.000000
0.000000
0.000000
0.000000
0.000000
0.000000
0.000000
0.000000
0.000000
0.000000
0.000000
0.000000
0.000000
0.000000
0.000000
0.000081
0.000197
0.001717
0.000999
0.014520
0.000863
0.001522
0.006925
0.003991
0.002731
0.035930
0.000085
0.000350
0.000548
0.000022
0.000359
0.001056
0.000064
0.000508
0.001390
0.000000
0.000000
0.000000
0.000000
0.000000
0.000000
0.000000
0.000000
0.000000
0.000012
0.000069
0.000000
0.000000
0.000000
0.000000
0.000000
0.000000
0.000000
0.001507
0.000000
0.000009
0.000524
0.000000
0.000337
0.000000
0.000000
0.000000
0.000077
0.000000
0.000016
0.001789
0.000061
0.000441
0.000000
0.000000
0.000015
0.000112
0.000000
0.000014
0.000000
0.000000
0.000000
0.000000
0.000000
0.000000
0.000000
0.000000
0.000000
0.000008
0.000118
0.000052
0.000000
0.000000
0.000000
0.000000
0.000000
0.000000
0.007620
0.000076
0.000016
0.000000
0.000473
0.001207
0.000000
0.000000
0.000000
0.000000
0.000007
0.000105
0.000014
0.005591
0.002681
0.000000
0.000071
0.000000
0.000000
0.000132
0.000406
0.000000
0.000000
0.000000
0.000000
0.000000
0.000000
0.000000
0.000000
0.000000
0.000000
0.000061
0.000000
0.000000
0.000039
0.000000
0.000000
0.000000
0.000007
0.001627
0.000054
0.000039
0.000619
0.000023
0.003934
0.000000
0.000000
0.000000
0.000046
0.000000
0.000527
0.000445
0.002991
0.002940
0.000000
0.000000
0.000000
0.000000
0.000000
0.000248
0.000000
0.000000
0.000000
0.000000
0.000000
0.000000
0.000000
0.000000
0.000000
0.000000
0.000000
0.000007
0.000000
0.000011
0.000000
0.000000
0.000000
0.000000
0.000824
0.000010
0.000010
0.000000
0.000000
0.000000
0.000612
0.000000
0.000239
0.000055
0.000000
0.000036
0.000000
0.000006
0.000000
0.001094
0.000000
0.000266
0.000243
0.000000
0.000116
0.000000
0.000000
0.000000
0.000000
0.000000
0.000000
0.000000
0.000000
0.000000
0.000074
0.000062
0.000000
0.000000
0.000025
0.000000
0.000000
0.000012
0.000007
0.006369
0.000094
0.000025
0.000000
0.000000
0.000000
0.000000
0.001003
0.001480
0.000000
0.000059
0.000273
0.000000
0.000000
0.000000
0.000011
0.005518
0.002097
0.000000
0.000143
0.000503
0.000000
0.000000
0.000000
0.000000
0.000000
0.000000
0.000000
0.000000
0.000000
0.000000
0.000000
0.000000
0.000085
0.000011
0.000013
0.000000
0.000000
0.000000
0.001516
0.000103
0.000006
0.000000
0.000000
0.000000
0.000414
0.000105
0.003323
0.000000
0.000000
0.000448
0.000000
0.000000
0.000000
0.000259
0.001596
0.002042
0.000000
0.000000
0.000171
0.000000
0.000000
0.000000
0.000000
0.000000
0.000000
0.000000
0.000000
0.000000
0.000000
0.000000
0.000000
0.000000
0.000000
0.000000
0.000000
0.000000
0.000000
0.000329
0.000000
0.000000
0.000077
0.000000
0.000013
0.000036
0.000000
0.000042
0.000150
0.000000
0.000114
0.000127
0.000000
0.000000
0.000255
0.000007
0.000000
0.000181
0.000000
0.000102
0.000000
0.000000
0.000000
0.000000
0.000000
0.000000
0.000000
0.000000
0.000000
0.000000
0.000072
0.000000
0.000000
0.000000
0.000000
0.000000
0.000000
0.000000
0.000475
0.000050
0.000000
0.000000
0.000000
0.000010
0.000000
0.000000
0.000005
0.000000
0.000081
0.000276
0.000000
0.000156
0.000000
0.000000
0.000614
0.000000
0.000000
0.000156
0.000159
0.000000
0.000000
0.000000
0.000000
0.000000
0.000000
0.000000
0.000000
0.000000
0.000000
0.000000
0.000000
0.000000
0.000000
0.000000
0.000000
0.000000
0.000000
0.000325
0.000076
0.000014
0.000068
0.000000
0.000272
0.000000
0.000000
0.000117
0.000100
0.000000
0.001464
0.000065
0.000220
0.000159
0.000013
0.000752
0.000456
0.000183
0.000383
0.000615
