0.010396
0.015223
0.011302
0.006251
0.017418
0.008764
0.003102
0.003639
0.004239
0.001008
0.002722
0.000572
0.000559
0.004070
0.000708
0.000105
0.000216
0.000232
0.492347
0.000058
0.039438
0.042910
0.032381
0.067387
0.041327
0.049025
0.058951
0.017621
0.012525
0.024258
0.003113
0.009285
0.001606
0.002886
0.011173
0.002083
0.000123
0.000520
0.000457
0.006935
0.000000
0.002133
0.000000
0.000000
0.000000
0.000657
0.000000
0.000278
0.000292
0.000000
0.000068
0.000000
0.000000
0.000000
0.000039
0.000000
0.000000
0.000000
0.000000
0.000019
0.000000
0.000000
0.000000
0.000000
0.000000
0.000000
0.000000
0.000000
0.000000
0.000000
0.000000
0.000000
0.000000
0.000000
0.000000
0.000000
0.000000
0.000000
0.000000
0.011896
0.001843
0.000000
0.000000
0.000000
0.000000
0.000653
0.000136
0.000000
0.000703
0.000000
0.000000
0.000000
0.000000
0.000000
0.000028
0.000000
0.000000
0.000000
0.000000
0.000000
0.000000
0.000000
0.000000
0.000000
0.000000
0.000000
0.000000
0.000000
0.000000
0.000000
0.000000
0.000000
0.000000
0.000000
0.000000
0.000000
0.000000
0.002172
0.001939
0.005949
0.000000
0.000000
0.000000
0.000064
0.000144
0.000631
0.000029
0.000058
0.000204
0.000000
0.000000
0.000000
0.000000
0.000000
0.000000
0.000000
0.000000
0.000143
0.000000
0.000000
0.000000
0.000000
0.000000
0.000000
0.000000
0.000000
0.000000
0.000000
0.000000
0.000000
0.000000
0.000000
0.000000
0.000000
0.000000
0.000000
0.000000
0.000000
0.000000
0.004192
0.000000
0.001330
0.000440
0.000000
0.000065
0.000000
0.000000
0.000000
0.000140
0.000000
0.000025
0.000000
0.000000
0.000000
0.000000
0.000000
0.000036
0.000000
0.000000
0.000000
0.000000
0.000000
0.000000
0.000000
0.000000
0.000000
0.000000
0.000000
0.000000
0.000000
0.000000
0.000000
0.000000
0.000000
0.000000
0.000000
0.000000
0.000000
0.000000
0.013556
0.001348
0.000000
0.001071
0.000261
0.000000
0.000000
0.000000
0.000000
0.000793
0.000019
0.000000
0.000000
0.000000
0.000000
0.000015
0.000209
0.000000
0.000000
0.000000
0.000000
0.000000
0.000000
0.000000
0.000000
0.000000
0.000000
0.000000
0.000000
0.000000
0.000000
0.000000
0.000000
0.000000
0.000000
0.000000
0.000000
0.000000
0.001272
0.001743
0.004837
0.000148
0.000090
0.000465
0.000000
0.000000
0.000000
0.000000
0.000058
0.000046
0.000000
0.000000
0.000032
0.000000
0.000000
0.000091
0.000000
0.000000
0.000000
0.000000
0.000000
0.000000
0.000000
0.000000
0.000000
0.000000
0.000000
0.000000
0.000000
0.000000
0.000000
0.000000
0.000000
0.000000
0.000576
0.000000
0.000158
0.000508
0.000000
0.000142
0.001280
0.000000
0.000261
0.000000
0.000000
0.000000
0.000018
0.000000
0.000000
0.000000
0.000000
0.000123
0.000000
0.000000
0.000042
0.000000
0.000000
0.000000
0.000000
0.000000
0.000000
0.000000
0.000000
0.000000
0.000000
0.000000
0.000000
0.000000
0.000000
0.000000
0.000000
0.000000
0.000000
0.000000
0.000541
0.000140
0.000000
0.000857
0.000072
0.000000
0.001095
0.000819
0.000000
0.000015
0.000000
0.000000
0.000076
0.000000
0.000000
0.000035
0.000000
0.000000
0.000000
0.000000
0.000000
0.000000
0.000000
0.000000
0.000000
0.000000
0.000000
0.000000
0.000000
0.000000
0.000000
0.000000
0.000000
0.000000
0.000000
0.000000
0.000000
0.000000
0.000439
0.000137
0.000713
0.000145
0.000157
0.000624
0.000446
0.000294
0.001199
0.000000
0.000000
0.000000
0.000000
0.000014
0.000000
0.000000
0.000027
0.000053
0.000000
0.000000
0.000000
0.000000
0.000000
0.000000
0.000000
0.000000
0.000000
0.000000
0.000000
0.000000
0.000000
0.000000
0.000000
0.000000
0.000000
0.000000
0.000000
0.000000
0.000000
0.000115
0.000000
0.000030
0.000000
0.000000
0.000000
0.000000
0.000000
0.000000
0.000436
0.000000
0.000058
0.000000
0.000000
0.000000
0.000009
0.000000
0.000000
0.000361
0.000000
0.000000
0.000000
0.000000
0.000000
0.000000
0.000000
0.000000
0.000000
0.000000
0.000000
0.000000
0.000000
0.000000
0.000000
0.000000
0.000000
0.000000
0.000000
0.000000
0.000000
0.000408
0.000019
0.000000
0.000000
0.000000
0.000000
0.000042
0.000000
0.000000
0.001184
0.000102
0.000000
0.000000
0.000000
0.000000
0.000029
0.000000
0.000858
0.000000
0.000000
0.000000
0.000000
0.000000
0.000000
0.000000
0.000000
0.000000
0.000000
0.000000
0.000000
0.000068
0.000000
0.000000
0.000019
0.000000
0.000000
0.000000
0.000000
0.000000
0.000000
0.000181
0.000000
0.000000
0.000000
0.000000
0.000000
0.000037
0.000026
0.000134
0.000082
0.000000
0.000000
0.000000
0.000000
0.000000
0.000000
0.000112
0.000000
0.000000
0.000000
0.000000
0.000000
0.000000
0.000000
0.000000
0.000000
0.000000
0.000000
0.000000
0.000000
0.000000
0.000000
0.000000
0.000000
0.000000
0.000000
0.000000
0.000000
0.000000
0.000000
0.000051
0.000000
0.000019
0.000019
0.000000
0.000000
0.000000
0.000000
0.000000
0.000175
0.000000
0.000049
0.000017
0.000000
0.000025
0.000204
0.000000
0.000000
0.000000
0.000000
0.000000
0.000000
0.000000
0.000000
0.000000
0.000000
0.000000
0.000000
0.000000
0.000000
0.000000
0.000000
0.000000
0.000000
0.000000
0.000000
0.000000
0.000000
0.000000
0.000000
0.000824
0.000017
0.000000
0.000208
0.000000
0.000000
0.000000
0.000000
0.000000
0.001711
0.000265
0.000000
0.000000
0.000000
0.001013
0.000000
0.000042
0.000000
0.000000
0.000000
0.000000
0.000000
0.000000
0.000000
0.000000
0.000000
0.000000
0.000000
0.000000
0.000000
0.000000
0.000000
0.000000
0.000000
0.000000
0.000000
0.000000
0.000000
0.000060
0.000013
0.000322
0.000000
0.000000
0.000013
0.000000
0.000000
0.000000
0.000046
0.000019
0.000049
0.000000
0.000000
0.000000
0.000188
0.000000
0.000000
0.000000
0.000000
0.000000
0.000000
0.000000
0.000000
0.000000
0.000000
0.000000
0.000000
0.000000
0.000000
0.000000
0.000000
0.000000
0.000000
0.000000
0.000000
0.000000
0.000000
0.000000
0.000000
0.000000
0.000000
0.000026
0.000000
0.000000
0.000000
0.000000
0.000000
0.000000
0.000000
0.000000
0.000039
0.000000
0.000000
0.000039
0.000000
0.000000
0.000000
0.000000
0.000000
0.000000
0.000000
0.000000
0.000000
0.000000
0.000000
0.000000
0.000000
0.000000
0.000000
0.000000
0.000000
0.000000
0.000000
0.000000
0.000000
0.000018
0.000000
0.000000
0.000015
0.000000
0.000000
0.000013
0.000015
0.000000
0.000035
0.000000
0.000000
0.000000
0.000000
0.000000
0.000046
0.000000
0.000073
0.000000
0.000000
0.000000
0.000000
0.000000
0.000000
0.000000
0.000000
0.000000
0.000000
0.000000
0.000000
0.000000
0.000000
0.000000
0.000000
0.000000
0.000000
0.000000
0.000000
0.000000
0.000000
0.000000
0.000000
0.000000
0.000000
0.000000
0.000000
0.000025
0.000013
0.000000
0.000000
0.000000
0.000013
0.000163
0.000000
0.000019
0.000000
0.000000
0.000000
0.000000
0.000000
0.000000
0.000000
0.000000
0.000000
0.000000
0.000000
0.000000
0.000000
0.000000
0.000000
0.000000
0.000000
0.000000
0.000000
0.000000
0.000000
0.000000
0.000000
0.000000
0.000000
0.000000
0.000000
0.000000
0.000000
0.000000
0.000000
0.000213
0.000600
0.000057
0.000155
0.001224
0.000056
0.000000
0.000033
0.000000
0.480897
0.000000
0.000015
0.000000
0.000000
0.000000
0.000000
0.000000
0.000000
0.000000
0.000000
0.000000
0.000681
0.001616
0.000144
0.001286
0.003608
0.000344
0.000015
0.000106
0.000017
0.000000
0.000000
0.000000
0.000000
0.000000
0.000000
0.000000
0.000000
0.000000
0.000000
0.000000
0.000000
0.000000
0.000028
0.000000
0.000000
0.000000
0.000000
0.000000
0.000015
0.000000
0.000000
0.000000
0.000000
0.000000
0.000000
0.000015
0.000000
0.000000
0.000000
0.000000
0.000000
0.000000
0.000000
0.000000
0.000000
0.000000
0.000000
0.000000
0.000184
0.000342
0.000167
0.000037
0.000283
0.000072
0.000028
0.000040
0.000042
0.000000
0.000000
0.000000
0.000000
0.000041
0.000000
0.000000
0.000000
0.000000
0.000000
0.000000
0.037334
0.000026
0.000141
0.000300
0.000063
0.000141
0.000115
0.000000
0.000096
0.000036
0.000032
0.000000
0.000000
0.000000
0.000000
0.000000
0.000000
0.000000
0.000000
0.000000
0.000000
0.000000
0.000000
0.000000
0.000000
0.000000
0.000000
0.000000
0.000000
0.000000
0.000000
0.000000
0.000000
0.000000
0.000000
0.000000
0.000000
0.000000
0.000000
0.000122
0.029376
0.000000
0.009093
0.000000
0.000000
0.000000
0.002887
0.000000
0.000885
0.000638
0.000000
0.000086
0.000000
0.000000
0.000000
0.000000
0.000000
0.000000
0.000000
0.000000
0.000000
0.000000
0.000000
0.000000
0.000000
0.000000
0.000000
0.000000
0.000000
0.000000
0.000000
0.000000
0.000000
0.000000
0.000000
0.000000
0.000000
0.000000
0.000418
0.000000
0.019311
0.007192
0.000000
0.000000
0.000000
0.000000
0.002218
0.000157
0.000000
0.003119
0.000070
0.000000
0.000000
0.000000
0.000000
0.000000
0.000000
0.000000
0.000000
0.000000
0.000000
0.000000
0.000000
0.000000
0.000000
0.000000
0.000000
0.000000
0.000000
0.000000
0.000000
0.000000
0.000000
0.000000
0.000000
0.000000
0.000000
0.000167
0.007968
0.010023
0.043066
0.000000
0.000000
0.000000
0.000529
0.000613
0.004065
0.000302
0.000297
0.000556
0.000000
0.000000
0.000000
0.000000
0.000035
0.000000
0.000000
0.000000
0.000000
0.000000
0.000000
0.000000
0.000000
0.000000
0.000000
0.000000
0.000000
0.000000
0.000000
0.000000
0.000000
0.000000
0.000000
0.000000
0.000000
0.000000
0.000070
0.000000
0.000000
0.000000
0.029254
0.000000
0.007854
0.003044
0.000000
0.000999
0.000000
0.000000
0.000000
0.000191
0.000000
0.000070
0.000000
0.000000
0.000000
0.000000
0.000000
0.000000
0.000000
0.000000
0.000000
0.000000
0.000000
0.000000
0.000000
0.000000
0.000000
0.000000
0.000000
0.000000
0.000000
0.000000
0.000000
0.000000
0.000000
0.000337
0.000000
0.000000
0.000000
0.000000
0.033795
0.008818
0.000000
0.002523
0.001597
0.000000
0.000000
0.000000
0.000000
0.002020
0.000000
0.000000
0.000054
0.000000
0.000000
0.000000
0.000000
0.000000
0.000000
0.000000
0.000000
0.000000
0.000000
0.000000
0.000000
0.000000
0.000000
0.000000
0.000000
0.000000
0.000000
0.000000
0.000000
0.000000
0.000261
0.000000
0.000000
0.000000
0.008507
0.007639
0.035401
0.001413
0.000515
0.004327
0.000000
0.000000
0.000000
0.000036
0.000622
0.000382
0.000000
0.000000
0.000000
0.000000
0.000000
0.000000
0.000000
0.000000
0.000000
0.000000
0.000000
0.000000
0.000000
0.000000
0.000000
0.000000
0.000000
0.000000
0.000000
0.000000
0.000000
0.000000
0.000000
0.000155
0.003873
0.000000
0.001546
0.001941
0.000000
0.000732
0.007062
0.000000
0.002142
0.000040
0.000000
0.000028
0.000132
0.000000
0.000000
0.000027
0.000000
0.000028
0.000000
0.000000
0.000000
0.000000
0.000000
0.000000
0.000000
0.000000
0.000000
0.000000
0.000000
0.000000
0.000000
0.000000
0.000000
0.000000
0.000000
0.000000
0.000000
0.000000
0.000032
0.000000
0.001602
0.000732
0.000000
0.003121
0.000741
0.000000
0.004556
0.001692
0.000000
0.000000
0.000000
0.000000
0.000048
0.000000
0.000000
0.000013
0.000000
0.000000
0.000000
0.000000
0.000000
0.000000
0.000000
0.000000
0.000000
0.000000
0.000000
0.000000
0.000000
0.000000
0.000000
0.000000
0.000000
0.000000
0.000000
0.000000
0.000000
0.000037
0.001268
0.000705
0.004679
0.000806
0.001344
0.002695
0.002462
0.001931
0.007956
0.000028
0.000027
0.000073
0.000031
0.000035
0.000031
0.000017
0.000075
0.000158
0.000000
0.000000
0.000000
0.000000
0.000000
0.000000
0.000000
0.000000
0.000000
0.000000
0.000000
0.000000
0.000000
0.000000
0.000000
0.000000
0.000000
0.000000
0.001221
0.000000
0.000000
0.000539
0.000000
0.000051
0.000000
0.000000
0.000000
0.000024
0.000000
0.000000
0.001178
0.000000
0.000068
0.000000
0.000000
0.000000
0.000000
0.000000
0.000000
0.000000
0.000000
0.000000
0.000000
0.000000
0.000000
0.000000
0.000000
0.000000
0.000000
0.000000
0.000000
0.000000
0.000051
0.000000
0.000000
0.000000
0.000000
0.003601
0.000000
0.000000
0.000000
0.000675
0.000451
0.000000
0.000000
0.000000
0.000000
0.000061
0.000067
0.000000
0.003989
0.000345
0.000000
0.000000
0.000000
0.000000
0.000053
0.000032
0.000000
0.000000
0.000000
0.000000
0.000000
0.000000
0.000000
0.000000
0.000000
0.000000
0.000000
0.000000
0.000000
0.000000
0.000000
0.000000
0.000000
0.000000
0.000393
0.000000
0.000000
0.000036
0.000000
0.000521
0.000000
0.000000
0.000000
0.000000
0.000000
0.000000
0.000223
0.000198
0.000239
0.000000
0.000000
0.000000
0.000000
0.000000
0.000000
0.000000
0.000000
0.000000
0.000000
0.000000
0.000000
0.000000
0.000000
0.000000
0.000000
0.000000
0.000000
0.000000
0.000026
0.000000
0.000000
0.000000
0.000000
0.000421
0.000000
0.000015
0.000000
0.000000
0.000000
0.000849
0.000000
0.000128
0.000136
0.000000
0.000000
0.000000
0.000000
0.000000
0.001087
0.000000
0.000077
0.000064
0.000000
0.000091
0.000000
0.000000
0.000000
0.000000
0.000000
0.000000
0.000000
0.000000
0.000000
0.000000
0.000000
0.000000
0.000025
0.000028
0.000037
0.000000
0.000000
0.000000
0.003102
0.000028
0.000013
0.000000
0.000000
0.000000
0.000000
0.001692
0.000906
0.000000
0.000000
0.000040
0.000000
0.000000
0.000000
0.000000
0.004257
0.000952
0.000000
0.000053
0.000076
0.000000
0.000000
0.000000
0.000000
0.000000
0.000000
0.000000
0.000000
0.000000
0.000000
0.000000
0.000000
0.000000
0.000000
0.000000
0.000000
0.000000
0.000000
0.000189
0.000000
0.000000
0.000000
0.000000
0.000000
0.000063
0.000000
0.001117
0.000018
0.000000
0.000119
0.000000
0.000000
0.000000
0.000032
0.000289
0.000205
0.000000
0.000000
0.000056
0.000000
0.000000
0.000000
0.000000
0.000000
0.000000
0.000000
0.000000
0.000000
0.000000
0.000000
0.000000
0.000000
0.000000
0.000000
0.000000
0.000000
0.000000
0.000017
0.000000
0.000000
0.000000
0.000000
0.000000
0.000000
0.000000
0.000000
0.000041
0.000000
0.000039
0.000000
0.000000
0.000000
0.000027
0.000000
0.000000
0.000000
0.000000
0.000000
0.000000
0.000000
0.000000
0.000000
0.000000
0.000000
0.000000
0.000000
0.000000
0.000000
0.000000
0.000000
0.000000
0.000000
0.000000
0.000000
0.000000
0.000000
0.000117
0.000000
0.000000
0.000000
0.000028
0.000000
0.000000
0.000054
0.000000
0.000000
0.000058
0.000072
0.000000
0.000012
0.000000
0.000000
0.000048
0.000000
0.000000
0.000132
0.000000
0.000000
0.000000
0.000000
0.000000
0.000000
0.000000
0.000000
0.000000
0.000000
0.000000
0.000000
0.000000
0.000000
0.000000
0.000000
0.000000
0.000000
0.000000
0.000000
0.000000
0.000000
0.000000
0.000000
0.000019
0.000000
0.000000
0.000000
0.000090
0.000000
0.000164
0.000000
0.000000
0.000000
0.000000
0.000158
0.000028
0.000000
0.000000
0.000000
