0.010233
0.014755
0.007321
0.004983
0.014120
0.005860
0.001556
0.001384
0.001056
0.000584
0.001949
0.000246
0.000418
0.002069
0.000178
0.000010
0.000031
0.000006
0.480276
0.000117
0.026615
0.085464
0.058716
0.063169
0.058336
0.065032
0.042811
0.012632
0.008387
0.010726
0.001934
0.007757
0.000928
0.001369
0.007828
0.000762
0.000140
0.000164
0.000078
0.008207
0.000000
0.001330
0.000000
0.000000
0.000000
0.000453
0.000000
0.000046
0.000101
0.000000
0.000016
0.000000
0.000000
0.000000
0.000003
0.000000
0.000000
0.000000
0.000000
0.000076
0.000000
0.000000
0.000000
0.000000
0.000000
0.000000
0.000000
0.000000
0.000000
0.000000
0.000000
0.000000
0.000000
0.000000
0.000000
0.000000
0.000000
0.000000
0.000000
0.012395
0.001418
0.000000
0.000000
0.000000
0.000000
0.000350
0.000042
0.000000
0.000362
0.000013
0.000000
0.000000
0.000000
0.000000
0.000000
0.000000
0.000000
0.000002
0.000189
0.000000
0.000000
0.000000
0.000000
0.000000
0.000000
0.000000
0.000000
0.000000
0.000000
0.000000
0.000000
0.000000
0.000000
0.000000
0.000000
0.000000
0.000000
0.001474
0.001344
0.004017
0.000000
0.000000
0.000000
0.000035
0.000085
0.000188
0.000008
0.000064
0.000070
0.000000
0.000000
0.000000
0.000000
0.000000
0.000000
0.000000
0.000000
0.000054
0.000000
0.000000
0.000000
0.000000
0.000000
0.000000
0.000000
0.000000
0.000000
0.000000
0.000000
0.000000
0.000000
0.000000
0.000000
0.000000
0.000000
0.000000
0.000000
0.000000
0.000000
0.003592
0.000000
0.000904
0.000295
0.000000
0.000041
0.000000
0.000000
0.000000
0.000087
0.000000
0.000002
0.000000
0.000000
0.000000
0.000000
0.000000
0.000059
0.000000
0.000000
0.000000
0.000000
0.000000
0.000000
0.000000
0.000000
0.000000
0.000000
0.000000
0.000000
0.000000
0.000000
0.000000
0.000000
0.000000
0.000000
0.000000
0.000000
0.000000
0.000000
0.011777
0.001176
0.000000
0.000325
0.000067
0.000000
0.000000
0.000000
0.000000
0.000548
0.000016
0.000000
0.000002
0.000000
0.000000
0.000000
0.000088
0.000000
0.000000
0.000000
0.000000
0.000000
0.000000
0.000000
0.000000
0.000000
0.000000
0.000000
0.000000
0.000000
0.000000
0.000000
0.000000
0.000000
0.000000
0.000000
0.000000
0.000000
0.000783
0.001258
0.003379
0.000091
0.000033
0.000139
0.000000
0.000000
0.000000
0.000018
0.000074
0.000048
0.000000
0.000000
0.000000
0.000000
0.000003
0.000024
0.000000
0.000000
0.000000
0.000000
0.000000
0.000000
0.000000
0.000000
0.000000
0.000000
0.000000
0.000000
0.000000
0.000000
0.000000
0.000000
0.000000
0.000000
0.000288
0.000000
0.000100
0.000344
0.000000
0.000079
0.000563
0.000000
0.000144
0.000024
0.000000
0.000000
0.000000
0.000000
0.000000
0.000002
0.000000
0.000000
0.000000
0.000000
0.000004
0.000000
0.000000
0.000000
0.000000
0.000000
0.000000
0.000000
0.000000
0.000000
0.000000
0.000000
0.000000
0.000000
0.000000
0.000000
0.000000
0.000000
0.000000
0.000000
0.000291
0.000076
0.000000
0.000426
0.000014
0.000000
0.000448
0.000099
0.000000
0.000009
0.000000
0.000000
0.000009
0.000000
0.000000
0.000010
0.000000
0.000000
0.000000
0.000005
0.000000
0.000000
0.000000
0.000000
0.000000
0.000000
0.000000
0.000000
0.000000
0.000000
0.000000
0.000000
0.000000
0.000000
0.000000
0.000000
0.000000
0.000000
0.000059
0.000026
0.000208
0.000046
0.000087
0.000196
0.000079
0.000077
0.000260
0.000000
0.000000
0.000007
0.000000
0.000003
0.000000
0.000000
0.000000
0.000003
0.000000
0.000000
0.000008
0.000000
0.000000
0.000000
0.000000
0.000000
0.000000
0.000000
0.000000
0.000000
0.000000
0.000000
0.000000
0.000000
0.000000
0.000000
0.000000
0.000000
0.000000
0.000142
0.000000
0.000023
0.000000
0.000000
0.000000
0.000015
0.000000
0.000000
0.000231
0.000000
0.000016
0.000000
0.000000
0.000000
0.000000
0.000000
0.000000
0.000156
0.000003
0.000000
0.000000
0.000000
0.000000
0.000000
0.000000
0.000000
0.000000
0.000000
0.000000
0.000000
0.000000
0.000000
0.000000
0.000000
0.000000
0.000000
0.000000
0.000000
0.000000
0.000557
0.000053
0.000000
0.000000
0.000000
0.000000
0.000025
0.000000
0.000000
0.000766
0.000042
0.000000
0.000000
0.000000
0.000000
0.000000
0.000000
0.000448
0.000024
0.000021
0.000000
0.000000
0.000000
0.000000
0.000000
0.000000
0.000000
0.000000
0.000000
0.000000
0.000000
0.000000
0.000000
0.000000
0.000000
0.000000
0.000018
0.000000
0.000022
0.000003
0.000076
0.000000
0.000000
0.000000
0.000000
0.000000
0.000003
0.000021
0.000051
0.000034
0.000000
0.000000
0.000000
0.000000
0.000000
0.000000
0.000028
0.000008
0.000000
0.000000
0.000000
0.000000
0.000000
0.000000
0.000000
0.000000
0.000000
0.000000
0.000000
0.000000
0.000000
0.000000
0.000000
0.000000
0.000000
0.000000
0.000000
0.000000
0.000000
0.000000
0.000123
0.000000
0.000015
0.000003
0.000000
0.000000
0.000000
0.000000
0.000000
0.000147
0.000000
0.000017
0.000000
0.000000
0.000000
0.000109
0.000000
0.000004
0.000000
0.000000
0.000000
0.000000
0.000000
0.000000
0.000000
0.000000
0.000000
0.000000
0.000000
0.000000
0.000000
0.000000
0.000000
0.000000
0.000000
0.000000
0.000000
0.000000
0.000000
0.000000
0.000513
0.000018
0.000000
0.000026
0.000006
0.000000
0.000000
0.000000
0.000000
0.000778
0.000063
0.000000
0.000008
0.000002
0.000627
0.000000
0.000000
0.000000
0.000000
0.000000
0.000000
0.000000
0.000000
0.000000
0.000000
0.000000
0.000000
0.000014
0.000000
0.000000
0.000002
0.000000
0.000000
0.000000
0.000000
0.000000
0.000000
0.000000
0.000033
0.000000
0.000062
0.000000
0.000000
0.000005
0.000000
0.000000
0.000000
0.000016
0.000023
0.000012
0.000000
0.000000
0.000000
0.000026
0.000000
0.000000
0.000000
0.000000
0.000000
0.000000
0.000000
0.000000
0.000000
0.000000
0.000000
0.000000
0.000000
0.000000
0.000000
0.000002
0.000000
0.000000
0.000000
0.000000
0.000000
0.000000
0.000000
0.000000
0.000000
0.000000
0.000003
0.000000
0.000000
0.000002
0.000000
0.000000
0.000002
0.000000
0.000000
0.000002
0.000000
0.000000
0.000002
0.000000
0.000000
0.000000
0.000000
0.000000
0.000000
0.000000
0.000000
0.000000
0.000000
0.000000
0.000000
0.000000
0.000000
0.000000
0.000000
0.000000
0.000000
0.000000
0.000000
0.000000
0.000004
0.000000
0.000000
0.000000
0.000000
0.000000
0.000004
0.000006
0.000000
0.000002
0.000000
0.000000
0.000007
0.000000
0.000000
0.000004
0.000002
0.000004
0.000000
0.000000
0.000000
0.000000
0.000000
0.000000
0.000000
0.000000
0.000000
0.000000
0.000000
0.000000
0.000000
0.000000
0.000000
0.000000
0.000000
0.000000
0.000000
0.000000
0.000000
0.000000
0.000002
0.000000
0.000000
0.000000
0.000000
0.000000
0.000002
0.000000
0.000000
0.000003
0.000000
0.000000
0.000000
0.000000
0.000000
0.000000
0.000000
0.000000
0.000000
0.000000
0.000000
0.000000
0.000000
0.000000
0.000000
0.000000
0.000000
0.000000
0.000000
0.000000
0.000000
0.000000
0.000000
0.000000
0.000000
0.000000
0.000000
0.000000
0.000000
0.000000
0.000000
0.000000
0.000000
0.000000
0.000000
0.000000
0.000195
0.000675
0.000046
0.000149
0.000587
0.000017
0.000003
0.000007
0.000000
0.472067
0.000000
0.000002
0.000000
0.000000
0.000000
0.000000
0.000000
0.000000
0.000000
0.000000
0.000000
0.000585
0.001900
0.000157
0.000555
0.002200
0.000093
0.000029
0.000014
0.000002
0.000004
0.000021
0.000000
0.000000
0.000002
0.000000
0.000000
0.000003
0.000000
0.000000
0.000000
0.000000
0.000000
0.000015
0.000003
0.000000
0.000000
0.000000
0.000000
0.000029
0.000000
0.000000
0.000012
0.000000
0.000003
0.000002
0.000000
0.000000
0.000003
0.000000
0.000000
0.000004
0.000012
0.000000
0.000000
0.000000
0.000000
0.000004
0.000000
0.000048
0.000098
0.000040
0.000063
0.000076
0.000017
0.000024
0.000012
0.000011
0.000000
0.000000
0.000000
0.000000
0.000000
0.000000
0.000000
0.000000
0.000000
0.000012
0.000000
0.025675
0.000124
0.000048
0.000103
0.000116
0.000063
0.000079
0.000026
0.000012
0.000025
0.000000
0.000003
0.000000
0.000000
0.000000
0.000000
0.000000
0.000000
0.000000
0.000000
0.000000
0.000000
0.000000
0.000000
0.000000
0.000000
0.000000
0.000000
0.000000
0.000000
0.000000
0.000000
0.000000
0.000000
0.000000
0.000000
0.000000
0.000000
0.000000
0.000076
0.066928
0.000000
0.014750
0.000000
0.000000
0.000000
0.002811
0.000000
0.000644
0.000427
0.000000
0.000040
0.000000
0.000000
0.000000
0.000022
0.000000
0.000009
0.000000
0.000000
0.000000
0.000000
0.000000
0.000000
0.000000
0.000000
0.000000
0.000000
0.000000
0.000000
0.000000
0.000000
0.000000
0.000000
0.000000
0.000000
0.000000
0.000021
0.000060
0.000000
0.042792
0.011032
0.000000
0.000000
0.000000
0.000000
0.002091
0.000461
0.000000
0.002384
0.000034
0.000000
0.000000
0.000000
0.000000
0.000008
0.000000
0.000000
0.000000
0.000000
0.000000
0.000000
0.000000
0.000000
0.000000
0.000000
0.000000
0.000000
0.000000
0.000000
0.000000
0.000000
0.000000
0.000000
0.000000
0.000000
0.000000
0.000068
0.013716
0.012830
0.033390
0.000000
0.000000
0.000000
0.000589
0.000500
0.001568
0.000085
0.000317
0.000273
0.000000
0.000000
0.000000
0.000000
0.000003
0.000017
0.000000
0.000000
0.000000
0.000000
0.000000
0.000000
0.000000
0.000000
0.000000
0.000000
0.000000
0.000000
0.000000
0.000000
0.000000
0.000000
0.000000
0.000000
0.000000
0.000000
0.000044
0.000000
0.000000
0.000000
0.046156
0.000000
0.008469
0.002931
0.000000
0.000570
0.000000
0.000000
0.000000
0.000217
0.000000
0.000064
0.000003
0.000000
0.000000
0.000000
0.000000
0.000000
0.000000
0.000000
0.000000
0.000000
0.000000
0.000000
0.000000
0.000000
0.000000
0.000000
0.000000
0.000000
0.000000
0.000000
0.000000
0.000000
0.000005
0.000137
0.000000
0.000000
0.000000
0.000000
0.051750
0.008551
0.000000
0.001902
0.000797
0.000000
0.000000
0.000000
0.000000
0.001999
0.000011
0.000000
0.000000
0.000004
0.000000
0.000000
0.000000
0.000000
0.000000
0.000000
0.000000
0.000000
0.000000
0.000000
0.000000
0.000000
0.000000
0.000000
0.000000
0.000000
0.000000
0.000000
0.000000
0.000000
0.000027
0.000000
0.000000
0.000000
0.008671
0.007793
0.022821
0.000588
0.000418
0.002012
0.000000
0.000000
0.000000
0.000045
0.000277
0.000251
0.000000
0.000000
0.000000
0.000000
0.000000
0.000000
0.000000
0.000000
0.000000
0.000000
0.000000
0.000000
0.000000
0.000000
0.000000
0.000000
0.000000
0.000000
0.000000
0.000000
0.000000
0.000000
0.000000
0.000010
0.003377
0.000000
0.000645
0.002407
0.000000
0.000679
0.004506
0.000000
0.000953
0.000035
0.000000
0.000004
0.000019
0.000000
0.000000
0.000035
0.000000
0.000002
0.000000
0.000000
0.000000
0.000000
0.000000
0.000000
0.000000
0.000000
0.000000
0.000000
0.000000
0.000000
0.000000
0.000000
0.000000
0.000000
0.000000
0.000000
0.000000
0.000000
0.000011
0.000000
0.001580
0.000651
0.000000
0.002275
0.000283
0.000000
0.002495
0.000938
0.000000
0.000003
0.000000
0.000000
0.000123
0.000000
0.000000
0.000051
0.000000
0.000000
0.000000
0.000000
0.000000
0.000000
0.000000
0.000000
0.000000
0.000000
0.000000
0.000000
0.000000
0.000000
0.000000
0.000000
0.000000
0.000000
0.000000
0.000000
0.000000
0.000010
0.001058
0.000400
0.001919
0.000582
0.000681
0.001332
0.001153
0.000819
0.002697
0.000002
0.000032
0.000004
0.000004
0.000019
0.000023
0.000004
0.000008
0.000009
0.000000
0.000000
0.000000
0.000000
0.000000
0.000000
0.000000
0.000000
0.000000
0.000000
0.000000
0.000000
0.000000
0.000000
0.000000
0.000000
0.000000
0.000000
0.000613
0.000000
0.000000
0.000391
0.000000
0.000112
0.000000
0.000000
0.000000
0.000019
0.000000
0.000000
0.000705
0.000000
0.000077
0.000011
0.000000
0.000000
0.000011
0.000000
0.000000
0.000000
0.000000
0.000000
0.000000
0.000000
0.000000
0.000000
0.000000
0.000000
0.000000
0.000016
0.000000
0.000000
0.000000
0.000000
0.000000
0.000000
0.000000
0.002904
0.000000
0.000000
0.000000
0.001197
0.000368
0.000000
0.000000
0.000000
0.000000
0.000053
0.000018
0.000013
0.002904
0.000259
0.000000
0.000000
0.000000
0.000000
0.000016
0.000003
0.000000
0.000000
0.000000
0.000000
0.000000
0.000000
0.000000
0.000000
0.000000
0.000000
0.000000
0.000000
0.000000
0.000000
0.000000
0.000000
0.000000
0.000000
0.000091
0.000004
0.000000
0.000097
0.000021
0.000374
0.000000
0.000000
0.000000
0.000000
0.000000
0.000000
0.000061
0.000207
0.000071
0.000000
0.000000
0.000000
0.000000
0.000000
0.000000
0.000000
0.000000
0.000000
0.000000
0.000000
0.000000
0.000000
0.000000
0.000000
0.000000
0.000000
0.000000
0.000000
0.000000
0.000000
0.000000
0.000000
0.000000
0.000362
0.000000
0.000000
0.000000
0.000000
0.000000
0.000434
0.000000
0.000042
0.000032
0.000000
0.000005
0.000000
0.000000
0.000000
0.000441
0.000000
0.000056
0.000000
0.000000
0.000000
0.000000
0.000000
0.000000
0.000000
0.000000
0.000000
0.000000
0.000000
0.000000
0.000000
0.000007
0.000000
0.000000
0.000031
0.000000
0.000000
0.000000
0.000000
0.002596
0.000015
0.000007
0.000000
0.000000
0.000000
0.000000
0.001535
0.000423
0.000000
0.000030
0.000032
0.000000
0.000000
0.000000
0.000000
0.002960
0.000168
0.000000
0.000020
0.000017
0.000000
0.000000
0.000000
0.000000
0.000000
0.000000
0.000000
0.000000
0.000000
0.000000
0.000000
0.000000
0.000000
0.000000
0.000000
0.000000
0.000000
0.000000
0.000115
0.000003
0.000000
0.000000
0.000000
0.000000
0.000084
0.000018
0.000200
0.000000
0.000002
0.000012
0.000000
0.000000
0.000000
0.000045
0.000193
0.000093
0.000000
0.000000
0.000000
0.000000
0.000000
0.000000
0.000000
0.000000
0.000000
0.000000
0.000000
0.000000
0.000000
0.000000
0.000000
0.000000
0.000000
0.000000
0.000000
0.000000
0.000000
0.000027
0.000000
0.000000
0.000014
0.000000
0.000000
0.000004
0.000000
0.000000
0.000016
0.000000
0.000002
0.000022
0.000000
0.000000
0.000015
0.000000
0.000000
0.000036
0.000000
0.000004
0.000000
0.000000
0.000000
0.000000
0.000000
0.000000
0.000000
0.000000
0.000000
0.000000
0.000000
0.000000
0.000000
0.000000
0.000000
0.000000
0.000000
0.000000
0.000012
0.000000
0.000000
0.000000
0.000003
0.000006
0.000000
0.000003
0.000026
0.000000
0.000029
0.000000
0.000000
0.000003
0.000000
0.000000
0.000055
0.000000
0.000000
0.000022
0.000006
0.000000
0.000000
0.000000
0.000000
0.000000
0.000000
0.000000
0.000000
0.000000
0.000000
0.000000
0.000000
0.000000
0.000000
0.000000
0.000000
0.000000
0.000000
0.000006
0.000000
0.000000
0.000000
0.000000
0.000008
0.000000
0.000000
0.000003
0.000000
0.000000
0.000023
0.000004
0.000006
0.000000
0.000017
0.000003
0.000006
0.000000
0.000000
0.000004
