0.006957
0.013751
0.007938
0.006227
0.016296
0.008340
0.002092
0.002992
0.003401
0.000641
0.002655
0.000537
0.000512
0.003518
0.000569
0.000028
0.000230
0.000090
0.513214
0.000062
0.031626
0.042611
0.033583
0.070365
0.041585
0.045809
0.058334
0.017834
0.012284
0.024269
0.002838
0.009693
0.001726
0.003018
0.011254
0.002168
0.000131
0.000464
0.000357
0.004714
0.000000
0.001493
0.000000
0.000000
0.000000
0.000349
0.000000
0.000227
0.000107
0.000000
0.000059
0.000000
0.000000
0.000000
0.000000
0.000000
0.000000
0.000000
0.000000
0.000020
0.000000
0.000000
0.000000
0.000000
0.000000
0.000000
0.000000
0.000000
0.000000
0.000000
0.000000
0.000000
0.000000
0.000000
0.000000
0.000000
0.000000
0.000000
0.000000
0.011037
0.001298
0.000000
0.000000
0.000000
0.000000
0.000570
0.000145
0.000000
0.000700
0.000000
0.000000
0.000000
0.000000
0.000000
0.000030
0.000000
0.000000
0.000000
0.000000
0.000000
0.000000
0.000000
0.000000
0.000000
0.000000
0.000000
0.000000
0.000000
0.000000
0.000000
0.000000
0.000000
0.000000
0.000000
0.000000
0.000000
0.000000
0.001475
0.001415
0.004014
0.000000
0.000000
0.000000
0.000068
0.000050
0.000572
0.000031
0.000048
0.000177
0.000000
0.000000
0.000000
0.000000
0.000000
0.000000
0.000000
0.000000
0.000107
0.000000
0.000000
0.000000
0.000000
0.000000
0.000000
0.000000
0.000000
0.000000
0.000000
0.000000
0.000000
0.000000
0.000000
0.000000
0.000000
0.000000
0.000000
0.000000
0.000000
0.000000
0.004245
0.000000
0.001363
0.000354
0.000000
0.000069
0.000000
0.000000
0.000000
0.000108
0.000000
0.000026
0.000000
0.000000
0.000000
0.000000
0.000000
0.000038
0.000000
0.000000
0.000000
0.000000
0.000000
0.000000
0.000000
0.000000
0.000000
0.000000
0.000000
0.000000
0.000000
0.000000
0.000000
0.000000
0.000000
0.000000
0.000000
0.000000
0.000000
0.000000
0.012813
0.001184
0.000000
0.000902
0.000178
0.000000
0.000000
0.000000
0.000000
0.000798
0.000020
0.000000
0.000000
0.000000
0.000000
0.000016
0.000222
0.000000
0.000000
0.000000
0.000000
0.000000
0.000000
0.000000
0.000000
0.000000
0.000000
0.000000
0.000000
0.000000
0.000000
0.000000
0.000000
0.000000
0.000000
0.000000
0.000000
0.000000
0.001200
0.001756
0.004648
0.000103
0.000096
0.000342
0.000000
0.000000
0.000000
0.000000
0.000062
0.000049
0.000000
0.000000
0.000034
0.000000
0.000000
0.000068
0.000000
0.000000
0.000000
0.000000
0.000000
0.000000
0.000000
0.000000
0.000000
0.000000
0.000000
0.000000
0.000000
0.000000
0.000000
0.000000
0.000000
0.000000
0.000329
0.000000
0.000140
0.000499
0.000000
0.000095
0.000797
0.000000
0.000215
0.000000
0.000000
0.000000
0.000019
0.000000
0.000000
0.000000
0.000000
0.000000
0.000000
0.000000
0.000000
0.000000
0.000000
0.000000
0.000000
0.000000
0.000000
0.000000
0.000000
0.000000
0.000000
0.000000
0.000000
0.000000
0.000000
0.000000
0.000000
0.000000
0.000000
0.000000
0.000535
0.000078
0.000000
0.000681
0.000048
0.000000
0.001005
0.000525
0.000000
0.000026
0.000000
0.000000
0.000068
0.000000
0.000000
0.000037
0.000000
0.000000
0.000000
0.000000
0.000000
0.000000
0.000000
0.000000
0.000000
0.000000
0.000000
0.000000
0.000000
0.000000
0.000000
0.000000
0.000000
0.000000
0.000000
0.000000
0.000000
0.000000
0.000251
0.000088
0.000560
0.000154
0.000109
0.000576
0.000347
0.000213
0.001037
0.000000
0.000000
0.000000
0.000000
0.000015
0.000000
0.000000
0.000028
0.000030
0.000000
0.000000
0.000000
0.000000
0.000000
0.000000
0.000000
0.000000
0.000000
0.000000
0.000000
0.000000
0.000000
0.000000
0.000000
0.000000
0.000000
0.000000
0.000000
0.000000
0.000000
0.000123
0.000000
0.000032
0.000000
0.000000
0.000000
0.000000
0.000000
0.000000
0.000260
0.000000
0.000049
0.000000
0.000000
0.000000
0.000010
0.000000
0.000000
0.000167
0.000000
0.000000
0.000000
0.000000
0.000000
0.000000
0.000000
0.000000
0.000000
0.000000
0.000000
0.000000
0.000000
0.000000
0.000000
0.000000
0.000000
0.000000
0.000000
0.000000
0.000000
0.000366
0.000020
0.000000
0.000000
0.000000
0.000000
0.000045
0.000000
0.000000
0.001129
0.000118
0.000000
0.000000
0.000000
0.000000
0.000031
0.000000
0.000906
0.000000
0.000000
0.000000
0.000000
0.000000
0.000000
0.000000
0.000000
0.000000
0.000000
0.000000
0.000000
0.000028
0.000000
0.000000
0.000020
0.000000
0.000000
0.000000
0.000000
0.000000
0.000000
0.000189
0.000000
0.000000
0.000000
0.000000
0.000000
0.000039
0.000014
0.000143
0.000074
0.000000
0.000000
0.000000
0.000000
0.000000
0.000000
0.000078
0.000000
0.000000
0.000000
0.000000
0.000000
0.000000
0.000000
0.000000
0.000000
0.000000
0.000000
0.000000
0.000000
0.000000
0.000000
0.000000
0.000000
0.000000
0.000000
0.000000
0.000000
0.000000
0.000000
0.000041
0.000000
0.000020
0.000020
0.000000
0.000000
0.000000
0.000000
0.000000
0.000160
0.000000
0.000053
0.000018
0.000000
0.000026
0.000176
0.000000
0.000000
0.000000
0.000000
0.000000
0.000000
0.000000
0.000000
0.000000
0.000000
0.000000
0.000000
0.000000
0.000000
0.000000
0.000000
0.000000
0.000000
0.000000
0.000000
0.000000
0.000000
0.000000
0.000000
0.000687
0.000018
0.000000
0.000078
0.000000
0.000000
0.000000
0.000000
0.000000
0.001468
0.000269
0.000000
0.000000
0.000000
0.001006
0.000000
0.000000
0.000000
0.000000
0.000000
0.000000
0.000000
0.000000
0.000000
0.000000
0.000000
0.000000
0.000000
0.000000
0.000000
0.000000
0.000000
0.000000
0.000000
0.000000
0.000000
0.000000
0.000000
0.000064
0.000000
0.000329
0.000000
0.000000
0.000014
0.000000
0.000000
0.000000
0.000049
0.000020
0.000039
0.000000
0.000000
0.000000
0.000056
0.000000
0.000000
0.000000
0.000000
0.000000
0.000000
0.000000
0.000000
0.000000
0.000000
0.000000
0.000000
0.000000
0.000000
0.000000
0.000000
0.000000
0.000000
0.000000
0.000000
0.000000
0.000000
0.000000
0.000000
0.000000
0.000000
0.000028
0.000000
0.000000
0.000000
0.000000
0.000000
0.000000
0.000000
0.000000
0.000000
0.000000
0.000000
0.000000
0.000000
0.000000
0.000000
0.000000
0.000000
0.000000
0.000000
0.000000
0.000000
0.000000
0.000000
0.000000
0.000000
0.000000
0.000000
0.000000
0.000000
0.000000
0.000000
0.000000
0.000000
0.000019
0.000000
0.000000
0.000016
0.000000
0.000000
0.000014
0.000016
0.000000
0.000037
0.000000
0.000000
0.000000
0.000000
0.000000
0.000049
0.000000
0.000078
0.000000
0.000000
0.000000
0.000000
0.000000
0.000000
0.000000
0.000000
0.000000
0.000000
0.000000
0.000000
0.000000
0.000000
0.000000
0.000000
0.000000
0.000000
0.000000
0.000000
0.000000
0.000000
0.000000
0.000000
0.000000
0.000000
0.000000
0.000000
0.000026
0.000014
0.000000
0.000000
0.000000
0.000000
0.000030
0.000000
0.000020
0.000000
0.000000
0.000000
0.000000
0.000000
0.000000
0.000000
0.000000
0.000000
0.000000
0.000000
0.000000
0.000000
0.000000
0.000000
0.000000
0.000000
0.000000
0.000000
0.000000
0.000000
0.000000
0.000000
0.000000
0.000000
0.000000
0.000000
0.000000
0.000000
0.000000
0.000000
0.000214
0.000579
0.000061
0.000152
0.000938
0.000046
0.000000
0.000035
0.000000
0.501952
0.000000
0.000016
0.000000
0.000000
0.000000
0.000000
0.000000
0.000000
0.000000
0.000000
0.000000
0.000707
0.001619
0.000159
0.001365
0.003608
0.000376
0.000016
0.000113
0.000018
0.000000
0.000000
0.000000
0.000000
0.000000
0.000000
0.000000
0.000000
0.000000
0.000000
0.000000
0.000000
0.000000
0.000030
0.000000
0.000000
0.000000
0.000000
0.000000
0.000016
0.000000
0.000000
0.000000
0.000000
0.000000
0.000000
0.000016
0.000000
0.000000
0.000000
0.000000
0.000000
0.000000
0.000000
0.000000
0.000000
0.000000
0.000000
0.000000
0.000078
0.000345
0.000133
0.000039
0.000274
0.000076
0.000030
0.000030
0.000000
0.000000
0.000000
0.000000
0.000000
0.000043
0.000000
0.000000
0.000000
0.000000
0.000000
0.000000
0.029820
0.000000
0.000150
0.000246
0.000039
0.000122
0.000122
0.000000
0.000074
0.000038
0.000034
0.000000
0.000000
0.000000
0.000000
0.000000
0.000000
0.000000
0.000000
0.000000
0.000000
0.000000
0.000000
0.000000
0.000000
0.000000
0.000000
0.000000
0.000000
0.000000
0.000000
0.000000
0.000000
0.000000
0.000000
0.000000
0.000000
0.000000
0.000000
0.000101
0.028759
0.000000
0.009611
0.000000
0.000000
0.000000
0.002973
0.000000
0.000784
0.000472
0.000000
0.000092
0.000000
0.000000
0.000000
0.000000
0.000000
0.000000
0.000000
0.000000
0.000000
0.000000
0.000000
0.000000
0.000000
0.000000
0.000000
0.000000
0.000000
0.000000
0.000000
0.000000
0.000000
0.000000
0.000000
0.000000
0.000000
0.000000
0.000361
0.000000
0.019975
0.007481
0.000000
0.000000
0.000000
0.000000
0.002264
0.000185
0.000000
0.003350
0.000075
0.000000
0.000000
0.000000
0.000000
0.000000
0.000000
0.000000
0.000000
0.000000
0.000000
0.000000
0.000000
0.000000
0.000000
0.000000
0.000000
0.000000
0.000000
0.000000
0.000000
0.000000
0.000000
0.000000
0.000000
0.000000
0.000000
0.000187
0.008370
0.010574
0.045083
0.000000
0.000000
0.000000
0.000538
0.000604
0.004044
0.000277
0.000288
0.000611
0.000000
0.000000
0.000000
0.000000
0.000037
0.000000
0.000000
0.000000
0.000000
0.000000
0.000000
0.000000
0.000000
0.000000
0.000000
0.000000
0.000000
0.000000
0.000000
0.000000
0.000000
0.000000
0.000000
0.000000
0.000000
0.000000
0.000047
0.000000
0.000000
0.000000
0.029654
0.000000
0.007692
0.003111
0.000000
0.001019
0.000000
0.000000
0.000000
0.000175
0.000000
0.000047
0.000000
0.000000
0.000000
0.000000
0.000000
0.000000
0.000000
0.000000
0.000000
0.000000
0.000000
0.000000
0.000000
0.000000
0.000000
0.000000
0.000000
0.000000
0.000000
0.000000
0.000000
0.000000
0.000000
0.000286
0.000000
0.000000
0.000000
0.000000
0.031256
0.008283
0.000000
0.002421
0.001507
0.000000
0.000000
0.000000
0.000000
0.002147
0.000000
0.000000
0.000013
0.000000
0.000000
0.000000
0.000000
0.000000
0.000000
0.000000
0.000000
0.000000
0.000000
0.000000
0.000000
0.000000
0.000000
0.000000
0.000000
0.000000
0.000000
0.000000
0.000000
0.000000
0.000205
0.000000
0.000000
0.000000
0.008319
0.007314
0.035217
0.001383
0.000549
0.004402
0.000000
0.000000
0.000000
0.000038
0.000672
0.000380
0.000000
0.000000
0.000000
0.000000
0.000000
0.000000
0.000000
0.000000
0.000000
0.000000
0.000000
0.000000
0.000000
0.000000
0.000000
0.000000
0.000000
0.000000
0.000000
0.000000
0.000000
0.000000
0.000000
0.000165
0.003849
0.000000
0.001525
0.001922
0.000000
0.000766
0.007177
0.000000
0.002237
0.000043
0.000000
0.000030
0.000150
0.000000
0.000000
0.000029
0.000000
0.000030
0.000000
0.000000
0.000000
0.000000
0.000000
0.000000
0.000000
0.000000
0.000000
0.000000
0.000000
0.000000
0.000000
0.000000
0.000000
0.000000
0.000000
0.000000
0.000000
0.000000
0.000034
0.000000
0.001594
0.000738
0.000000
0.002975
0.000749
0.000000
0.004356
0.001762
0.000000
0.000009
0.000000
0.000000
0.000051
0.000009
0.000000
0.000014
0.000000
0.000000
0.000000
0.000000
0.000000
0.000000
0.000000
0.000000
0.000000
0.000000
0.000000
0.000000
0.000000
0.000000
0.000000
0.000000
0.000000
0.000000
0.000000
0.000000
0.000000
0.000039
0.001229
0.000706
0.004887
0.000839
0.001342
0.002713
0.002412
0.001971
0.007856
0.000030
0.000029
0.000078
0.000032
0.000037
0.000032
0.000018
0.000080
0.000037
0.000000
0.000000
0.000000
0.000000
0.000000
0.000000
0.000000
0.000000
0.000000
0.000000
0.000000
0.000000
0.000000
0.000000
0.000000
0.000000
0.000000
0.000000
0.001092
0.000000
0.000000
0.000546
0.000000
0.000055
0.000000
0.000000
0.000000
0.000025
0.000000
0.000000
0.001046
0.000000
0.000081
0.000000
0.000000
0.000000
0.000000
0.000000
0.000000
0.000000
0.000000
0.000000
0.000000
0.000000
0.000000
0.000000
0.000000
0.000000
0.000000
0.000000
0.000000
0.000000
0.000054
0.000000
0.000000
0.000000
0.000000
0.003863
0.000000
0.000000
0.000000
0.000653
0.000462
0.000000
0.000000
0.000000
0.000000
0.000029
0.000072
0.000000
0.004170
0.000341
0.000000
0.000000
0.000000
0.000000
0.000056
0.000034
0.000000
0.000000
0.000000
0.000000
0.000000
0.000000
0.000000
0.000000
0.000000
0.000000
0.000000
0.000000
0.000000
0.000000
0.000000
0.000000
0.000000
0.000000
0.000418
0.000000
0.000000
0.000039
0.000009
0.000533
0.000000
0.000000
0.000000
0.000000
0.000000
0.000000
0.000237
0.000229
0.000264
0.000000
0.000000
0.000000
0.000000
0.000000
0.000000
0.000000
0.000000
0.000000
0.000000
0.000000
0.000000
0.000000
0.000000
0.000000
0.000000
0.000000
0.000000
0.000000
0.000000
0.000000
0.000000
0.000000
0.000000
0.000444
0.000000
0.000016
0.000000
0.000000
0.000000
0.000904
0.000000
0.000123
0.000145
0.000000
0.000000
0.000000
0.000000
0.000000
0.001139
0.000000
0.000091
0.000068
0.000000
0.000097
0.000000
0.000000
0.000000
0.000000
0.000000
0.000000
0.000000
0.000000
0.000000
0.000000
0.000000
0.000000
0.000026
0.000030
0.000039
0.000000
0.000000
0.000000
0.003164
0.000030
0.000000
0.000000
0.000000
0.000000
0.000000
0.001531
0.000984
0.000000
0.000000
0.000042
0.000000
0.000000
0.000000
0.000000
0.004305
0.001001
0.000000
0.000056
0.000081
0.000000
0.000000
0.000000
0.000000
0.000000
0.000000
0.000000
0.000000
0.000000
0.000000
0.000000
0.000000
0.000000
0.000000
0.000000
0.000000
0.000000
0.000000
0.000183
0.000000
0.000000
0.000000
0.000000
0.000000
0.000067
0.000000
0.001195
0.000019
0.000000
0.000127
0.000000
0.000000
0.000000
0.000020
0.000295
0.000209
0.000000
0.000000
0.000060
0.000000
0.000000
0.000000
0.000000
0.000000
0.000000
0.000000
0.000000
0.000000
0.000000
0.000000
0.000000
0.000000
0.000000
0.000000
0.000000
0.000000
0.000000
0.000018
0.000000
0.000000
0.000000
0.000000
0.000000
0.000000
0.000000
0.000000
0.000043
0.000000
0.000041
0.000000
0.000000
0.000000
0.000029
0.000000
0.000000
0.000000
0.000000
0.000000
0.000000
0.000000
0.000000
0.000000
0.000000
0.000000
0.000000
0.000000
0.000000
0.000000
0.000000
0.000000
0.000000
0.000000
0.000000
0.000000
0.000000
0.000000
0.000080
0.000000
0.000000
0.000000
0.000030
0.000000
0.000000
0.000058
0.000000
0.000000
0.000062
0.000076
0.000000
0.000013
0.000000
0.000000
0.000051
0.000000
0.000000
0.000096
0.000000
0.000000
0.000000
0.000000
0.000000
0.000000
0.000000
0.000000
0.000000
0.000000
0.000000
0.000000
0.000000
0.000000
0.000000
0.000000
0.000000
0.000000
0.000000
0.000000
0.000000
0.000000
0.000000
0.000000
0.000020
0.000000
0.000000
0.000000
0.000096
0.000000
0.000175
0.000000
0.000000
0.000000
0.000000
0.000037
0.000030
0.000000
0.000000
0.000000
