0.010699
0.015078
0.007656
0.005196
0.014784
0.006023
0.001636
0.001471
0.001179
0.000594
0.002033
0.000246
0.000439
0.002146
0.000185
0.000012
0.000042
0.000008
0.475010
0.000116
0.027948
0.086078
0.058795
0.063521
0.058119
0.064966
0.042883
0.012724
0.008538
0.010795
0.001940
0.007620
0.000945
0.001392
0.007932
0.000852
0.000146
0.000171
0.000085
0.008561
0.000000
0.001409
0.000000
0.000000
0.000000
0.000474
0.000000
0.000056
0.000102
0.000000
0.000016
0.000000
0.000000
0.000000
0.000003
0.000000
0.000000
0.000000
0.000000
0.000075
0.000000
0.000000
0.000000
0.000000
0.000000
0.000000
0.000000
0.000000
0.000000
0.000000
0.000000
0.000000
0.000000
0.000000
0.000000
0.000000
0.000000
0.000000
0.000000
0.012633
0.001449
0.000000
0.000000
0.000000
0.000000
0.000363
0.000044
0.000000
0.000388
0.000015
0.000000
0.000000
0.000000
0.000000
0.000002
0.000000
0.000000
0.000002
0.000201
0.000000
0.000000
0.000000
0.000000
0.000000
0.000000
0.000000
0.000000
0.000000
0.000000
0.000000
0.000000
0.000000
0.000000
0.000000
0.000000
0.000000
0.000000
0.001539
0.001384
0.004227
0.000000
0.000000
0.000000
0.000046
0.000087
0.000196
0.000008
0.000064
0.000069
0.000000
0.000000
0.000000
0.000000
0.000000
0.000000
0.000000
0.000000
0.000054
0.000000
0.000000
0.000000
0.000000
0.000000
0.000000
0.000000
0.000000
0.000000
0.000000
0.000000
0.000000
0.000000
0.000000
0.000000
0.000000
0.000000
0.000000
0.000000
0.000000
0.000000
0.003741
0.000000
0.000948
0.000309
0.000000
0.000044
0.000000
0.000000
0.000000
0.000087
0.000000
0.000004
0.000000
0.000000
0.000000
0.000000
0.000000
0.000060
0.000000
0.000000
0.000000
0.000000
0.000000
0.000000
0.000000
0.000000
0.000000
0.000000
0.000000
0.000000
0.000000
0.000000
0.000000
0.000000
0.000000
0.000000
0.000000
0.000000
0.000000
0.000000
0.012317
0.001216
0.000000
0.000359
0.000088
0.000000
0.000000
0.000000
0.000000
0.000576
0.000016
0.000000
0.000002
0.000000
0.000000
0.000000
0.000091
0.000000
0.000000
0.000000
0.000000
0.000000
0.000000
0.000000
0.000000
0.000000
0.000000
0.000000
0.000000
0.000000
0.000000
0.000000
0.000000
0.000000
0.000000
0.000000
0.000000
0.000000
0.000817
0.001318
0.003423
0.000090
0.000034
0.000162
0.000000
0.000000
0.000000
0.000021
0.000073
0.000048
0.000000
0.000000
0.000000
0.000000
0.000003
0.000023
0.000000
0.000000
0.000000
0.000000
0.000000
0.000000
0.000000
0.000000
0.000000
0.000000
0.000000
0.000000
0.000000
0.000000
0.000000
0.000000
0.000000
0.000000
0.000301
0.000000
0.000100
0.000365
0.000000
0.000085
0.000594
0.000000
0.000153
0.000024
0.000000
0.000000
0.000000
0.000000
0.000000
0.000004
0.000000
0.000000
0.000000
0.000000
0.000004
0.000000
0.000000
0.000000
0.000000
0.000000
0.000000
0.000000
0.000000
0.000000
0.000000
0.000000
0.000000
0.000000
0.000000
0.000000
0.000000
0.000000
0.000000
0.000000
0.000312
0.000077
0.000000
0.000448
0.000014
0.000000
0.000482
0.000099
0.000000
0.000010
0.000000
0.000000
0.000009
0.000000
0.000000
0.000020
0.000000
0.000000
0.000000
0.000005
0.000000
0.000000
0.000000
0.000000
0.000000
0.000000
0.000000
0.000000
0.000000
0.000000
0.000000
0.000000
0.000000
0.000000
0.000000
0.000000
0.000000
0.000000
0.000089
0.000037
0.000212
0.000045
0.000091
0.000213
0.000083
0.000080
0.000310
0.000000
0.000000
0.000007
0.000000
0.000003
0.000000
0.000000
0.000000
0.000004
0.000000
0.000000
0.000008
0.000000
0.000000
0.000000
0.000000
0.000000
0.000000
0.000000
0.000000
0.000000
0.000000
0.000000
0.000000
0.000000
0.000000
0.000000
0.000000
0.000000
0.000000
0.000145
0.000000
0.000023
0.000000
0.000000
0.000000
0.000015
0.000000
0.000000
0.000235
0.000000
0.000016
0.000000
0.000000
0.000000
0.000000
0.000000
0.000000
0.000159
0.000003
0.000000
0.000000
0.000000
0.000000
0.000000
0.000000
0.000000
0.000000
0.000000
0.000000
0.000000
0.000000
0.000000
0.000000
0.000000
0.000000
0.000000
0.000000
0.000000
0.000000
0.000572
0.000052
0.000000
0.000000
0.000000
0.000000
0.000025
0.000000
0.000000
0.000800
0.000041
0.000000
0.000000
0.000000
0.000000
0.000000
0.000000
0.000485
0.000024
0.000021
0.000000
0.000000
0.000000
0.000000
0.000000
0.000000
0.000000
0.000000
0.000000
0.000000
0.000000
0.000000
0.000000
0.000000
0.000000
0.000000
0.000018
0.000000
0.000022
0.000003
0.000075
0.000000
0.000000
0.000000
0.000000
0.000000
0.000003
0.000023
0.000051
0.000034
0.000000
0.000000
0.000000
0.000000
0.000000
0.000000
0.000028
0.000008
0.000000
0.000000
0.000000
0.000000
0.000000
0.000000
0.000000
0.000000
0.000000
0.000000
0.000000
0.000000
0.000000
0.000000
0.000000
0.000000
0.000000
0.000000
0.000000
0.000000
0.000000
0.000000
0.000132
0.000000
0.000016
0.000003
0.000000
0.000000
0.000000
0.000000
0.000000
0.000151
0.000000
0.000021
0.000000
0.000000
0.000000
0.000112
0.000000
0.000004
0.000000
0.000000
0.000000
0.000000
0.000000
0.000000
0.000000
0.000000
0.000000
0.000000
0.000000
0.000000
0.000000
0.000000
0.000000
0.000000
0.000000
0.000000
0.000000
0.000000
0.000000
0.000000
0.000529
0.000022
0.000000
0.000026
0.000006
0.000000
0.000000
0.000000
0.000000
0.000805
0.000064
0.000000
0.000008
0.000002
0.000657
0.000000
0.000000
0.000000
0.000000
0.000000
0.000000
0.000000
0.000000
0.000000
0.000000
0.000000
0.000000
0.000014
0.000000
0.000000
0.000002
0.000000
0.000000
0.000000
0.000000
0.000000
0.000000
0.000000
0.000034
0.000000
0.000066
0.000000
0.000000
0.000005
0.000000
0.000000
0.000000
0.000016
0.000024
0.000012
0.000000
0.000000
0.000000
0.000025
0.000000
0.000000
0.000000
0.000000
0.000000
0.000000
0.000000
0.000000
0.000000
0.000000
0.000000
0.000000
0.000000
0.000000
0.000000
0.000002
0.000000
0.000000
0.000000
0.000000
0.000000
0.000000
0.000000
0.000000
0.000000
0.000000
0.000003
0.000000
0.000000
0.000002
0.000000
0.000000
0.000002
0.000000
0.000000
0.000002
0.000000
0.000000
0.000003
0.000000
0.000000
0.000000
0.000000
0.000000
0.000000
0.000000
0.000000
0.000000
0.000000
0.000000
0.000000
0.000000
0.000000
0.000000
0.000000
0.000000
0.000000
0.000000
0.000000
0.000000
0.000004
0.000000
0.000000
0.000000
0.000000
0.000000
0.000004
0.000006
0.000000
0.000012
0.000000
0.000000
0.000008
0.000000
0.000000
0.000004
0.000002
0.000004
0.000000
0.000000
0.000000
0.000000
0.000000
0.000000
0.000000
0.000000
0.000000
0.000000
0.000000
0.000000
0.000000
0.000000
0.000000
0.000000
0.000000
0.000000
0.000000
0.000000
0.000000
0.000000
0.000002
0.000000
0.000000
0.000000
0.000000
0.000000
0.000002
0.000002
0.000000
0.000003
0.000000
0.000000
0.000000
0.000000
0.000000
0.000000
0.000000
0.000000
0.000000
0.000000
0.000000
0.000000
0.000000
0.000000
0.000000
0.000000
0.000000
0.000000
0.000000
0.000000
0.000000
0.000000
0.000000
0.000000
0.000000
0.000000
0.000000
0.000000
0.000000
0.000000
0.000000
0.000000
0.000000
0.000000
0.000000
0.000000
0.000198
0.000689
0.000046
0.000163
0.000608
0.000018
0.000003
0.000007
0.000000
0.466691
0.000000
0.000002
0.000000
0.000000
0.000000
0.000000
0.000000
0.000000
0.000000
0.000000
0.000000
0.000599
0.001872
0.000166
0.000558
0.002208
0.000131
0.000029
0.000014
0.000002
0.000004
0.000021
0.000000
0.000000
0.000002
0.000000
0.000000
0.000003
0.000000
0.000000
0.000000
0.000000
0.000000
0.000015
0.000003
0.000000
0.000000
0.000000
0.000000
0.000029
0.000000
0.000000
0.000012
0.000000
0.000003
0.000002
0.000000
0.000000
0.000003
0.000000
0.000000
0.000004
0.000012
0.000000
0.000000
0.000000
0.000000
0.000004
0.000000
0.000049
0.000097
0.000040
0.000063
0.000095
0.000019
0.000024
0.000012
0.000011
0.000000
0.000000
0.000000
0.000000
0.000000
0.000000
0.000000
0.000000
0.000000
0.000019
0.000000
0.026975
0.000124
0.000047
0.000102
0.000117
0.000066
0.000082
0.000026
0.000012
0.000025
0.000000
0.000003
0.000000
0.000000
0.000004
0.000000
0.000000
0.000000
0.000000
0.000000
0.000000
0.000000
0.000000
0.000000
0.000000
0.000000
0.000000
0.000000
0.000000
0.000000
0.000000
0.000000
0.000000
0.000000
0.000000
0.000000
0.000000
0.000000
0.000000
0.000083
0.067413
0.000000
0.014850
0.000000
0.000000
0.000000
0.002844
0.000000
0.000652
0.000417
0.000000
0.000031
0.000000
0.000000
0.000000
0.000022
0.000000
0.000009
0.000000
0.000000
0.000000
0.000000
0.000000
0.000000
0.000000
0.000000
0.000000
0.000000
0.000000
0.000000
0.000000
0.000000
0.000000
0.000000
0.000000
0.000000
0.000000
0.000021
0.000062
0.000000
0.042870
0.011048
0.000000
0.000000
0.000000
0.000000
0.002136
0.000427
0.000000
0.002357
0.000033
0.000000
0.000000
0.000000
0.000000
0.000008
0.000000
0.000000
0.000000
0.000000
0.000000
0.000000
0.000000
0.000000
0.000000
0.000000
0.000000
0.000000
0.000000
0.000000
0.000000
0.000000
0.000000
0.000000
0.000000
0.000000
0.000000
0.000073
0.013794
0.012850
0.033587
0.000000
0.000000
0.000000
0.000622
0.000505
0.001597
0.000082
0.000305
0.000269
0.000000
0.000000
0.000000
0.000004
0.000003
0.000017
0.000000
0.000000
0.000000
0.000000
0.000000
0.000000
0.000000
0.000000
0.000000
0.000000
0.000000
0.000000
0.000000
0.000000
0.000000
0.000000
0.000000
0.000000
0.000000
0.000000
0.000044
0.000000
0.000000
0.000000
0.045982
0.000000
0.008468
0.002881
0.000000
0.000575
0.000000
0.000000
0.000000
0.000219
0.000000
0.000065
0.000003
0.000000
0.000000
0.000000
0.000000
0.000000
0.000000
0.000000
0.000000
0.000000
0.000000
0.000000
0.000000
0.000000
0.000000
0.000000
0.000000
0.000000
0.000000
0.000000
0.000000
0.000000
0.000004
0.000139
0.000000
0.000000
0.000000
0.000000
0.051617
0.008507
0.000000
0.001928
0.000819
0.000000
0.000000
0.000000
0.000000
0.002034
0.000037
0.000000
0.000000
0.000004
0.000000
0.000000
0.000000
0.000000
0.000000
0.000000
0.000000
0.000000
0.000000
0.000000
0.000000
0.000000
0.000000
0.000000
0.000000
0.000000
0.000000
0.000000
0.000000
0.000000
0.000028
0.000000
0.000000
0.000000
0.008622
0.007804
0.022924
0.000580
0.000422
0.002029
0.000000
0.000000
0.000000
0.000045
0.000272
0.000249
0.000000
0.000000
0.000000
0.000000
0.000000
0.000000
0.000000
0.000000
0.000000
0.000000
0.000000
0.000000
0.000000
0.000000
0.000000
0.000000
0.000000
0.000000
0.000000
0.000000
0.000000
0.000000
0.000000
0.000010
0.003367
0.000000
0.000665
0.002440
0.000000
0.000704
0.004553
0.000000
0.000931
0.000035
0.000000
0.000004
0.000019
0.000000
0.000000
0.000035
0.000000
0.000002
0.000000
0.000000
0.000000
0.000000
0.000000
0.000000
0.000000
0.000000
0.000000
0.000000
0.000000
0.000000
0.000000
0.000000
0.000000
0.000000
0.000000
0.000000
0.000000
0.000000
0.000011
0.000000
0.001585
0.000647
0.000000
0.002340
0.000263
0.000000
0.002551
0.000968
0.000000
0.000003
0.000000
0.000000
0.000141
0.000000
0.000000
0.000050
0.000000
0.000000
0.000000
0.000000
0.000000
0.000000
0.000000
0.000000
0.000000
0.000000
0.000000
0.000000
0.000000
0.000000
0.000000
0.000000
0.000000
0.000000
0.000000
0.000000
0.000000
0.000010
0.001101
0.000387
0.001942
0.000536
0.000681
0.001320
0.001191
0.000842
0.002707
0.000002
0.000032
0.000004
0.000004
0.000019
0.000023
0.000004
0.000008
0.000013
0.000000
0.000000
0.000000
0.000000
0.000000
0.000000
0.000000
0.000000
0.000000
0.000000
0.000000
0.000000
0.000000
0.000000
0.000000
0.000000
0.000000
0.000000
0.000601
0.000000
0.000000
0.000401
0.000000
0.000107
0.000000
0.000000
0.000000
0.000019
0.000000
0.000000
0.000704
0.000000
0.000090
0.000011
0.000000
0.000000
0.000011
0.000000
0.000000
0.000000
0.000000
0.000000
0.000000
0.000000
0.000000
0.000000
0.000000
0.000000
0.000000
0.000016
0.000000
0.000000
0.000000
0.000000
0.000000
0.000000
0.000000
0.002852
0.000000
0.000000
0.000000
0.001183
0.000363
0.000000
0.000000
0.000000
0.000000
0.000045
0.000018
0.000013
0.002845
0.000257
0.000000
0.000000
0.000000
0.000000
0.000020
0.000003
0.000000
0.000000
0.000000
0.000000
0.000000
0.000000
0.000000
0.000000
0.000000
0.000000
0.000000
0.000000
0.000000
0.000000
0.000000
0.000000
0.000000
0.000000
0.000090
0.000004
0.000000
0.000107
0.000021
0.000385
0.000000
0.000000
0.000000
0.000000
0.000000
0.000000
0.000062
0.000193
0.000081
0.000000
0.000000
0.000000
0.000000
0.000000
0.000000
0.000000
0.000000
0.000000
0.000000
0.000000
0.000000
0.000000
0.000000
0.000000
0.000000
0.000000
0.000000
0.000000
0.000000
0.000000
0.000000
0.000000
0.000000
0.000368
0.000000
0.000000
0.000000
0.000000
0.000000
0.000448
0.000000
0.000031
0.000032
0.000000
0.000005
0.000000
0.000000
0.000000
0.000455
0.000000
0.000055
0.000000
0.000000
0.000000
0.000000
0.000000
0.000000
0.000000
0.000000
0.000000
0.000000
0.000000
0.000000
0.000000
0.000007
0.000000
0.000000
0.000031
0.000000
0.000000
0.000000
0.000000
0.002651
0.000015
0.000011
0.000000
0.000000
0.000000
0.000000
0.001540
0.000418
0.000000
0.000030
0.000031
0.000000
0.000000
0.000000
0.000000
0.002998
0.000174
0.000000
0.000024
0.000017
0.000000
0.000000
0.000000
0.000000
0.000000
0.000000
0.000000
0.000000
0.000000
0.000000
0.000000
0.000000
0.000000
0.000000
0.000000
0.000000
0.000000
0.000000
0.000137
0.000003
0.000000
0.000000
0.000000
0.000000
0.000087
0.000018
0.000238
0.000000
0.000002
0.000012
0.000000
0.000000
0.000000
0.000045
0.000195
0.000115
0.000000
0.000000
0.000004
0.000000
0.000000
0.000000
0.000000
0.000000
0.000000
0.000000
0.000000
0.000000
0.000000
0.000000
0.000000
0.000000
0.000000
0.000000
0.000000
0.000000
0.000000
0.000027
0.000000
0.000000
0.000014
0.000000
0.000000
0.000004
0.000000
0.000000
0.000016
0.000000
0.000002
0.000026
0.000000
0.000000
0.000019
0.000000
0.000000
0.000036
0.000000
0.000004
0.000000
0.000000
0.000000
0.000000
0.000000
0.000000
0.000000
0.000000
0.000000
0.000000
0.000000
0.000000
0.000000
0.000000
0.000000
0.000000
0.000000
0.000000
0.000012
0.000000
0.000000
0.000000
0.000007
0.000006
0.000000
0.000007
0.000026
0.000000
0.000029
0.000000
0.000000
0.000003
0.000000
0.000000
0.000054
0.000000
0.000000
0.000021
0.000006
0.000000
0.000000
0.000000
0.000000
0.000000
0.000000
0.000000
0.000000
0.000000
0.000000
0.000000
0.000000
0.000000
0.000000
0.000000
0.000000
0.000000
0.000000
0.000006
0.000000
0.000000
0.000000
0.000000
0.000007
0.000000
0.000000
0.000003
0.000000
0.000000
0.000026
0.000004
0.000006
0.000000
0.000017
0.000003
0.000006
0.000004
0.000000
0.000004
