0.004566
0.009218
0.015443
0.002920
0.010588
0.010844
0.003220
0.003953
0.011616
0.001695
0.004628
0.001720
0.000800
0.006658
0.001958
0.000277
0.000842
0.001365
0.474178
0.000666
0.043081
0.020647
0.011698
0.076734
0.020043
0.025177
0.070159
0.016431
0.013513
0.070723
0.004860
0.015572
0.007308
0.004449
0.017697
0.009084
0.001012
0.001219
0.003436
0.001810
0.000000
0.001272
0.000000
0.000000
0.000000
0.000590
0.000000
0.000325
0.000417
0.000000
0.000133
0.000000
0.000000
0.000000
0.000000
0.000000
0.000000
0.000000
0.000000
0.000037
0.000000
0.000000
0.000000
0.000000
0.000000
0.000000
0.000000
0.000000
0.000000
0.000000
0.000000
0.000000
0.000000
0.000000
0.000000
0.000000
0.000000
0.000000
0.000000
0.006367
0.000770
0.000000
0.000000
0.000000
0.000000
0.000473
0.000498
0.000000
0.001139
0.000000
0.000000
0.000000
0.000000
0.000000
0.000000
0.000000
0.000000
0.000000
0.000000
0.000000
0.000000
0.000000
0.000000
0.000000
0.000000
0.000000
0.000000
0.000000
0.000000
0.000000
0.000000
0.000000
0.000000
0.000000
0.000000
0.000000
0.000000
0.001652
0.001673
0.009381
0.000000
0.000000
0.000000
0.000336
0.000418
0.001043
0.000053
0.000191
0.000518
0.000000
0.000000
0.000000
0.000000
0.000000
0.000025
0.000000
0.000000
0.000255
0.000000
0.000000
0.000000
0.000000
0.000000
0.000000
0.000000
0.000000
0.000000
0.000000
0.000000
0.000000
0.000000
0.000000
0.000000
0.000000
0.000000
0.000000
0.000000
0.000000
0.000000
0.001237
0.000000
0.001285
0.000238
0.000000
0.000090
0.000000
0.000000
0.000000
0.000048
0.000000
0.000035
0.000000
0.000000
0.000000
0.000000
0.000000
0.000000
0.000000
0.000000
0.000000
0.000000
0.000000
0.000000
0.000000
0.000000
0.000000
0.000000
0.000000
0.000000
0.000000
0.000000
0.000000
0.000000
0.000000
0.000000
0.000000
0.000000
0.000000
0.000000
0.007000
0.001022
0.000000
0.000307
0.000679
0.000000
0.000000
0.000000
0.000000
0.001113
0.000018
0.000000
0.000000
0.000000
0.000000
0.000030
0.000466
0.000000
0.000000
0.000000
0.000000
0.000000
0.000000
0.000000
0.000000
0.000000
0.000000
0.000000
0.000000
0.000000
0.000000
0.000000
0.000000
0.000000
0.000000
0.000000
0.000000
0.000000
0.000583
0.001480
0.006260
0.000239
0.000323
0.001224
0.000000
0.000000
0.000000
0.000113
0.000141
0.000224
0.000000
0.000000
0.000035
0.000000
0.000000
0.000216
0.000000
0.000000
0.000000
0.000000
0.000000
0.000000
0.000000
0.000000
0.000000
0.000000
0.000000
0.000000
0.000000
0.000000
0.000000
0.000000
0.000000
0.000000
0.000513
0.000000
0.000221
0.000251
0.000000
0.000063
0.001093
0.000000
0.000647
0.000000
0.000000
0.000000
0.000089
0.000000
0.000000
0.000112
0.000000
0.000244
0.000000
0.000000
0.000000
0.000000
0.000000
0.000000
0.000000
0.000000
0.000000
0.000000
0.000000
0.000000
0.000000
0.000000
0.000000
0.000000
0.000000
0.000000
0.000000
0.000000
0.000000
0.000000
0.000227
0.000458
0.000000
0.000708
0.000251
0.000000
0.000875
0.000910
0.000000
0.000000
0.000000
0.000000
0.000089
0.000000
0.000000
0.000118
0.000000
0.000000
0.000000
0.000026
0.000000
0.000000
0.000000
0.000000
0.000000
0.000000
0.000000
0.000000
0.000000
0.000000
0.000000
0.000000
0.000000
0.000000
0.000000
0.000000
0.000000
0.000000
0.000315
0.000197
0.002067
0.000480
0.000253
0.001343
0.000552
0.000692
0.004973
0.000000
0.000000
0.000131
0.000000
0.000080
0.000037
0.000000
0.000179
0.000304
0.000000
0.000000
0.000063
0.000000
0.000000
0.000000
0.000000
0.000000
0.000000
0.000000
0.000000
0.000000
0.000000
0.000000
0.000000
0.000000
0.000000
0.000000
0.000000
0.000000
0.000000
0.000158
0.000000
0.000068
0.000000
0.000000
0.000000
0.000000
0.000000
0.000000
0.000635
0.000000
0.000139
0.000000
0.000000
0.000000
0.000018
0.000000
0.000000
0.000602
0.000000
0.000000
0.000000
0.000000
0.000000
0.000000
0.000000
0.000000
0.000000
0.000000
0.000000
0.000000
0.000083
0.000000
0.000000
0.000000
0.000000
0.000000
0.000000
0.000000
0.000000
0.000416
0.000232
0.000000
0.000000
0.000000
0.000000
0.000065
0.000035
0.000000
0.001878
0.000151
0.000000
0.000000
0.000000
0.000000
0.000109
0.000000
0.001609
0.000135
0.000000
0.000000
0.000000
0.000000
0.000000
0.000000
0.000000
0.000000
0.000000
0.000000
0.000000
0.000026
0.000000
0.000000
0.000000
0.000000
0.000000
0.000000
0.000000
0.000000
0.000000
0.000361
0.000000
0.000000
0.000000
0.000000
0.000030
0.000072
0.000132
0.000336
0.000373
0.000000
0.000000
0.000000
0.000000
0.000000
0.000105
0.000276
0.000037
0.000000
0.000000
0.000000
0.000000
0.000000
0.000000
0.000000
0.000000
0.000000
0.000000
0.000000
0.000000
0.000000
0.000000
0.000000
0.000000
0.000000
0.000000
0.000000
0.000000
0.000000
0.000000
0.000025
0.000000
0.000000
0.000048
0.000000
0.000000
0.000000
0.000000
0.000000
0.000248
0.000000
0.000134
0.000070
0.000000
0.000000
0.000275
0.000000
0.000000
0.000000
0.000000
0.000000
0.000000
0.000000
0.000000
0.000000
0.000000
0.000000
0.000000
0.000000
0.000000
0.000000
0.000000
0.000000
0.000000
0.000000
0.000000
0.000000
0.000000
0.000000
0.000000
0.001023
0.000169
0.000000
0.000170
0.000137
0.000000
0.000000
0.000000
0.000000
0.002663
0.000142
0.000000
0.000159
0.000270
0.001817
0.000000
0.000000
0.000000
0.000000
0.000000
0.000000
0.000000
0.000000
0.000000
0.000000
0.000000
0.000000
0.000000
0.000000
0.000000
0.000060
0.000000
0.000000
0.000000
0.000000
0.000000
0.000000
0.000000
0.000358
0.000000
0.000300
0.000000
0.000000
0.000051
0.000000
0.000000
0.000000
0.000025
0.000177
0.000572
0.000000
0.000000
0.000056
0.000190
0.000000
0.000000
0.000000
0.000000
0.000000
0.000000
0.000000
0.000000
0.000000
0.000000
0.000000
0.000000
0.000000
0.000000
0.000000
0.000244
0.000000
0.000000
0.000000
0.000000
0.000000
0.000000
0.000000
0.000000
0.000000
0.000000
0.000037
0.000000
0.000051
0.000000
0.000000
0.000000
0.000000
0.000000
0.000000
0.000077
0.000000
0.000000
0.000112
0.000000
0.000000
0.000000
0.000000
0.000000
0.000000
0.000000
0.000000
0.000000
0.000000
0.000000
0.000000
0.000000
0.000000
0.000000
0.000000
0.000000
0.000000
0.000000
0.000000
0.000000
0.000035
0.000000
0.000000
0.000056
0.000000
0.000000
0.000132
0.000172
0.000000
0.000081
0.000000
0.000000
0.000162
0.000000
0.000000
0.000116
0.000000
0.000090
0.000000
0.000000
0.000000
0.000000
0.000000
0.000000
0.000000
0.000000
0.000000
0.000000
0.000000
0.000000
0.000000
0.000000
0.000000
0.000000
0.000000
0.000000
0.000000
0.000000
0.000000
0.000000
0.000000
0.000000
0.000000
0.000048
0.000100
0.000035
0.000364
0.000083
0.000000
0.000000
0.000000
0.000052
0.000269
0.000000
0.000035
0.000191
0.000195
0.000000
0.000000
0.000000
0.000000
0.000000
0.000000
0.000000
0.000000
0.000000
0.000000
0.000000
0.000000
0.000000
0.000000
0.000000
0.000000
0.000000
0.000000
0.000000
0.000000
0.000000
0.000000
0.000000
0.000000
0.000000
0.000000
0.000000
0.000000
0.000000
0.000384
0.000947
0.000279
0.000229
0.001690
0.000167
0.000000
0.000127
0.000075
0.453078
0.000000
0.000143
0.000000
0.000000
0.000000
0.000000
0.000000
0.000000
0.000000
0.000000
0.000000
0.001235
0.002637
0.000675
0.001851
0.005513
0.001742
0.000080
0.000293
0.000397
0.000000
0.000000
0.000000
0.000000
0.000000
0.000000
0.000000
0.000055
0.000073
0.000000
0.000000
0.000000
0.000048
0.000169
0.000000
0.000000
0.000000
0.000037
0.000000
0.000085
0.000000
0.000000
0.000000
0.000000
0.000000
0.000000
0.000030
0.000000
0.000000
0.000000
0.000000
0.000000
0.000052
0.000000
0.000037
0.000000
0.000000
0.000000
0.000083
0.000135
0.000376
0.000713
0.000000
0.000088
0.000151
0.000000
0.000411
0.000323
0.000000
0.000024
0.000000
0.000000
0.000110
0.000052
0.000000
0.000000
0.000000
0.000063
0.000000
0.038944
0.000000
0.000244
0.000245
0.000145
0.000178
0.000215
0.000052
0.000082
0.000578
0.000000
0.000035
0.000000
0.000000
0.000037
0.000000
0.000000
0.000000
0.000000
0.000000
0.000000
0.000000
0.000000
0.000000
0.000000
0.000000
0.000000
0.000000
0.000000
0.000000
0.000000
0.000000
0.000000
0.000000
0.000000
0.000000
0.000000
0.000000
0.000000
0.000089
0.011811
0.000000
0.004425
0.000000
0.000000
0.000000
0.002145
0.000000
0.001705
0.000385
0.000000
0.000187
0.000000
0.000000
0.000000
0.000000
0.000000
0.000068
0.000000
0.000000
0.000000
0.000000
0.000000
0.000000
0.000000
0.000000
0.000000
0.000000
0.000000
0.000000
0.000000
0.000000
0.000000
0.000000
0.000000
0.000000
0.000000
0.000000
0.000197
0.000000
0.005156
0.002323
0.000000
0.000000
0.000000
0.000000
0.001572
0.000287
0.000000
0.002112
0.000083
0.000000
0.000000
0.000000
0.000000
0.000026
0.000000
0.000000
0.000000
0.000000
0.000000
0.000000
0.000000
0.000000
0.000000
0.000000
0.000000
0.000000
0.000000
0.000000
0.000000
0.000000
0.000000
0.000000
0.000000
0.000000
0.000000
0.000676
0.005251
0.004215
0.050799
0.000000
0.000000
0.000000
0.000526
0.001359
0.008250
0.000198
0.002695
0.003082
0.000000
0.000000
0.000000
0.000000
0.000000
0.000136
0.000000
0.000000
0.000000
0.000000
0.000000
0.000000
0.000000
0.000000
0.000000
0.000000
0.000000
0.000000
0.000000
0.000000
0.000000
0.000000
0.000000
0.000000
0.000000
0.000000
0.000086
0.000000
0.000000
0.000000
0.010719
0.000000
0.005205
0.002800
0.000000
0.001029
0.000000
0.000000
0.000000
0.000112
0.000000
0.000243
0.000000
0.000000
0.000000
0.000000
0.000000
0.000000
0.000000
0.000000
0.000000
0.000000
0.000000
0.000000
0.000000
0.000000
0.000000
0.000000
0.000000
0.000000
0.000000
0.000000
0.000000
0.000000
0.000055
0.000141
0.000000
0.000000
0.000000
0.000000
0.013774
0.006383
0.000000
0.001139
0.001613
0.000000
0.000000
0.000000
0.000000
0.002129
0.000025
0.000000
0.000023
0.000037
0.000000
0.000000
0.000000
0.000000
0.000000
0.000000
0.000000
0.000000
0.000000
0.000000
0.000000
0.000000
0.000000
0.000000
0.000000
0.000000
0.000000
0.000000
0.000000
0.000000
0.000745
0.000000
0.000000
0.000000
0.006491
0.005162
0.041704
0.000887
0.000976
0.012103
0.000000
0.000000
0.000000
0.000103
0.000563
0.001661
0.000000
0.000000
0.000000
0.000000
0.000000
0.000000
0.000000
0.000000
0.000000
0.000000
0.000000
0.000000
0.000000
0.000000
0.000000
0.000000
0.000000
0.000000
0.000000
0.000000
0.000000
0.000000
0.000000
0.000104
0.001053
0.000000
0.002748
0.000926
0.000000
0.000624
0.006038
0.000000
0.004277
0.000184
0.000000
0.000000
0.000054
0.000000
0.000026
0.000394
0.000000
0.000167
0.000000
0.000000
0.000000
0.000000
0.000000
0.000000
0.000000
0.000000
0.000000
0.000000
0.000000
0.000000
0.000000
0.000000
0.000000
0.000000
0.000000
0.000000
0.000000
0.000000
0.000055
0.000000
0.001107
0.000573
0.000000
0.002316
0.000817
0.000000
0.004968
0.003115
0.000000
0.000316
0.000000
0.000000
0.000113
0.000037
0.000000
0.000168
0.000017
0.000000
0.000000
0.000000
0.000000
0.000000
0.000000
0.000000
0.000000
0.000000
0.000000
0.000000
0.000000
0.000000
0.000000
0.000000
0.000000
0.000000
0.000000
0.000000
0.000055
0.000671
0.002039
0.000512
0.013499
0.000464
0.001922
0.007735
0.003954
0.003035
0.034503
0.000244
0.000000
0.000370
0.000026
0.000768
0.000361
0.000123
0.000084
0.000984
0.000000
0.000000
0.000000
0.000000
0.000000
0.000000
0.000000
0.000000
0.000000
0.000000
0.000000
0.000000
0.000000
0.000000
0.000000
0.000000
0.000000
0.000000
0.001992
0.000000
0.000000
0.000547
0.000000
0.000275
0.000000
0.000000
0.000000
0.000000
0.000000
0.000121
0.001516
0.000145
0.000246
0.000000
0.000000
0.000000
0.000046
0.000000
0.000000
0.000000
0.000000
0.000000
0.000000
0.000000
0.000000
0.000000
0.000000
0.000000
0.000000
0.000035
0.000000
0.000000
0.000000
0.000000
0.000000
0.000000
0.000000
0.006591
0.000063
0.000000
0.000000
0.000505
0.000436
0.000000
0.000000
0.000000
0.000000
0.000035
0.000073
0.000000
0.005645
0.001510
0.000488
0.000000
0.000000
0.000000
0.000137
0.000195
0.000000
0.000000
0.000000
0.000000
0.000000
0.000000
0.000000
0.000000
0.000000
0.000000
0.000026
0.000000
0.000000
0.000000
0.000323
0.000000
0.000000
0.000030
0.000749
0.000037
0.000000
0.000033
0.000017
0.001679
0.000000
0.000000
0.000000
0.000000
0.000000
0.000753
0.000831
0.001924
0.000947
0.000000
0.000000
0.000000
0.000000
0.000000
0.000000
0.000000
0.000000
0.000000
0.000000
0.000000
0.000000
0.000000
0.000000
0.000000
0.000000
0.000000
0.000000
0.000000
0.000000
0.000000
0.000000
0.000000
0.000000
0.000731
0.000000
0.000030
0.000000
0.000000
0.000000
0.001347
0.000000
0.000300
0.000000
0.000000
0.000000
0.000000
0.000000
0.000000
0.001266
0.000000
0.000343
0.000244
0.000000
0.000222
0.000000
0.000000
0.000000
0.000000
0.000000
0.000000
0.000000
0.000000
0.000000
0.000000
0.000000
0.000000
0.000000
0.000244
0.000000
0.000000
0.000000
0.000000
0.005596
0.000048
0.000080
0.000000
0.000000
0.000000
0.000000
0.001515
0.001079
0.000000
0.000042
0.000190
0.000000
0.000000
0.000000
0.000000
0.005782
0.002814
0.000000
0.000024
0.000400
0.000000
0.000000
0.000000
0.000000
0.000000
0.000000
0.000000
0.000000
0.000000
0.000000
0.000000
0.000000
0.000000
0.000000
0.000000
0.000000
0.000000
0.000000
0.000660
0.000073
0.000080
0.000000
0.000000
0.000000
0.000103
0.000000
0.003970
0.000078
0.000000
0.000416
0.000000
0.000000
0.000000
0.000071
0.001754
0.001557
0.000000
0.000000
0.000377
0.000000
0.000000
0.000000
0.000000
0.000000
0.000000
0.000000
0.000000
0.000000
0.000000
0.000000
0.000000
0.000000
0.000000
0.000000
0.000000
0.000000
0.000000
0.000053
0.000052
0.000244
0.000080
0.000000
0.000000
0.000000
0.000000
0.000000
0.000000
0.000000
0.000046
0.000161
0.000000
0.000000
0.000304
0.000000
0.000000
0.000080
0.000000
0.000000
0.000000
0.000000
0.000000
0.000000
0.000000
0.000000
0.000000
0.000000
0.000000
0.000000
0.000000
0.000000
0.000000
0.000000
0.000000
0.000000
0.000000
0.000000
0.000280
0.000000
0.000000
0.000000
0.000000
0.000081
0.000000
0.000000
0.000054
0.000000
0.000024
0.000189
0.000000
0.000042
0.000000
0.000000
0.000127
0.000000
0.000000
0.000320
0.000105
0.000000
0.000000
0.000000
0.000000
0.000000
0.000000
0.000000
0.000000
0.000000
0.000000
0.000000
0.000000
0.000000
0.000000
0.000000
0.000000
0.000000
0.000000
0.000101
0.000000
0.000000
0.000000
0.000000
0.000241
0.000000
0.000000
0.000052
0.000115
0.000000
0.001370
0.000135
0.000053
0.000196
0.000060
0.000459
0.000204
0.000053
0.000148
0.000261
