0.001228
0.006560
0.011902
0.001829
0.005086
0.005323
0.001943
0.001850
0.004880
0.000952
0.003738
0.001235
0.000728
0.003307
0.002319
0.000385
0.000204
0.000305
0.559330
0.000542
0.032908
0.027000
0.018558
0.071520
0.023800
0.016343
0.055255
0.021764
0.008316
0.051030
0.003807
0.016112
0.007656
0.007847
0.011098
0.007970
0.001056
0.001404
0.002911
0.000547
0.000000
0.000346
0.000000
0.000000
0.000000
0.000173
0.000000
0.000000
0.000039
0.000000
0.000000
0.000000
0.000000
0.000000
0.000000
0.000000
0.000000
0.000000
0.000000
0.000062
0.000000
0.000000
0.000000
0.000000
0.000000
0.000000
0.000000
0.000000
0.000000
0.000000
0.000000
0.000000
0.000000
0.000000
0.000000
0.000000
0.000000
0.000000
0.000000
0.004407
0.000940
0.000000
0.000000
0.000000
0.000000
0.000000
0.000534
0.000000
0.000502
0.000105
0.000000
0.000000
0.000000
0.000000
0.000000
0.000000
0.000000
0.000000
0.000128
0.000000
0.000000
0.000000
0.000000
0.000000
0.000000
0.000000
0.000000
0.000000
0.000000
0.000000
0.000000
0.000000
0.000000
0.000000
0.000000
0.000000
0.000000
0.000164
0.001053
0.007841
0.000000
0.000000
0.000000
0.000039
0.000066
0.001572
0.000075
0.000353
0.000224
0.000000
0.000000
0.000000
0.000000
0.000000
0.000036
0.000000
0.000000
0.000066
0.000000
0.000000
0.000000
0.000000
0.000000
0.000000
0.000000
0.000000
0.000000
0.000000
0.000000
0.000000
0.000000
0.000000
0.000000
0.000000
0.000000
0.000000
0.000000
0.000000
0.000000
0.000914
0.000000
0.000349
0.000305
0.000000
0.000102
0.000000
0.000000
0.000000
0.000161
0.000000
0.000000
0.000000
0.000000
0.000000
0.000000
0.000000
0.000000
0.000000
0.000000
0.000000
0.000000
0.000000
0.000000
0.000000
0.000000
0.000000
0.000000
0.000000
0.000000
0.000000
0.000000
0.000000
0.000000
0.000000
0.000000
0.000000
0.000000
0.000000
0.000000
0.003065
0.000990
0.000000
0.000079
0.000000
0.000000
0.000000
0.000000
0.000000
0.000981
0.000000
0.000000
0.000000
0.000000
0.000000
0.000000
0.000000
0.000000
0.000000
0.000000
0.000000
0.000000
0.000000
0.000000
0.000000
0.000000
0.000000
0.000000
0.000000
0.000000
0.000000
0.000000
0.000000
0.000000
0.000000
0.000000
0.000000
0.000000
0.000280
0.001096
0.002491
0.000075
0.000494
0.000151
0.000000
0.000000
0.000000
0.000036
0.000076
0.000616
0.000000
0.000000
0.000036
0.000000
0.000000
0.000000
0.000000
0.000000
0.000000
0.000000
0.000000
0.000000
0.000000
0.000000
0.000000
0.000000
0.000000
0.000000
0.000000
0.000000
0.000000
0.000000
0.000000
0.000000
0.000302
0.000000
0.000218
0.000358
0.000000
0.000046
0.000770
0.000000
0.000105
0.000072
0.000000
0.000000
0.000000
0.000000
0.000000
0.000075
0.000000
0.000000
0.000000
0.000000
0.000000
0.000000
0.000000
0.000000
0.000000
0.000000
0.000000
0.000000
0.000000
0.000000
0.000000
0.000000
0.000000
0.000000
0.000000
0.000000
0.000000
0.000000
0.000000
0.000000
0.000039
0.000534
0.000000
0.000560
0.000036
0.000000
0.000533
0.000066
0.000000
0.000036
0.000000
0.000000
0.000000
0.000000
0.000000
0.000000
0.000000
0.000000
0.000000
0.000066
0.000000
0.000000
0.000000
0.000000
0.000000
0.000000
0.000000
0.000000
0.000000
0.000000
0.000000
0.000000
0.000000
0.000000
0.000000
0.000000
0.000000
0.000000
0.000076
0.000062
0.000363
0.000039
0.000000
0.000959
0.000237
0.000662
0.001969
0.000000
0.000000
0.000000
0.000039
0.000000
0.000363
0.000036
0.000000
0.000112
0.000000
0.000000
0.000000
0.000000
0.000000
0.000000
0.000000
0.000000
0.000000
0.000000
0.000000
0.000000
0.000000
0.000000
0.000000
0.000000
0.000000
0.000000
0.000000
0.000000
0.000000
0.000142
0.000000
0.000109
0.000000
0.000000
0.000000
0.000000
0.000000
0.000000
0.000401
0.000000
0.000000
0.000000
0.000000
0.000000
0.000000
0.000000
0.000000
0.000301
0.000000
0.000000
0.000000
0.000000
0.000000
0.000000
0.000000
0.000000
0.000000
0.000000
0.000000
0.000000
0.000000
0.000000
0.000000
0.000000
0.000000
0.000000
0.000000
0.000000
0.000000
0.000366
0.000399
0.000000
0.000000
0.000000
0.000000
0.000000
0.000036
0.000000
0.001363
0.000397
0.000000
0.000000
0.000000
0.000000
0.000072
0.000036
0.000948
0.000095
0.000000
0.000000
0.000000
0.000000
0.000000
0.000000
0.000000
0.000000
0.000000
0.000000
0.000000
0.000000
0.000036
0.000000
0.000000
0.000000
0.000000
0.000000
0.000000
0.000000
0.000000
0.000295
0.000000
0.000000
0.000000
0.000000
0.000000
0.000207
0.000076
0.000149
0.000328
0.000000
0.000000
0.000000
0.000000
0.000000
0.000000
0.000145
0.000000
0.000000
0.000000
0.000000
0.000000
0.000000
0.000000
0.000000
0.000000
0.000000
0.000000
0.000000
0.000000
0.000000
0.000000
0.000036
0.000000
0.000000
0.000000
0.000000
0.000000
0.000000
0.000000
0.000075
0.000000
0.000000
0.000000
0.000000
0.000000
0.000000
0.000000
0.000000
0.000227
0.000000
0.000039
0.000040
0.000000
0.000000
0.000312
0.000000
0.000000
0.000000
0.000000
0.000000
0.000000
0.000000
0.000000
0.000000
0.000000
0.000000
0.000000
0.000000
0.000000
0.000000
0.000036
0.000000
0.000000
0.000000
0.000000
0.000000
0.000000
0.000000
0.000000
0.000162
0.000082
0.000000
0.000000
0.000000
0.000000
0.000000
0.000000
0.000000
0.001195
0.000422
0.000000
0.000000
0.000000
0.000972
0.000000
0.000000
0.000000
0.000000
0.000000
0.000000
0.000000
0.000000
0.000000
0.000000
0.000000
0.000000
0.000000
0.000000
0.000000
0.000494
0.000000
0.000000
0.000000
0.000000
0.000000
0.000000
0.000000
0.000036
0.000066
0.000398
0.000000
0.000000
0.000102
0.000000
0.000000
0.000000
0.000039
0.000409
0.000633
0.000000
0.000000
0.000050
0.000531
0.000000
0.000066
0.000000
0.000000
0.000000
0.000000
0.000000
0.000000
0.000000
0.000000
0.000000
0.000000
0.000000
0.000000
0.000000
0.000000
0.000000
0.000000
0.000000
0.000000
0.000000
0.000000
0.000000
0.000000
0.000000
0.000000
0.000172
0.000000
0.000000
0.000039
0.000000
0.000000
0.000072
0.000000
0.000000
0.000066
0.000000
0.000000
0.000036
0.000000
0.000000
0.000000
0.000000
0.000000
0.000000
0.000000
0.000000
0.000000
0.000000
0.000000
0.000000
0.000000
0.000000
0.000000
0.000000
0.000000
0.000000
0.000000
0.000000
0.000000
0.000066
0.000000
0.000000
0.000000
0.000000
0.000000
0.000036
0.000036
0.000000
0.000000
0.000000
0.000000
0.000000
0.000000
0.000000
0.000066
0.000000
0.000000
0.000000
0.000000
0.000000
0.000000
0.000000
0.000000
0.000000
0.000000
0.000000
0.000000
0.000000
0.000000
0.000000
0.000000
0.000000
0.000000
0.000000
0.000000
0.000000
0.000000
0.000000
0.000000
0.000000
0.000000
0.000000
0.000000
0.000050
0.000000
0.000036
0.000000
0.000000
0.000036
0.000000
0.000000
0.000000
0.000036
0.000000
0.000036
0.000076
0.000036
0.000000
0.000000
0.000000
0.000000
0.000000
0.000000
0.000000
0.000000
0.000000
0.000000
0.000000
0.000000
0.000000
0.000000
0.000000
0.000000
0.000000
0.000000
0.000000
0.000000
0.000000
0.000000
0.000000
0.000000
0.000000
0.000000
0.000000
0.000000
0.000215
0.001232
0.000145
0.000154
0.000626
0.000219
0.000132
0.000066
0.000000
0.540392
0.000000
0.000062
0.000000
0.000000
0.000000
0.000000
0.000000
0.000000
0.000000
0.000000
0.000000
0.000785
0.003401
0.001132
0.003021
0.003838
0.001055
0.000094
0.000266
0.000134
0.000000
0.000000
0.000000
0.000066
0.000000
0.000000
0.000062
0.000000
0.000000
0.000036
0.000039
0.000000
0.000000
0.000040
0.000039
0.000000
0.000000
0.000000
0.000000
0.000128
0.000000
0.000000
0.000000
0.000000
0.000000
0.000000
0.000000
0.000000
0.000000
0.000000
0.000000
0.000000
0.000095
0.000000
0.000000
0.000000
0.000000
0.000036
0.000000
0.000000
0.000622
0.000903
0.000062
0.000167
0.000000
0.000062
0.000000
0.000000
0.000000
0.000000
0.000000
0.000000
0.000000
0.000000
0.000000
0.000000
0.000000
0.000000
0.000000
0.030537
0.000000
0.000128
0.000190
0.000062
0.000000
0.000000
0.000198
0.000000
0.000128
0.000000
0.000000
0.000000
0.000000
0.000000
0.000000
0.000000
0.000000
0.000000
0.000000
0.000000
0.000000
0.000000
0.000000
0.000000
0.000000
0.000000
0.000000
0.000000
0.000000
0.000000
0.000000
0.000000
0.000000
0.000000
0.000000
0.000000
0.000000
0.000000
0.000136
0.017851
0.000000
0.005403
0.000000
0.000000
0.000000
0.001728
0.000000
0.001029
0.000934
0.000000
0.000144
0.000000
0.000000
0.000000
0.000000
0.000000
0.000000
0.000000
0.000000
0.000000
0.000000
0.000000
0.000000
0.000000
0.000000
0.000000
0.000000
0.000000
0.000000
0.000000
0.000000
0.000000
0.000000
0.000000
0.000000
0.000000
0.000000
0.000000
0.000000
0.010250
0.003825
0.000000
0.000000
0.000000
0.000000
0.001075
0.000611
0.000000
0.002814
0.000000
0.000000
0.000000
0.000000
0.000000
0.000095
0.000000
0.000000
0.000000
0.000000
0.000000
0.000000
0.000000
0.000000
0.000000
0.000000
0.000000
0.000000
0.000000
0.000000
0.000000
0.000000
0.000000
0.000000
0.000000
0.000000
0.000062
0.001047
0.004997
0.006132
0.046832
0.000000
0.000000
0.000000
0.000266
0.000796
0.006131
0.000244
0.002368
0.002548
0.000000
0.000000
0.000000
0.000000
0.000000
0.000541
0.000000
0.000000
0.000000
0.000000
0.000000
0.000000
0.000000
0.000000
0.000000
0.000000
0.000000
0.000000
0.000000
0.000000
0.000000
0.000000
0.000000
0.000000
0.000000
0.000000
0.000000
0.000000
0.000000
0.000000
0.013133
0.000000
0.007093
0.001627
0.000000
0.001789
0.000000
0.000000
0.000000
0.000164
0.000000
0.000145
0.000000
0.000000
0.000000
0.000000
0.000000
0.000000
0.000000
0.000000
0.000000
0.000000
0.000000
0.000000
0.000000
0.000000
0.000000
0.000000
0.000000
0.000000
0.000000
0.000000
0.000000
0.000000
0.000000
0.000000
0.000000
0.000000
0.000000
0.000000
0.009868
0.003911
0.000000
0.001075
0.000601
0.000000
0.000000
0.000000
0.000000
0.000793
0.000083
0.000000
0.000106
0.000000
0.000000
0.000000
0.000000
0.000000
0.000000
0.000000
0.000000
0.000000
0.000000
0.000000
0.000000
0.000000
0.000000
0.000000
0.000000
0.000000
0.000000
0.000000
0.000000
0.000066
0.000533
0.000000
0.000000
0.000000
0.004697
0.002808
0.032398
0.002084
0.000598
0.009112
0.000000
0.000000
0.000000
0.000786
0.000584
0.002023
0.000000
0.000000
0.000000
0.000000
0.000000
0.000000
0.000000
0.000000
0.000000
0.000000
0.000000
0.000000
0.000000
0.000000
0.000000
0.000000
0.000000
0.000000
0.000000
0.000000
0.000000
0.000000
0.000000
0.000128
0.003271
0.000000
0.003119
0.001688
0.000000
0.001515
0.009025
0.000000
0.002745
0.000000
0.000000
0.000131
0.000164
0.000000
0.000000
0.000039
0.000000
0.000126
0.000000
0.000000
0.000000
0.000000
0.000000
0.000000
0.000000
0.000000
0.000000
0.000000
0.000000
0.000000
0.000000
0.000000
0.000000
0.000000
0.000000
0.000000
0.000000
0.000000
0.000046
0.000000
0.000916
0.001161
0.000000
0.001192
0.000583
0.000000
0.003157
0.001198
0.000000
0.000000
0.000000
0.000000
0.000000
0.000000
0.000000
0.000104
0.000000
0.000000
0.000000
0.000000
0.000000
0.000000
0.000000
0.000000
0.000000
0.000000
0.000000
0.000000
0.000000
0.000000
0.000000
0.000000
0.000000
0.000000
0.000000
0.000000
0.000000
0.000062
0.000562
0.000458
0.009411
0.001212
0.000722
0.004788
0.006456
0.001370
0.024276
0.000000
0.000083
0.000197
0.000000
0.000192
0.000605
0.000244
0.000106
0.000649
0.000000
0.000000
0.000000
0.000000
0.000000
0.000000
0.000000
0.000000
0.000000
0.000000
0.000000
0.000000
0.000000
0.000000
0.000000
0.000000
0.000000
0.000000
0.001716
0.000000
0.000000
0.000215
0.000000
0.000000
0.000000
0.000000
0.000000
0.000095
0.000000
0.000000
0.001336
0.000000
0.000261
0.000000
0.000000
0.000000
0.000095
0.000000
0.000119
0.000000
0.000000
0.000000
0.000000
0.000000
0.000000
0.000000
0.000000
0.000000
0.000000
0.000036
0.000000
0.000000
0.000000
0.000000
0.000000
0.000000
0.000000
0.007130
0.000000
0.000000
0.000000
0.000787
0.000514
0.000000
0.000000
0.000000
0.000000
0.000000
0.000000
0.000000
0.005429
0.002024
0.000000
0.000000
0.000119
0.000000
0.000000
0.000209
0.000000
0.000000
0.000000
0.000000
0.000000
0.000000
0.000000
0.000000
0.000000
0.000000
0.000039
0.000000
0.000000
0.000000
0.000000
0.000000
0.000000
0.000000
0.000477
0.000039
0.000000
0.000273
0.000000
0.001459
0.000000
0.000000
0.000000
0.000000
0.000000
0.001766
0.000538
0.001890
0.001133
0.000000
0.000000
0.000000
0.000000
0.000000
0.000087
0.000000
0.000000
0.000000
0.000000
0.000000
0.000000
0.000000
0.000000
0.000000
0.000000
0.000000
0.000000
0.000000
0.000000
0.000000
0.000000
0.000000
0.000000
0.001501
0.000039
0.000000
0.000000
0.000000
0.000000
0.002211
0.000000
0.000106
0.000168
0.000000
0.000036
0.000000
0.000000
0.000000
0.003375
0.000000
0.000250
0.000168
0.000000
0.000082
0.000000
0.000000
0.000000
0.000000
0.000000
0.000000
0.000000
0.000000
0.000000
0.000000
0.000000
0.000000
0.000000
0.000000
0.000000
0.000000
0.000000
0.000000
0.004157
0.000036
0.000000
0.000000
0.000000
0.000000
0.000000
0.000354
0.000609
0.000000
0.000286
0.000159
0.000000
0.000000
0.000000
0.000000
0.002549
0.002515
0.000000
0.000215
0.000266
0.000000
0.000000
0.000000
0.000000
0.000000
0.000000
0.000000
0.000000
0.000000
0.000000
0.000000
0.000000
0.000000
0.000000
0.000000
0.000000
0.000000
0.000000
0.000324
0.000040
0.000128
0.000000
0.000000
0.000000
0.000646
0.000109
0.002496
0.000000
0.000000
0.000329
0.000000
0.000000
0.000000
0.000346
0.002146
0.001221
0.000000
0.000000
0.000232
0.000000
0.000000
0.000000
0.000000
0.000000
0.000000
0.000000
0.000000
0.000000
0.000000
0.000000
0.000000
0.000000
0.000000
0.000000
0.000000
0.000000
0.000000
0.000363
0.000000
0.000000
0.000058
0.000000
0.000000
0.000000
0.000000
0.000000
0.000194
0.000000
0.000106
0.000000
0.000000
0.000000
0.000039
0.000000
0.000000
0.000301
0.000000
0.000000
0.000000
0.000000
0.000000
0.000000
0.000000
0.000000
0.000000
0.000000
0.000000
0.000000
0.000000
0.000000
0.000000
0.000000
0.000000
0.000000
0.000000
0.000000
0.000440
0.000000
0.000000
0.000000
0.000000
0.000000
0.000000
0.000000
0.000040
0.000000
0.000000
0.000290
0.000000
0.000000
0.000000
0.000000
0.000210
0.000000
0.000000
0.000241
0.000187
0.000000
0.000000
0.000000
0.000000
0.000000
0.000000
0.000000
0.000000
0.000000
0.000000
0.000000
0.000000
0.000000
0.000000
0.000000
0.000000
0.000000
0.000000
0.000349
0.000000
0.000000
0.000000
0.000000
0.000050
0.000170
0.000000
0.000000
0.000047
0.000000
0.001085
0.000000
0.000264
0.000000
0.000040
0.000268
0.000000
0.000119
0.000240
0.000286
