0.010419
0.015062
0.007498
0.005183
0.014698
0.006011
0.001636
0.001463
0.001179
0.000525
0.002027
0.000246
0.000435
0.002138
0.000185
0.000012
0.000040
0.000008
0.476730
0.000116
0.027948
0.085211
0.058950
0.063173
0.059020
0.064429
0.042738
0.012680
0.008541
0.010696
0.001960
0.007661
0.000950
0.001401
0.007796
0.000852
0.000146
0.000156
0.000085
0.008349
0.000000
0.001361
0.000000
0.000000
0.000000
0.000474
0.000000
0.000056
0.000080
0.000000
0.000016
0.000000
0.000000
0.000000
0.000003
0.000000
0.000000
0.000000
0.000000
0.000075
0.000000
0.000000
0.000000
0.000000
0.000000
0.000000
0.000000
0.000000
0.000000
0.000000
0.000000
0.000000
0.000000
0.000000
0.000000
0.000000
0.000000
0.000000
0.000000
0.012624
0.001443
0.000000
0.000000
0.000000
0.000000
0.000363
0.000044
0.000000
0.000386
0.000015
0.000000
0.000000
0.000000
0.000000
0.000002
0.000000
0.000000
0.000002
0.000201
0.000000
0.000000
0.000000
0.000000
0.000000
0.000000
0.000000
0.000000
0.000000
0.000000
0.000000
0.000000
0.000000
0.000000
0.000000
0.000000
0.000000
0.000000
0.001494
0.001378
0.004121
0.000000
0.000000
0.000000
0.000046
0.000085
0.000196
0.000008
0.000064
0.000069
0.000000
0.000000
0.000000
0.000000
0.000000
0.000000
0.000000
0.000000
0.000054
0.000000
0.000000
0.000000
0.000000
0.000000
0.000000
0.000000
0.000000
0.000000
0.000000
0.000000
0.000000
0.000000
0.000000
0.000000
0.000000
0.000000
0.000000
0.000000
0.000000
0.000000
0.003731
0.000000
0.000946
0.000309
0.000000
0.000044
0.000000
0.000000
0.000000
0.000087
0.000000
0.000004
0.000000
0.000000
0.000000
0.000000
0.000000
0.000060
0.000000
0.000000
0.000000
0.000000
0.000000
0.000000
0.000000
0.000000
0.000000
0.000000
0.000000
0.000000
0.000000
0.000000
0.000000
0.000000
0.000000
0.000000
0.000000
0.000000
0.000000
0.000000
0.012240
0.001214
0.000000
0.000359
0.000088
0.000000
0.000000
0.000000
0.000000
0.000571
0.000016
0.000000
0.000000
0.000000
0.000000
0.000000
0.000091
0.000000
0.000000
0.000000
0.000000
0.000000
0.000000
0.000000
0.000000
0.000000
0.000000
0.000000
0.000000
0.000000
0.000000
0.000000
0.000000
0.000000
0.000000
0.000000
0.000000
0.000000
0.000815
0.001311
0.003418
0.000090
0.000034
0.000162
0.000000
0.000000
0.000000
0.000021
0.000073
0.000048
0.000000
0.000000
0.000000
0.000000
0.000003
0.000023
0.000000
0.000000
0.000000
0.000000
0.000000
0.000000
0.000000
0.000000
0.000000
0.000000
0.000000
0.000000
0.000000
0.000000
0.000000
0.000000
0.000000
0.000000
0.000301
0.000000
0.000100
0.000365
0.000000
0.000085
0.000594
0.000000
0.000153
0.000024
0.000000
0.000000
0.000000
0.000000
0.000000
0.000004
0.000000
0.000000
0.000000
0.000000
0.000004
0.000000
0.000000
0.000000
0.000000
0.000000
0.000000
0.000000
0.000000
0.000000
0.000000
0.000000
0.000000
0.000000
0.000000
0.000000
0.000000
0.000000
0.000000
0.000000
0.000310
0.000077
0.000000
0.000445
0.000014
0.000000
0.000477
0.000099
0.000000
0.000010
0.000000
0.000000
0.000009
0.000000
0.000000
0.000020
0.000000
0.000000
0.000000
0.000005
0.000000
0.000000
0.000000
0.000000
0.000000
0.000000
0.000000
0.000000
0.000000
0.000000
0.000000
0.000000
0.000000
0.000000
0.000000
0.000000
0.000000
0.000000
0.000089
0.000037
0.000212
0.000045
0.000091
0.000213
0.000083
0.000080
0.000310
0.000000
0.000000
0.000007
0.000000
0.000003
0.000000
0.000000
0.000000
0.000004
0.000000
0.000000
0.000008
0.000000
0.000000
0.000000
0.000000
0.000000
0.000000
0.000000
0.000000
0.000000
0.000000
0.000000
0.000000
0.000000
0.000000
0.000000
0.000000
0.000000
0.000000
0.000121
0.000000
0.000023
0.000000
0.000000
0.000000
0.000015
0.000000
0.000000
0.000211
0.000000
0.000016
0.000000
0.000000
0.000000
0.000000
0.000000
0.000000
0.000138
0.000003
0.000000
0.000000
0.000000
0.000000
0.000000
0.000000
0.000000
0.000000
0.000000
0.000000
0.000000
0.000000
0.000000
0.000000
0.000000
0.000000
0.000000
0.000000
0.000000
0.000000
0.000572
0.000052
0.000000
0.000000
0.000000
0.000000
0.000025
0.000000
0.000000
0.000798
0.000041
0.000000
0.000000
0.000000
0.000000
0.000000
0.000000
0.000481
0.000024
0.000021
0.000000
0.000000
0.000000
0.000000
0.000000
0.000000
0.000000
0.000000
0.000000
0.000000
0.000000
0.000000
0.000000
0.000000
0.000000
0.000000
0.000018
0.000000
0.000022
0.000003
0.000075
0.000000
0.000000
0.000000
0.000000
0.000000
0.000003
0.000023
0.000051
0.000034
0.000000
0.000000
0.000000
0.000000
0.000000
0.000000
0.000028
0.000008
0.000000
0.000000
0.000000
0.000000
0.000000
0.000000
0.000000
0.000000
0.000000
0.000000
0.000000
0.000000
0.000000
0.000000
0.000000
0.000000
0.000000
0.000000
0.000000
0.000000
0.000000
0.000000
0.000132
0.000000
0.000012
0.000003
0.000000
0.000000
0.000000
0.000000
0.000000
0.000151
0.000000
0.000021
0.000000
0.000000
0.000000
0.000112
0.000000
0.000004
0.000000
0.000000
0.000000
0.000000
0.000000
0.000000
0.000000
0.000000
0.000000
0.000000
0.000000
0.000000
0.000000
0.000000
0.000000
0.000000
0.000000
0.000000
0.000000
0.000000
0.000000
0.000000
0.000529
0.000022
0.000000
0.000024
0.000006
0.000000
0.000000
0.000000
0.000000
0.000803
0.000064
0.000000
0.000008
0.000002
0.000653
0.000000
0.000000
0.000000
0.000000
0.000000
0.000000
0.000000
0.000000
0.000000
0.000000
0.000000
0.000000
0.000014
0.000000
0.000000
0.000002
0.000000
0.000000
0.000000
0.000000
0.000000
0.000000
0.000000
0.000034
0.000000
0.000066
0.000000
0.000000
0.000005
0.000000
0.000000
0.000000
0.000016
0.000024
0.000012
0.000000
0.000000
0.000000
0.000025
0.000000
0.000000
0.000000
0.000000
0.000000
0.000000
0.000000
0.000000
0.000000
0.000000
0.000000
0.000000
0.000000
0.000000
0.000000
0.000002
0.000000
0.000000
0.000000
0.000000
0.000000
0.000000
0.000000
0.000000
0.000000
0.000000
0.000003
0.000000
0.000000
0.000002
0.000000
0.000000
0.000002
0.000000
0.000000
0.000002
0.000000
0.000000
0.000003
0.000000
0.000000
0.000000
0.000000
0.000000
0.000000
0.000000
0.000000
0.000000
0.000000
0.000000
0.000000
0.000000
0.000000
0.000000
0.000000
0.000000
0.000000
0.000000
0.000000
0.000000
0.000004
0.000000
0.000000
0.000000
0.000000
0.000000
0.000004
0.000006
0.000000
0.000010
0.000000
0.000000
0.000008
0.000000
0.000000
0.000004
0.000002
0.000004
0.000000
0.000000
0.000000
0.000000
0.000000
0.000000
0.000000
0.000000
0.000000
0.000000
0.000000
0.000000
0.000000
0.000000
0.000000
0.000000
0.000000
0.000000
0.000000
0.000000
0.000000
0.000000
0.000002
0.000000
0.000000
0.000000
0.000000
0.000000
0.000002
0.000002
0.000000
0.000003
0.000000
0.000000
0.000000
0.000000
0.000000
0.000000
0.000000
0.000000
0.000000
0.000000
0.000000
0.000000
0.000000
0.000000
0.000000
0.000000
0.000000
0.000000
0.000000
0.000000
0.000000
0.000000
0.000000
0.000000
0.000000
0.000000
0.000000
0.000000
0.000000
0.000000
0.000000
0.000000
0.000000
0.000000
0.000000
0.000000
0.000174
0.000689
0.000046
0.000159
0.000606
0.000018
0.000003
0.000007
0.000000
0.468479
0.000000
0.000002
0.000000
0.000000
0.000000
0.000000
0.000000
0.000000
0.000000
0.000000
0.000000
0.000604
0.001865
0.000157
0.000570
0.002182
0.000131
0.000029
0.000014
0.000002
0.000004
0.000021
0.000000
0.000000
0.000002
0.000000
0.000000
0.000003
0.000000
0.000000
0.000000
0.000000
0.000000
0.000015
0.000003
0.000000
0.000000
0.000000
0.000000
0.000029
0.000000
0.000000
0.000012
0.000000
0.000003
0.000002
0.000000
0.000000
0.000003
0.000000
0.000000
0.000004
0.000012
0.000000
0.000000
0.000000
0.000000
0.000004
0.000000
0.000049
0.000097
0.000040
0.000063
0.000095
0.000019
0.000024
0.000012
0.000011
0.000000
0.000000
0.000000
0.000000
0.000000
0.000000
0.000000
0.000000
0.000000
0.000019
0.000000
0.026975
0.000124
0.000047
0.000102
0.000117
0.000066
0.000082
0.000026
0.000012
0.000025
0.000000
0.000003
0.000000
0.000000
0.000004
0.000000
0.000000
0.000000
0.000000
0.000000
0.000000
0.000000
0.000000
0.000000
0.000000
0.000000
0.000000
0.000000
0.000000
0.000000
0.000000
0.000000
0.000000
0.000000
0.000000
0.000000
0.000000
0.000000
0.000000
0.000083
0.066717
0.000000
0.014743
0.000000
0.000000
0.000000
0.002767
0.000000
0.000642
0.000427
0.000000
0.000040
0.000000
0.000000
0.000000
0.000022
0.000000
0.000009
0.000000
0.000000
0.000000
0.000000
0.000000
0.000000
0.000000
0.000000
0.000000
0.000000
0.000000
0.000000
0.000000
0.000000
0.000000
0.000000
0.000000
0.000000
0.000000
0.000021
0.000062
0.000000
0.043055
0.011004
0.000000
0.000000
0.000000
0.000000
0.002102
0.000461
0.000000
0.002371
0.000033
0.000000
0.000000
0.000000
0.000000
0.000008
0.000000
0.000000
0.000000
0.000000
0.000000
0.000000
0.000000
0.000000
0.000000
0.000000
0.000000
0.000000
0.000000
0.000000
0.000000
0.000000
0.000000
0.000000
0.000000
0.000000
0.000000
0.000073
0.013650
0.012830
0.033393
0.000000
0.000000
0.000000
0.000618
0.000498
0.001594
0.000084
0.000319
0.000277
0.000000
0.000000
0.000000
0.000004
0.000003
0.000017
0.000000
0.000000
0.000000
0.000000
0.000000
0.000000
0.000000
0.000000
0.000000
0.000000
0.000000
0.000000
0.000000
0.000000
0.000000
0.000000
0.000000
0.000000
0.000000
0.000000
0.000044
0.000000
0.000000
0.000000
0.046830
0.000000
0.008486
0.002914
0.000000
0.000581
0.000000
0.000000
0.000000
0.000215
0.000000
0.000068
0.000003
0.000000
0.000000
0.000000
0.000000
0.000000
0.000000
0.000000
0.000000
0.000000
0.000000
0.000000
0.000000
0.000000
0.000000
0.000000
0.000000
0.000000
0.000000
0.000000
0.000000
0.000000
0.000004
0.000139
0.000000
0.000000
0.000000
0.000000
0.051140
0.008531
0.000000
0.001922
0.000818
0.000000
0.000000
0.000000
0.000000
0.001954
0.000037
0.000000
0.000000
0.000004
0.000000
0.000000
0.000000
0.000000
0.000000
0.000000
0.000000
0.000000
0.000000
0.000000
0.000000
0.000000
0.000000
0.000000
0.000000
0.000000
0.000000
0.000000
0.000000
0.000000
0.000028
0.000000
0.000000
0.000000
0.008626
0.007771
0.022832
0.000597
0.000432
0.001973
0.000000
0.000000
0.000000
0.000045
0.000275
0.000249
0.000000
0.000000
0.000000
0.000000
0.000000
0.000000
0.000000
0.000000
0.000000
0.000000
0.000000
0.000000
0.000000
0.000000
0.000000
0.000000
0.000000
0.000000
0.000000
0.000000
0.000000
0.000000
0.000000
0.000010
0.003341
0.000000
0.000677
0.002444
0.000000
0.000667
0.004571
0.000000
0.000914
0.000035
0.000000
0.000004
0.000019
0.000000
0.000000
0.000035
0.000000
0.000002
0.000000
0.000000
0.000000
0.000000
0.000000
0.000000
0.000000
0.000000
0.000000
0.000000
0.000000
0.000000
0.000000
0.000000
0.000000
0.000000
0.000000
0.000000
0.000000
0.000000
0.000011
0.000000
0.001594
0.000667
0.000000
0.002316
0.000265
0.000000
0.002571
0.000956
0.000000
0.000003
0.000000
0.000000
0.000141
0.000000
0.000000
0.000038
0.000000
0.000000
0.000000
0.000000
0.000000
0.000000
0.000000
0.000000
0.000000
0.000000
0.000000
0.000000
0.000000
0.000000
0.000000
0.000000
0.000000
0.000000
0.000000
0.000000
0.000000
0.000010
0.001092
0.000375
0.001923
0.000581
0.000677
0.001282
0.001158
0.000854
0.002665
0.000002
0.000032
0.000004
0.000004
0.000019
0.000023
0.000004
0.000008
0.000013
0.000000
0.000000
0.000000
0.000000
0.000000
0.000000
0.000000
0.000000
0.000000
0.000000
0.000000
0.000000
0.000000
0.000000
0.000000
0.000000
0.000000
0.000000
0.000614
0.000000
0.000000
0.000404
0.000000
0.000111
0.000000
0.000000
0.000000
0.000019
0.000000
0.000000
0.000707
0.000000
0.000088
0.000011
0.000000
0.000000
0.000011
0.000000
0.000000
0.000000
0.000000
0.000000
0.000000
0.000000
0.000000
0.000000
0.000000
0.000000
0.000000
0.000016
0.000000
0.000000
0.000000
0.000000
0.000000
0.000000
0.000000
0.002892
0.000000
0.000000
0.000000
0.001178
0.000351
0.000000
0.000000
0.000000
0.000000
0.000056
0.000018
0.000013
0.002852
0.000257
0.000000
0.000000
0.000000
0.000000
0.000020
0.000003
0.000000
0.000000
0.000000
0.000000
0.000000
0.000000
0.000000
0.000000
0.000000
0.000000
0.000000
0.000000
0.000000
0.000000
0.000000
0.000000
0.000000
0.000000
0.000094
0.000004
0.000000
0.000107
0.000019
0.000376
0.000000
0.000000
0.000000
0.000000
0.000000
0.000000
0.000062
0.000206
0.000081
0.000000
0.000000
0.000000
0.000000
0.000000
0.000000
0.000000
0.000000
0.000000
0.000000
0.000000
0.000000
0.000000
0.000000
0.000000
0.000000
0.000000
0.000000
0.000000
0.000000
0.000000
0.000000
0.000000
0.000000
0.000364
0.000000
0.000000
0.000000
0.000000
0.000000
0.000450
0.000000
0.000041
0.000032
0.000000
0.000005
0.000000
0.000000
0.000000
0.000455
0.000000
0.000055
0.000000
0.000000
0.000000
0.000000
0.000000
0.000000
0.000000
0.000000
0.000000
0.000000
0.000000
0.000000
0.000000
0.000007
0.000000
0.000000
0.000031
0.000000
0.000000
0.000000
0.000000
0.002561
0.000015
0.000011
0.000000
0.000000
0.000000
0.000000
0.001550
0.000390
0.000000
0.000030
0.000031
0.000000
0.000000
0.000000
0.000000
0.002978
0.000167
0.000000
0.000022
0.000017
0.000000
0.000000
0.000000
0.000000
0.000000
0.000000
0.000000
0.000000
0.000000
0.000000
0.000000
0.000000
0.000000
0.000000
0.000000
0.000000
0.000000
0.000000
0.000140
0.000003
0.000000
0.000000
0.000000
0.000000
0.000087
0.000018
0.000231
0.000000
0.000002
0.000012
0.000000
0.000000
0.000000
0.000045
0.000195
0.000117
0.000000
0.000000
0.000004
0.000000
0.000000
0.000000
0.000000
0.000000
0.000000
0.000000
0.000000
0.000000
0.000000
0.000000
0.000000
0.000000
0.000000
0.000000
0.000000
0.000000
0.000000
0.000027
0.000000
0.000000
0.000014
0.000000
0.000000
0.000004
0.000000
0.000000
0.000016
0.000000
0.000002
0.000026
0.000000
0.000000
0.000019
0.000000
0.000000
0.000036
0.000000
0.000004
0.000000
0.000000
0.000000
0.000000
0.000000
0.000000
0.000000
0.000000
0.000000
0.000000
0.000000
0.000000
0.000000
0.000000
0.000000
0.000000
0.000000
0.000000
0.000012
0.000000
0.000000
0.000000
0.000007
0.000006
0.000000
0.000007
0.000026
0.000000
0.000027
0.000000
0.000000
0.000003
0.000000
0.000000
0.000041
0.000000
0.000000
0.000021
0.000006
0.000000
0.000000
0.000000
0.000000
0.000000
0.000000
0.000000
0.000000
0.000000
0.000000
0.000000
0.000000
0.000000
0.000000
0.000000
0.000000
0.000000
0.000000
0.000006
0.000000
0.000000
0.000000
0.000000
0.000007
0.000000
0.000000
0.000003
0.000000
0.000000
0.000026
0.000004
0.000006
0.000000
0.000017
0.000003
0.000006
0.000004
0.000000
0.000004
