0.010196
0.015216
0.011119
0.006126
0.017129
0.008597
0.003048
0.003583
0.004163
0.000988
0.002702
0.000569
0.000547
0.004023
0.000693
0.000102
0.000211
0.000228
0.498430
0.000057
0.038760
0.042221
0.032583
0.066762
0.040543
0.048562
0.058010
0.017337
0.012368
0.023960
0.003076
0.009286
0.001642
0.002853
0.011145
0.002084
0.000121
0.000510
0.000448
0.006796
0.000000
0.002090
0.000000
0.000000
0.000000
0.000652
0.000000
0.000272
0.000287
0.000000
0.000066
0.000000
0.000000
0.000000
0.000038
0.000000
0.000000
0.000000
0.000000
0.000018
0.000000
0.000000
0.000000
0.000000
0.000000
0.000000
0.000000
0.000000
0.000000
0.000000
0.000000
0.000000
0.000000
0.000000
0.000000
0.000000
0.000000
0.000000
0.000000
0.011939
0.001814
0.000000
0.000000
0.000000
0.000000
0.000640
0.000134
0.000000
0.000698
0.000000
0.000000
0.000000
0.000000
0.000000
0.000027
0.000000
0.000000
0.000000
0.000000
0.000000
0.000000
0.000000
0.000000
0.000000
0.000000
0.000000
0.000000
0.000000
0.000000
0.000000
0.000000
0.000000
0.000000
0.000000
0.000000
0.000000
0.000000
0.002137
0.001909
0.005855
0.000000
0.000000
0.000000
0.000063
0.000141
0.000619
0.000029
0.000056
0.000200
0.000000
0.000000
0.000000
0.000000
0.000000
0.000000
0.000000
0.000000
0.000140
0.000000
0.000000
0.000000
0.000000
0.000000
0.000000
0.000000
0.000000
0.000000
0.000000
0.000000
0.000000
0.000000
0.000000
0.000000
0.000000
0.000000
0.000000
0.000000
0.000000
0.000000
0.004108
0.000000
0.001304
0.000432
0.000000
0.000064
0.000000
0.000000
0.000000
0.000137
0.000000
0.000024
0.000000
0.000000
0.000000
0.000000
0.000000
0.000035
0.000000
0.000000
0.000000
0.000000
0.000000
0.000000
0.000000
0.000000
0.000000
0.000000
0.000000
0.000000
0.000000
0.000000
0.000000
0.000000
0.000000
0.000000
0.000000
0.000000
0.000000
0.000000
0.013327
0.001321
0.000000
0.001058
0.000256
0.000000
0.000000
0.000000
0.000000
0.000785
0.000019
0.000000
0.000000
0.000000
0.000000
0.000015
0.000204
0.000000
0.000000
0.000000
0.000000
0.000000
0.000000
0.000000
0.000000
0.000000
0.000000
0.000000
0.000000
0.000000
0.000000
0.000000
0.000000
0.000000
0.000000
0.000000
0.000000
0.000000
0.001247
0.001717
0.004740
0.000145
0.000088
0.000455
0.000000
0.000000
0.000000
0.000000
0.000057
0.000045
0.000000
0.000000
0.000032
0.000000
0.000000
0.000089
0.000000
0.000000
0.000000
0.000000
0.000000
0.000000
0.000000
0.000000
0.000000
0.000000
0.000000
0.000000
0.000000
0.000000
0.000000
0.000000
0.000000
0.000000
0.000564
0.000000
0.000155
0.000498
0.000000
0.000140
0.001254
0.000000
0.000264
0.000000
0.000000
0.000000
0.000018
0.000000
0.000000
0.000000
0.000000
0.000120
0.000000
0.000000
0.000041
0.000000
0.000000
0.000000
0.000000
0.000000
0.000000
0.000000
0.000000
0.000000
0.000000
0.000000
0.000000
0.000000
0.000000
0.000000
0.000000
0.000000
0.000000
0.000000
0.000530
0.000138
0.000000
0.000840
0.000070
0.000000
0.001082
0.000803
0.000000
0.000024
0.000000
0.000000
0.000075
0.000000
0.000000
0.000034
0.000000
0.000000
0.000000
0.000000
0.000000
0.000000
0.000000
0.000000
0.000000
0.000000
0.000000
0.000000
0.000000
0.000000
0.000000
0.000000
0.000000
0.000000
0.000000
0.000000
0.000000
0.000000
0.000430
0.000135
0.000699
0.000142
0.000154
0.000620
0.000437
0.000288
0.001175
0.000000
0.000000
0.000000
0.000000
0.000013
0.000000
0.000000
0.000026
0.000052
0.000000
0.000000
0.000000
0.000000
0.000000
0.000000
0.000000
0.000000
0.000000
0.000000
0.000000
0.000000
0.000000
0.000000
0.000000
0.000000
0.000000
0.000000
0.000000
0.000000
0.000000
0.000113
0.000000
0.000030
0.000000
0.000000
0.000000
0.000000
0.000000
0.000000
0.000427
0.000000
0.000057
0.000000
0.000000
0.000000
0.000009
0.000000
0.000000
0.000354
0.000000
0.000000
0.000000
0.000000
0.000000
0.000000
0.000000
0.000000
0.000000
0.000000
0.000000
0.000000
0.000000
0.000000
0.000000
0.000000
0.000000
0.000000
0.000000
0.000000
0.000000
0.000400
0.000018
0.000000
0.000000
0.000000
0.000000
0.000041
0.000000
0.000000
0.001169
0.000109
0.000000
0.000000
0.000000
0.000000
0.000028
0.000000
0.000858
0.000000
0.000000
0.000000
0.000000
0.000000
0.000000
0.000000
0.000000
0.000000
0.000000
0.000000
0.000000
0.000067
0.000000
0.000000
0.000019
0.000000
0.000000
0.000000
0.000000
0.000000
0.000000
0.000186
0.000000
0.000000
0.000000
0.000000
0.000000
0.000036
0.000026
0.000132
0.000080
0.000000
0.000000
0.000000
0.000000
0.000000
0.000000
0.000110
0.000000
0.000000
0.000000
0.000000
0.000000
0.000000
0.000000
0.000000
0.000000
0.000000
0.000000
0.000000
0.000000
0.000000
0.000000
0.000000
0.000000
0.000000
0.000000
0.000000
0.000000
0.000000
0.000000
0.000050
0.000000
0.000019
0.000019
0.000000
0.000000
0.000000
0.000000
0.000000
0.000172
0.000000
0.000048
0.000017
0.000000
0.000024
0.000200
0.000000
0.000000
0.000000
0.000000
0.000000
0.000000
0.000000
0.000000
0.000000
0.000000
0.000000
0.000000
0.000000
0.000000
0.000000
0.000000
0.000000
0.000000
0.000000
0.000000
0.000000
0.000000
0.000000
0.000000
0.000816
0.000017
0.000000
0.000204
0.000000
0.000000
0.000000
0.000000
0.000000
0.001694
0.000260
0.000000
0.000000
0.000000
0.001001
0.000000
0.000041
0.000000
0.000000
0.000000
0.000000
0.000000
0.000000
0.000000
0.000000
0.000000
0.000000
0.000000
0.000000
0.000000
0.000000
0.000000
0.000000
0.000000
0.000000
0.000000
0.000000
0.000000
0.000059
0.000013
0.000315
0.000000
0.000000
0.000013
0.000000
0.000000
0.000000
0.000045
0.000019
0.000048
0.000000
0.000000
0.000000
0.000184
0.000000
0.000000
0.000000
0.000000
0.000000
0.000000
0.000000
0.000000
0.000000
0.000000
0.000000
0.000000
0.000000
0.000000
0.000000
0.000000
0.000000
0.000000
0.000000
0.000000
0.000000
0.000000
0.000000
0.000000
0.000000
0.000000
0.000026
0.000000
0.000000
0.000000
0.000000
0.000000
0.000000
0.000000
0.000000
0.000038
0.000000
0.000000
0.000038
0.000000
0.000000
0.000000
0.000000
0.000000
0.000000
0.000000
0.000000
0.000000
0.000000
0.000000
0.000000
0.000000
0.000000
0.000000
0.000000
0.000000
0.000000
0.000000
0.000000
0.000000
0.000018
0.000000
0.000000
0.000015
0.000000
0.000000
0.000013
0.000015
0.000000
0.000034
0.000000
0.000000
0.000000
0.000000
0.000000
0.000045
0.000000
0.000072
0.000000
0.000000
0.000000
0.000000
0.000000
0.000000
0.000000
0.000000
0.000000
0.000000
0.000000
0.000000
0.000000
0.000000
0.000000
0.000000
0.000000
0.000000
0.000000
0.000000
0.000000
0.000000
0.000000
0.000000
0.000000
0.000000
0.000000
0.000000
0.000024
0.000013
0.000000
0.000000
0.000000
0.000013
0.000160
0.000000
0.000018
0.000000
0.000000
0.000000
0.000000
0.000000
0.000000
0.000000
0.000000
0.000000
0.000000
0.000000
0.000000
0.000000
0.000000
0.000000
0.000000
0.000000
0.000000
0.000000
0.000000
0.000000
0.000000
0.000000
0.000000
0.000000
0.000000
0.000000
0.000000
0.000000
0.000000
0.000000
0.000209
0.000597
0.000056
0.000152
0.001208
0.000055
0.000000
0.000033
0.000000
0.487038
0.000000
0.000015
0.000000
0.000000
0.000000
0.000000
0.000000
0.000000
0.000000
0.000000
0.000000
0.000676
0.001635
0.000159
0.001269
0.003595
0.000345
0.000015
0.000104
0.000017
0.000000
0.000000
0.000000
0.000000
0.000000
0.000000
0.000000
0.000000
0.000000
0.000000
0.000000
0.000000
0.000000
0.000027
0.000000
0.000000
0.000000
0.000000
0.000000
0.000015
0.000000
0.000000
0.000000
0.000000
0.000000
0.000000
0.000015
0.000000
0.000000
0.000000
0.000000
0.000000
0.000000
0.000000
0.000000
0.000000
0.000000
0.000000
0.000000
0.000180
0.000344
0.000163
0.000036
0.000278
0.000070
0.000027
0.000040
0.000041
0.000000
0.000000
0.000000
0.000000
0.000040
0.000000
0.000000
0.000000
0.000000
0.000000
0.000000
0.036690
0.000026
0.000138
0.000294
0.000062
0.000139
0.000112
0.000000
0.000094
0.000035
0.000031
0.000000
0.000000
0.000000
0.000000
0.000000
0.000000
0.000000
0.000000
0.000000
0.000000
0.000000
0.000000
0.000000
0.000000
0.000000
0.000000
0.000000
0.000000
0.000000
0.000000
0.000000
0.000000
0.000000
0.000000
0.000000
0.000000
0.000000
0.000000
0.000119
0.028865
0.000000
0.008987
0.000000
0.000000
0.000000
0.002838
0.000000
0.000867
0.000634
0.000000
0.000084
0.000000
0.000000
0.000000
0.000000
0.000000
0.000000
0.000000
0.000000
0.000000
0.000000
0.000000
0.000000
0.000000
0.000000
0.000000
0.000000
0.000000
0.000000
0.000000
0.000000
0.000000
0.000000
0.000000
0.000000
0.000000
0.000000
0.000410
0.000000
0.019588
0.007150
0.000000
0.000000
0.000000
0.000000
0.002191
0.000171
0.000000
0.003107
0.000069
0.000000
0.000000
0.000000
0.000000
0.000000
0.000000
0.000000
0.000000
0.000000
0.000000
0.000000
0.000000
0.000000
0.000000
0.000000
0.000000
0.000000
0.000000
0.000000
0.000000
0.000000
0.000000
0.000000
0.000000
0.000000
0.000000
0.000172
0.007886
0.009968
0.042639
0.000000
0.000000
0.000000
0.000536
0.000609
0.004001
0.000296
0.000291
0.000562
0.000000
0.000000
0.000000
0.000000
0.000034
0.000000
0.000000
0.000000
0.000000
0.000000
0.000000
0.000000
0.000000
0.000000
0.000000
0.000000
0.000000
0.000000
0.000000
0.000000
0.000000
0.000000
0.000000
0.000000
0.000000
0.000000
0.000069
0.000000
0.000000
0.000000
0.028686
0.000000
0.007714
0.002992
0.000000
0.000979
0.000000
0.000000
0.000000
0.000187
0.000000
0.000069
0.000000
0.000000
0.000000
0.000000
0.000000
0.000000
0.000000
0.000000
0.000000
0.000000
0.000000
0.000000
0.000000
0.000000
0.000000
0.000000
0.000000
0.000000
0.000000
0.000000
0.000000
0.000000
0.000000
0.000330
0.000000
0.000000
0.000000
0.000000
0.033536
0.008667
0.000000
0.002506
0.001574
0.000000
0.000000
0.000000
0.000000
0.002013
0.000000
0.000000
0.000053
0.000000
0.000000
0.000000
0.000000
0.000000
0.000000
0.000000
0.000000
0.000000
0.000000
0.000000
0.000000
0.000000
0.000000
0.000000
0.000000
0.000000
0.000000
0.000000
0.000000
0.000000
0.000256
0.000000
0.000000
0.000000
0.008345
0.007545
0.034795
0.001393
0.000505
0.004291
0.000000
0.000000
0.000000
0.000035
0.000618
0.000374
0.000000
0.000000
0.000000
0.000000
0.000000
0.000000
0.000000
0.000000
0.000000
0.000000
0.000000
0.000000
0.000000
0.000000
0.000000
0.000000
0.000000
0.000000
0.000000
0.000000
0.000000
0.000000
0.000000
0.000152
0.003804
0.000000
0.001523
0.001911
0.000000
0.000718
0.006930
0.000000
0.002125
0.000039
0.000000
0.000027
0.000138
0.000000
0.000000
0.000026
0.000000
0.000027
0.000000
0.000000
0.000000
0.000000
0.000000
0.000000
0.000000
0.000000
0.000000
0.000000
0.000000
0.000000
0.000000
0.000000
0.000000
0.000000
0.000000
0.000000
0.000000
0.000000
0.000031
0.000000
0.001587
0.000718
0.000000
0.003058
0.000743
0.000000
0.004490
0.001675
0.000000
0.000008
0.000000
0.000000
0.000047
0.000008
0.000000
0.000013
0.000000
0.000000
0.000000
0.000000
0.000000
0.000000
0.000000
0.000000
0.000000
0.000000
0.000000
0.000000
0.000000
0.000000
0.000000
0.000000
0.000000
0.000000
0.000000
0.000000
0.000000
0.000036
0.001251
0.000691
0.004645
0.000798
0.001318
0.002683
0.002430
0.001893
0.007848
0.000027
0.000026
0.000072
0.000030
0.000034
0.000030
0.000017
0.000074
0.000154
0.000000
0.000000
0.000000
0.000000
0.000000
0.000000
0.000000
0.000000
0.000000
0.000000
0.000000
0.000000
0.000000
0.000000
0.000000
0.000000
0.000000
0.000000
0.001205
0.000000
0.000000
0.000528
0.000000
0.000050
0.000000
0.000000
0.000000
0.000023
0.000000
0.000000
0.001163
0.000000
0.000075
0.000000
0.000000
0.000000
0.000000
0.000000
0.000000
0.000000
0.000000
0.000000
0.000000
0.000000
0.000000
0.000000
0.000000
0.000000
0.000000
0.000000
0.000000
0.000000
0.000050
0.000000
0.000000
0.000000
0.000000
0.003605
0.000000
0.000000
0.000000
0.000679
0.000451
0.000000
0.000000
0.000000
0.000000
0.000068
0.000066
0.000000
0.003968
0.000355
0.000000
0.000000
0.000000
0.000000
0.000052
0.000031
0.000000
0.000000
0.000000
0.000000
0.000000
0.000000
0.000000
0.000000
0.000000
0.000000
0.000000
0.000000
0.000000
0.000000
0.000000
0.000000
0.000000
0.000000
0.000385
0.000000
0.000000
0.000036
0.000008
0.000544
0.000000
0.000000
0.000000
0.000000
0.000000
0.000000
0.000218
0.000211
0.000243
0.000000
0.000000
0.000000
0.000000
0.000000
0.000000
0.000000
0.000000
0.000000
0.000000
0.000000
0.000000
0.000000
0.000000
0.000000
0.000000
0.000000
0.000000
0.000000
0.000026
0.000000
0.000000
0.000000
0.000000
0.000421
0.000000
0.000015
0.000000
0.000000
0.000000
0.000832
0.000000
0.000126
0.000134
0.000000
0.000000
0.000000
0.000000
0.000000
0.001074
0.000000
0.000084
0.000063
0.000000
0.000090
0.000000
0.000000
0.000000
0.000000
0.000000
0.000000
0.000000
0.000000
0.000000
0.000000
0.000000
0.000000
0.000024
0.000027
0.000036
0.000000
0.000000
0.000000
0.003083
0.000027
0.000013
0.000000
0.000000
0.000000
0.000000
0.001701
0.000905
0.000000
0.000000
0.000039
0.000000
0.000000
0.000000
0.000000
0.004265
0.000933
0.000000
0.000052
0.000075
0.000000
0.000000
0.000000
0.000000
0.000000
0.000000
0.000000
0.000000
0.000000
0.000000
0.000000
0.000000
0.000000
0.000000
0.000000
0.000000
0.000000
0.000000
0.000194
0.000000
0.000000
0.000000
0.000000
0.000000
0.000062
0.000000
0.001112
0.000017
0.000000
0.000117
0.000000
0.000000
0.000000
0.000031
0.000284
0.000218
0.000000
0.000000
0.000055
0.000000
0.000000
0.000000
0.000000
0.000000
0.000000
0.000000
0.000000
0.000000
0.000000
0.000000
0.000000
0.000000
0.000000
0.000000
0.000000
0.000000
0.000000
0.000017
0.000000
0.000000
0.000000
0.000000
0.000000
0.000000
0.000000
0.000000
0.000040
0.000000
0.000038
0.000000
0.000000
0.000000
0.000026
0.000000
0.000000
0.000000
0.000000
0.000000
0.000000
0.000000
0.000000
0.000000
0.000000
0.000000
0.000000
0.000000
0.000000
0.000000
0.000000
0.000000
0.000000
0.000000
0.000000
0.000000
0.000000
0.000000
0.000115
0.000000
0.000000
0.000000
0.000027
0.000000
0.000000
0.000053
0.000000
0.000000
0.000057
0.000070
0.000000
0.000012
0.000000
0.000000
0.000047
0.000000
0.000000
0.000130
0.000000
0.000000
0.000000
0.000000
0.000000
0.000000
0.000000
0.000000
0.000000
0.000000
0.000000
0.000000
0.000000
0.000000
0.000000
0.000000
0.000000
0.000000
0.000000
0.000000
0.000000
0.000000
0.000000
0.000000
0.000018
0.000000
0.000000
0.000000
0.000088
0.000000
0.000161
0.000000
0.000000
0.000000
0.000000
0.000154
0.000027
0.000000
0.000000
0.000000
