0.007762
0.011710
0.010819
0.003143
0.011373
0.007900
0.001951
0.002074
0.002923
0.000852
0.002964
0.000722
0.000700
0.003269
0.000619
0.000096
0.000155
0.000056
0.466603
0.000367
0.029190
0.061552
0.038176
0.090655
0.042954
0.049340
0.059223
0.017268
0.010876
0.027153
0.003006
0.012037
0.003422
0.002330
0.012313
0.002703
0.000476
0.000666
0.000603
0.005475
0.000000
0.001432
0.000000
0.000000
0.000000
0.000453
0.000000
0.000205
0.000084
0.000000
0.000033
0.000000
0.000000
0.000000
0.000005
0.000000
0.000000
0.000000
0.000000
0.000100
0.000000
0.000000
0.000000
0.000000
0.000000
0.000000
0.000000
0.000000
0.000000
0.000000
0.000000
0.000000
0.000000
0.000000
0.000000
0.000000
0.000000
0.000000
0.000000
0.008784
0.001604
0.000000
0.000000
0.000000
0.000000
0.000514
0.000035
0.000000
0.000449
0.000003
0.000000
0.000000
0.000000
0.000000
0.000009
0.000000
0.000000
0.000044
0.000282
0.000000
0.000000
0.000000
0.000000
0.000000
0.000000
0.000000
0.000000
0.000000
0.000000
0.000000
0.000000
0.000000
0.000000
0.000000
0.000000
0.000000
0.000000
0.001577
0.001641
0.006416
0.000000
0.000000
0.000000
0.000060
0.000057
0.000547
0.000017
0.000120
0.000242
0.000000
0.000000
0.000000
0.000000
0.000000
0.000000
0.000000
0.000013
0.000142
0.000000
0.000000
0.000000
0.000000
0.000000
0.000000
0.000000
0.000000
0.000000
0.000000
0.000000
0.000000
0.000000
0.000000
0.000000
0.000000
0.000000
0.000000
0.000000
0.000000
0.000000
0.001963
0.000000
0.000784
0.000213
0.000000
0.000030
0.000000
0.000000
0.000000
0.000094
0.000000
0.000003
0.000003
0.000000
0.000000
0.000000
0.000000
0.000062
0.000000
0.000000
0.000000
0.000000
0.000000
0.000000
0.000000
0.000000
0.000000
0.000000
0.000000
0.000000
0.000000
0.000000
0.000000
0.000000
0.000000
0.000000
0.000000
0.000000
0.000000
0.000000
0.008541
0.001278
0.000000
0.000443
0.000110
0.000000
0.000000
0.000000
0.000000
0.000695
0.000026
0.000000
0.000020
0.000003
0.000000
0.000000
0.000133
0.000000
0.000000
0.000000
0.000000
0.000000
0.000000
0.000000
0.000000
0.000000
0.000000
0.000000
0.000000
0.000000
0.000000
0.000000
0.000000
0.000000
0.000000
0.000000
0.000000
0.000000
0.000697
0.001539
0.004659
0.000106
0.000076
0.000476
0.000000
0.000000
0.000000
0.000049
0.000057
0.000125
0.000000
0.000000
0.000000
0.000000
0.000005
0.000057
0.000000
0.000000
0.000000
0.000000
0.000000
0.000000
0.000000
0.000000
0.000000
0.000000
0.000000
0.000000
0.000000
0.000000
0.000000
0.000000
0.000000
0.000000
0.000290
0.000000
0.000089
0.000255
0.000000
0.000216
0.000829
0.000000
0.000237
0.000006
0.000000
0.000000
0.000005
0.000000
0.000003
0.000013
0.000000
0.000006
0.000000
0.000000
0.000011
0.000000
0.000000
0.000000
0.000000
0.000000
0.000000
0.000000
0.000000
0.000000
0.000000
0.000000
0.000000
0.000000
0.000000
0.000000
0.000000
0.000000
0.000000
0.000000
0.000339
0.000069
0.000000
0.000416
0.000095
0.000000
0.000643
0.000238
0.000000
0.000052
0.000000
0.000000
0.000085
0.000000
0.000000
0.000031
0.000000
0.000000
0.000000
0.000021
0.000000
0.000000
0.000000
0.000000
0.000000
0.000000
0.000000
0.000000
0.000000
0.000000
0.000000
0.000000
0.000000
0.000000
0.000000
0.000000
0.000000
0.000000
0.000138
0.000067
0.000549
0.000058
0.000142
0.000369
0.000179
0.000241
0.000939
0.000007
0.000000
0.000005
0.000006
0.000042
0.000082
0.000033
0.000022
0.000005
0.000000
0.000000
0.000028
0.000000
0.000000
0.000000
0.000000
0.000000
0.000000
0.000000
0.000000
0.000000
0.000000
0.000000
0.000000
0.000000
0.000000
0.000000
0.000000
0.000000
0.000000
0.000188
0.000000
0.000029
0.000000
0.000000
0.000000
0.000032
0.000000
0.000000
0.000294
0.000000
0.000042
0.000000
0.000000
0.000000
0.000024
0.000000
0.000004
0.000244
0.000000
0.000000
0.000000
0.000000
0.000000
0.000000
0.000000
0.000000
0.000000
0.000000
0.000000
0.000000
0.000000
0.000000
0.000000
0.000000
0.000000
0.000000
0.000000
0.000000
0.000000
0.000649
0.000266
0.000000
0.000000
0.000000
0.000000
0.000024
0.000012
0.000000
0.001112
0.000115
0.000000
0.000000
0.000000
0.000000
0.000016
0.000000
0.000714
0.000030
0.000017
0.000000
0.000000
0.000000
0.000000
0.000000
0.000000
0.000000
0.000000
0.000000
0.000000
0.000025
0.000000
0.000000
0.000000
0.000000
0.000000
0.000000
0.000000
0.000032
0.000013
0.000246
0.000000
0.000000
0.000000
0.000005
0.000000
0.000007
0.000081
0.000106
0.000122
0.000000
0.000000
0.000000
0.000000
0.000000
0.000000
0.000107
0.000000
0.000005
0.000000
0.000000
0.000000
0.000000
0.000000
0.000000
0.000000
0.000000
0.000000
0.000000
0.000000
0.000000
0.000000
0.000000
0.000000
0.000000
0.000000
0.000000
0.000000
0.000000
0.000000
0.000071
0.000000
0.000077
0.000027
0.000000
0.000000
0.000000
0.000000
0.000000
0.000262
0.000000
0.000090
0.000003
0.000000
0.000000
0.000159
0.000000
0.000007
0.000000
0.000000
0.000000
0.000000
0.000000
0.000000
0.000000
0.000000
0.000000
0.000000
0.000000
0.000000
0.000000
0.000006
0.000000
0.000000
0.000000
0.000000
0.000000
0.000000
0.000000
0.000000
0.000644
0.000123
0.000000
0.000049
0.000006
0.000000
0.000000
0.000000
0.000000
0.001278
0.000101
0.000000
0.000016
0.000023
0.000917
0.000024
0.000012
0.000000
0.000000
0.000000
0.000000
0.000000
0.000000
0.000000
0.000000
0.000000
0.000000
0.000000
0.000000
0.000000
0.000008
0.000004
0.000000
0.000000
0.000000
0.000000
0.000000
0.000000
0.000015
0.000008
0.000219
0.000000
0.000000
0.000055
0.000000
0.000000
0.000000
0.000030
0.000119
0.000083
0.000000
0.000000
0.000003
0.000086
0.000003
0.000000
0.000000
0.000000
0.000000
0.000000
0.000000
0.000000
0.000000
0.000000
0.000000
0.000000
0.000000
0.000000
0.000000
0.000000
0.000000
0.000000
0.000000
0.000000
0.000000
0.000000
0.000000
0.000000
0.000000
0.000000
0.000030
0.000000
0.000000
0.000039
0.000000
0.000000
0.000003
0.000000
0.000000
0.000009
0.000000
0.000003
0.000009
0.000004
0.000000
0.000000
0.000000
0.000000
0.000000
0.000000
0.000000
0.000000
0.000000
0.000000
0.000000
0.000000
0.000000
0.000000
0.000000
0.000000
0.000000
0.000000
0.000000
0.000000
0.000000
0.000006
0.000000
0.000000
0.000000
0.000000
0.000036
0.000002
0.000000
0.000033
0.000000
0.000000
0.000021
0.000000
0.000000
0.000026
0.000004
0.000029
0.000000
0.000000
0.000000
0.000000
0.000000
0.000000
0.000000
0.000000
0.000000
0.000000
0.000000
0.000000
0.000000
0.000000
0.000000
0.000000
0.000000
0.000000
0.000000
0.000000
0.000013
0.000000
0.000007
0.000000
0.000000
0.000000
0.000000
0.000000
0.000020
0.000007
0.000000
0.000000
0.000000
0.000000
0.000000
0.000000
0.000000
0.000003
0.000000
0.000006
0.000000
0.000000
0.000000
0.000000
0.000000
0.000000
0.000000
0.000000
0.000000
0.000000
0.000000
0.000000
0.000000
0.000000
0.000000
0.000000
0.000000
0.000000
0.000000
0.000000
0.000000
0.000000
0.000000
0.000000
0.000000
0.000000
0.000000
0.000000
0.000305
0.001038
0.000143
0.000221
0.000857
0.000099
0.000006
0.000015
0.000000
0.453157
0.000000
0.000022
0.000000
0.000000
0.000000
0.000000
0.000000
0.000000
0.000000
0.000000
0.000000
0.000892
0.002843
0.000547
0.000928
0.003472
0.000355
0.000054
0.000042
0.000033
0.000000
0.000032
0.000000
0.000000
0.000005
0.000000
0.000000
0.000000
0.000000
0.000007
0.000033
0.000004
0.000000
0.000069
0.000005
0.000000
0.000000
0.000000
0.000000
0.000086
0.000000
0.000000
0.000020
0.000020
0.000005
0.000004
0.000000
0.000000
0.000000
0.000000
0.000000
0.000034
0.000000
0.000000
0.000003
0.000000
0.000000
0.000013
0.000030
0.000060
0.000145
0.000130
0.000079
0.000094
0.000106
0.000026
0.000000
0.000015
0.000000
0.000004
0.000012
0.000000
0.000006
0.000000
0.000000
0.000000
0.000000
0.000021
0.000000
0.027588
0.000148
0.000051
0.000202
0.000113
0.000087
0.000174
0.000101
0.000003
0.000105
0.000006
0.000009
0.000000
0.000000
0.000013
0.000000
0.000000
0.000000
0.000000
0.000000
0.000000
0.000000
0.000000
0.000000
0.000000
0.000000
0.000000
0.000000
0.000000
0.000000
0.000000
0.000000
0.000000
0.000000
0.000000
0.000000
0.000000
0.000000
0.000000
0.000064
0.042559
0.000000
0.014307
0.000000
0.000000
0.000000
0.003168
0.000000
0.000947
0.000596
0.000000
0.000154
0.000000
0.000000
0.000000
0.000033
0.000000
0.000014
0.000000
0.000000
0.000000
0.000000
0.000000
0.000000
0.000000
0.000000
0.000000
0.000000
0.000000
0.000000
0.000000
0.000000
0.000000
0.000000
0.000000
0.000000
0.000000
0.000032
0.000099
0.000000
0.022740
0.009427
0.000000
0.000000
0.000000
0.000000
0.002078
0.000872
0.000000
0.002944
0.000067
0.000000
0.000000
0.000000
0.000000
0.000096
0.000000
0.000000
0.000000
0.000000
0.000000
0.000000
0.000000
0.000000
0.000000
0.000000
0.000000
0.000000
0.000000
0.000000
0.000000
0.000000
0.000000
0.000000
0.000000
0.000000
0.000007
0.000161
0.013661
0.012105
0.057313
0.000000
0.000000
0.000000
0.000812
0.000892
0.004129
0.000125
0.000901
0.000934
0.000000
0.000000
0.000000
0.000006
0.000009
0.000046
0.000000
0.000000
0.000000
0.000000
0.000000
0.000000
0.000000
0.000000
0.000000
0.000000
0.000000
0.000000
0.000000
0.000000
0.000000
0.000000
0.000000
0.000000
0.000000
0.000000
0.000060
0.000000
0.000000
0.000000
0.030544
0.000000
0.008143
0.003016
0.000000
0.001036
0.000000
0.000000
0.000000
0.000197
0.000000
0.000083
0.000015
0.000000
0.000000
0.000000
0.000000
0.000000
0.000000
0.000000
0.000000
0.000000
0.000000
0.000000
0.000000
0.000000
0.000000
0.000000
0.000000
0.000000
0.000000
0.000000
0.000000
0.000000
0.000005
0.000170
0.000000
0.000000
0.000000
0.000000
0.034465
0.009129
0.000000
0.001632
0.001694
0.000000
0.000000
0.000000
0.000000
0.002370
0.000016
0.000000
0.000005
0.000000
0.000000
0.000000
0.000000
0.000000
0.000000
0.000000
0.000000
0.000000
0.000000
0.000000
0.000000
0.000000
0.000000
0.000000
0.000000
0.000000
0.000000
0.000000
0.000000
0.000005
0.000085
0.000000
0.000000
0.000000
0.008602
0.007876
0.035619
0.000947
0.000665
0.004191
0.000000
0.000000
0.000000
0.000067
0.000571
0.000778
0.000009
0.000000
0.000012
0.000000
0.000000
0.000000
0.000000
0.000000
0.000000
0.000000
0.000000
0.000000
0.000000
0.000000
0.000000
0.000000
0.000000
0.000000
0.000000
0.000000
0.000000
0.000000
0.000000
0.000017
0.002956
0.000000
0.001706
0.002266
0.000000
0.000992
0.006877
0.000000
0.002243
0.000017
0.000000
0.000006
0.000074
0.000000
0.000031
0.000119
0.000000
0.000055
0.000000
0.000000
0.000000
0.000000
0.000000
0.000000
0.000000
0.000000
0.000000
0.000000
0.000000
0.000000
0.000000
0.000000
0.000000
0.000000
0.000000
0.000000
0.000000
0.000000
0.000030
0.000000
0.001452
0.000784
0.000000
0.002468
0.000505
0.000000
0.003618
0.001581
0.000000
0.000041
0.000008
0.000000
0.000196
0.000024
0.000000
0.000188
0.000029
0.000000
0.000000
0.000000
0.000000
0.000000
0.000000
0.000000
0.000000
0.000000
0.000000
0.000000
0.000000
0.000000
0.000000
0.000000
0.000000
0.000000
0.000000
0.000000
0.000000
0.000029
0.001619
0.000682
0.005342
0.000847
0.001154
0.002990
0.002238
0.001791
0.009967
0.000004
0.000049
0.000050
0.000006
0.000132
0.000147
0.000039
0.000051
0.000145
0.000000
0.000000
0.000000
0.000000
0.000000
0.000000
0.000000
0.000000
0.000000
0.000000
0.000000
0.000000
0.000000
0.000000
0.000000
0.000000
0.000000
0.000000
0.000968
0.000000
0.000000
0.000527
0.000000
0.000170
0.000000
0.000000
0.000000
0.000028
0.000000
0.000000
0.001073
0.000000
0.000202
0.000000
0.000000
0.000000
0.000040
0.000000
0.000009
0.000000
0.000000
0.000000
0.000000
0.000000
0.000000
0.000000
0.000000
0.000000
0.000007
0.000027
0.000000
0.000000
0.000000
0.000000
0.000000
0.000000
0.000000
0.004513
0.000004
0.000000
0.000000
0.001254
0.000642
0.000000
0.000000
0.000000
0.000000
0.000046
0.000011
0.000027
0.004589
0.000785
0.000000
0.000000
0.000000
0.000000
0.000113
0.000036
0.000000
0.000000
0.000000
0.000000
0.000000
0.000000
0.000000
0.000000
0.000000
0.000000
0.000000
0.000000
0.000000
0.000000
0.000000
0.000000
0.000000
0.000000
0.000388
0.000027
0.000019
0.000362
0.000044
0.001104
0.000000
0.000000
0.000000
0.000000
0.000000
0.000031
0.000177
0.000584
0.000685
0.000000
0.000000
0.000000
0.000000
0.000000
0.000012
0.000000
0.000000
0.000000
0.000000
0.000000
0.000000
0.000000
0.000000
0.000000
0.000000
0.000000
0.000000
0.000000
0.000000
0.000000
0.000000
0.000000
0.000000
0.000533
0.000000
0.000000
0.000000
0.000000
0.000000
0.000501
0.000000
0.000125
0.000121
0.000000
0.000017
0.000000
0.000000
0.000000
0.000866
0.000000
0.000117
0.000027
0.000000
0.000019
0.000000
0.000000
0.000000
0.000000
0.000000
0.000000
0.000000
0.000000
0.000000
0.000000
0.000000
0.000005
0.000033
0.000051
0.000005
0.000000
0.000000
0.000003
0.004014
0.000069
0.000049
0.000000
0.000000
0.000000
0.000000
0.001709
0.000723
0.000000
0.000082
0.000108
0.000000
0.000000
0.000000
0.000000
0.004604
0.000723
0.000000
0.000054
0.000076
0.000000
0.000000
0.000000
0.000000
0.000000
0.000000
0.000000
0.000000
0.000000
0.000000
0.000000
0.000000
0.000000
0.000000
0.000000
0.000000
0.000000
0.000000
0.000356
0.000006
0.000000
0.000000
0.000000
0.000000
0.000189
0.000052
0.000922
0.000010
0.000004
0.000043
0.000000
0.000000
0.000000
0.000124
0.000579
0.000386
0.000000
0.000000
0.000019
0.000000
0.000000
0.000000
0.000000
0.000000
0.000000
0.000000
0.000000
0.000000
0.000000
0.000000
0.000000
0.000000
0.000000
0.000000
0.000000
0.000000
0.000000
0.000096
0.000000
0.000000
0.000006
0.000000
0.000023
0.000023
0.000000
0.000000
0.000029
0.000000
0.000022
0.000095
0.000000
0.000000
0.000072
0.000000
0.000018
0.000088
0.000000
0.000007
0.000000
0.000000
0.000000
0.000000
0.000000
0.000000
0.000000
0.000000
0.000000
0.000000
0.000000
0.000000
0.000000
0.000000
0.000000
0.000000
0.000000
0.000000
0.000082
0.000000
0.000000
0.000000
0.000005
0.000012
0.000000
0.000009
0.000012
0.000000
0.000087
0.000097
0.000000
0.000011
0.000000
0.000000
0.000260
0.000002
0.000000
0.000078
0.000012
0.000000
0.000000
0.000000
0.000000
0.000000
0.000000
0.000000
0.000000
0.000000
0.000000
0.000000
0.000000
0.000000
0.000000
0.000000
0.000000
0.000000
0.000000
0.000031
0.000000
0.000000
0.000000
0.000000
0.000055
0.000000
0.000000
0.000060
0.000012
0.000000
0.000125
0.000000
0.000066
0.000000
0.000003
0.000127
0.000018
0.000048
0.000007
0.000051
