0.003844
0.006789
0.013447
0.001313
0.005946
0.009032
0.001748
0.002354
0.007579
0.001422
0.004527
0.002597
0.000909
0.005177
0.002038
0.000270
0.000848
0.001197
0.441894
0.001451
0.031575
0.029635
0.015116
0.109860
0.021815
0.026334
0.073537
0.017021
0.010502
0.073078
0.004857
0.018576
0.013473
0.003479
0.018010
0.010075
0.001404
0.002066
0.005202
0.002358
0.000000
0.000918
0.000000
0.000000
0.000000
0.000273
0.000000
0.000138
0.000018
0.000000
0.000012
0.000000
0.000000
0.000000
0.000000
0.000000
0.000000
0.000000
0.000000
0.000142
0.000000
0.000000
0.000000
0.000000
0.000000
0.000000
0.000000
0.000000
0.000000
0.000000
0.000000
0.000000
0.000000
0.000000
0.000000
0.000000
0.000000
0.000000
0.000000
0.004396
0.001263
0.000000
0.000000
0.000000
0.000000
0.000335
0.000121
0.000000
0.000418
0.000050
0.000000
0.000000
0.000000
0.000000
0.000019
0.000000
0.000000
0.000008
0.000179
0.000000
0.000000
0.000000
0.000000
0.000000
0.000000
0.000000
0.000000
0.000000
0.000000
0.000000
0.000000
0.000000
0.000000
0.000000
0.000000
0.000000
0.000000
0.000896
0.001218
0.007973
0.000000
0.000000
0.000000
0.000246
0.000180
0.001132
0.000132
0.000323
0.000664
0.000000
0.000000
0.000000
0.000005
0.000015
0.000080
0.000000
0.000165
0.000337
0.000000
0.000000
0.000000
0.000000
0.000000
0.000000
0.000000
0.000000
0.000000
0.000000
0.000000
0.000000
0.000000
0.000000
0.000000
0.000000
0.000000
0.000000
0.000000
0.000000
0.000000
0.000559
0.000000
0.000494
0.000138
0.000000
0.000030
0.000000
0.000000
0.000000
0.000057
0.000000
0.000009
0.000000
0.000000
0.000009
0.000000
0.000000
0.000024
0.000000
0.000000
0.000000
0.000000
0.000000
0.000000
0.000000
0.000000
0.000000
0.000000
0.000000
0.000000
0.000000
0.000000
0.000000
0.000000
0.000000
0.000000
0.000000
0.000000
0.000000
0.000000
0.003281
0.000911
0.000000
0.000332
0.000233
0.000000
0.000000
0.000000
0.000000
0.000738
0.000040
0.000000
0.000057
0.000000
0.000000
0.000009
0.000167
0.000000
0.000000
0.000000
0.000000
0.000000
0.000000
0.000000
0.000000
0.000000
0.000000
0.000000
0.000000
0.000000
0.000000
0.000000
0.000000
0.000000
0.000000
0.000000
0.000000
0.000000
0.000389
0.001128
0.005521
0.000027
0.000106
0.000760
0.000000
0.000000
0.000000
0.000087
0.000314
0.000370
0.000006
0.000000
0.000025
0.000000
0.000006
0.000215
0.000000
0.000000
0.000000
0.000000
0.000000
0.000000
0.000000
0.000000
0.000000
0.000000
0.000000
0.000000
0.000000
0.000000
0.000000
0.000000
0.000000
0.000000
0.000144
0.000000
0.000124
0.000183
0.000000
0.000098
0.000551
0.000000
0.000474
0.000009
0.000000
0.000000
0.000014
0.000000
0.000007
0.000047
0.000000
0.000039
0.000000
0.000000
0.000063
0.000000
0.000000
0.000000
0.000000
0.000000
0.000000
0.000000
0.000000
0.000000
0.000000
0.000000
0.000000
0.000000
0.000000
0.000000
0.000000
0.000000
0.000000
0.000000
0.000288
0.000066
0.000000
0.000344
0.000051
0.000000
0.000794
0.000373
0.000000
0.000012
0.000000
0.000000
0.000112
0.000007
0.000000
0.000161
0.000000
0.000000
0.000000
0.000086
0.000000
0.000000
0.000000
0.000000
0.000000
0.000000
0.000000
0.000000
0.000000
0.000000
0.000000
0.000000
0.000000
0.000000
0.000000
0.000000
0.000000
0.000000
0.000120
0.000109
0.001057
0.000082
0.000304
0.000827
0.000348
0.000374
0.003308
0.000011
0.000008
0.000032
0.000013
0.000116
0.000117
0.000005
0.000132
0.000424
0.000000
0.000007
0.000211
0.000000
0.000000
0.000000
0.000000
0.000000
0.000000
0.000000
0.000000
0.000000
0.000000
0.000000
0.000000
0.000000
0.000000
0.000000
0.000000
0.000000
0.000000
0.000065
0.000000
0.000254
0.000000
0.000000
0.000000
0.000009
0.000000
0.000008
0.000517
0.000000
0.000074
0.000000
0.000000
0.000000
0.000070
0.000000
0.000009
0.000358
0.000000
0.000000
0.000000
0.000000
0.000000
0.000000
0.000000
0.000000
0.000000
0.000000
0.000000
0.000000
0.000000
0.000000
0.000000
0.000000
0.000000
0.000000
0.000000
0.000000
0.000000
0.000491
0.000400
0.000000
0.000000
0.000000
0.000000
0.000061
0.000011
0.000000
0.001456
0.000648
0.000000
0.000000
0.000000
0.000000
0.000067
0.000115
0.001123
0.000015
0.000127
0.000000
0.000000
0.000000
0.000000
0.000000
0.000000
0.000000
0.000000
0.000000
0.000007
0.000042
0.000013
0.000000
0.000000
0.000000
0.000000
0.000000
0.000000
0.000172
0.000014
0.000933
0.000000
0.000000
0.000000
0.000000
0.000000
0.000053
0.000129
0.000182
0.000586
0.000000
0.000000
0.000000
0.000000
0.000000
0.000015
0.000414
0.000050
0.000013
0.000000
0.000000
0.000000
0.000000
0.000000
0.000000
0.000000
0.000000
0.000000
0.000000
0.000054
0.000000
0.000000
0.000000
0.000000
0.000000
0.000000
0.000000
0.000000
0.000000
0.000000
0.000054
0.000000
0.000023
0.000027
0.000000
0.000000
0.000000
0.000000
0.000000
0.000257
0.000000
0.000126
0.000017
0.000000
0.000070
0.000195
0.000013
0.000000
0.000000
0.000000
0.000000
0.000000
0.000000
0.000000
0.000000
0.000000
0.000000
0.000000
0.000000
0.000000
0.000025
0.000000
0.000010
0.000000
0.000000
0.000000
0.000000
0.000000
0.000000
0.000000
0.000702
0.000172
0.000000
0.000054
0.000162
0.000000
0.000000
0.000000
0.000000
0.001929
0.000226
0.000000
0.000081
0.000100
0.001514
0.000113
0.000046
0.000000
0.000000
0.000000
0.000000
0.000000
0.000000
0.000000
0.000000
0.000000
0.000000
0.000000
0.000000
0.000000
0.000049
0.000006
0.000000
0.000000
0.000000
0.000000
0.000000
0.000000
0.000005
0.000022
0.000599
0.000000
0.000005
0.000129
0.000000
0.000000
0.000000
0.000157
0.000121
0.000348
0.000000
0.000000
0.000140
0.000401
0.000054
0.000012
0.000000
0.000000
0.000000
0.000000
0.000000
0.000000
0.000000
0.000000
0.000000
0.000000
0.000000
0.000000
0.000000
0.000006
0.000000
0.000000
0.000000
0.000000
0.000000
0.000000
0.000017
0.000000
0.000000
0.000044
0.000074
0.000000
0.000000
0.000032
0.000000
0.000000
0.000015
0.000000
0.000000
0.000061
0.000000
0.000000
0.000017
0.000000
0.000012
0.000000
0.000000
0.000000
0.000000
0.000000
0.000000
0.000000
0.000000
0.000000
0.000000
0.000000
0.000000
0.000000
0.000000
0.000000
0.000000
0.000000
0.000000
0.000000
0.000005
0.000007
0.000000
0.000011
0.000000
0.000000
0.000077
0.000143
0.000000
0.000104
0.000000
0.000000
0.000190
0.000000
0.000000
0.000097
0.000051
0.000131
0.000000
0.000000
0.000000
0.000000
0.000000
0.000000
0.000000
0.000000
0.000000
0.000000
0.000000
0.000000
0.000000
0.000000
0.000000
0.000000
0.000041
0.000000
0.000000
0.000000
0.000019
0.000000
0.000012
0.000000
0.000000
0.000032
0.000017
0.000000
0.000474
0.000086
0.000045
0.000044
0.000000
0.000087
0.000141
0.000000
0.000082
0.000044
0.000030
0.000013
0.000019
0.000000
0.000000
0.000000
0.000000
0.000000
0.000000
0.000000
0.000000
0.000000
0.000000
0.000000
0.000000
0.000000
0.000000
0.000000
0.000000
0.000000
0.000000
0.000000
0.000000
0.000000
0.000000
0.000000
0.000000
0.000000
0.000000
0.000000
0.000388
0.001477
0.000369
0.000231
0.001431
0.000393
0.000060
0.000125
0.000027
0.416633
0.000000
0.000160
0.000000
0.000000
0.000000
0.000000
0.000000
0.000000
0.000000
0.000000
0.000000
0.001403
0.004664
0.002040
0.001510
0.005238
0.001990
0.000163
0.000184
0.000305
0.000013
0.000000
0.000086
0.000000
0.000072
0.000015
0.000000
0.000006
0.000000
0.000014
0.000122
0.000061
0.000000
0.000031
0.000199
0.000000
0.000009
0.000032
0.000000
0.000357
0.000000
0.000000
0.000000
0.000088
0.000009
0.000000
0.000074
0.000000
0.000000
0.000000
0.000000
0.000061
0.000037
0.000000
0.000099
0.000027
0.000000
0.000013
0.000044
0.000082
0.000151
0.000368
0.000022
0.000086
0.000292
0.000051
0.000045
0.000097
0.000000
0.000033
0.000024
0.000000
0.000058
0.000016
0.000000
0.000000
0.000013
0.000043
0.000000
0.028468
0.000219
0.000040
0.000440
0.000144
0.000094
0.000375
0.000105
0.000026
0.000412
0.000013
0.000017
0.000024
0.000000
0.000025
0.000007
0.000008
0.000000
0.000000
0.000000
0.000000
0.000000
0.000000
0.000000
0.000000
0.000000
0.000000
0.000000
0.000000
0.000000
0.000000
0.000000
0.000000
0.000000
0.000000
0.000000
0.000000
0.000000
0.000000
0.000082
0.015643
0.000000
0.009809
0.000000
0.000000
0.000000
0.002077
0.000000
0.001323
0.000479
0.000000
0.000378
0.000000
0.000000
0.000000
0.000060
0.000000
0.000035
0.000000
0.000000
0.000000
0.000000
0.000000
0.000000
0.000000
0.000000
0.000000
0.000000
0.000000
0.000000
0.000000
0.000000
0.000000
0.000000
0.000000
0.000000
0.000000
0.000019
0.000149
0.000000
0.006893
0.003500
0.000000
0.000000
0.000000
0.000000
0.001611
0.000621
0.000000
0.002228
0.000139
0.000000
0.000000
0.000000
0.000000
0.000087
0.000000
0.000000
0.000000
0.000000
0.000000
0.000000
0.000000
0.000000
0.000000
0.000000
0.000000
0.000000
0.000000
0.000000
0.000000
0.000000
0.000000
0.000000
0.000000
0.000000
0.000063
0.000284
0.009714
0.005934
0.074369
0.000000
0.000000
0.000000
0.001279
0.001099
0.010882
0.000329
0.002213
0.004089
0.000000
0.000000
0.000000
0.000019
0.000061
0.000609
0.000000
0.000000
0.000000
0.000000
0.000000
0.000000
0.000000
0.000000
0.000000
0.000000
0.000000
0.000000
0.000000
0.000000
0.000000
0.000000
0.000000
0.000000
0.000000
0.000000
0.000075
0.000000
0.000000
0.000000
0.012763
0.000000
0.005933
0.001550
0.000000
0.001152
0.000000
0.000000
0.000000
0.000188
0.000000
0.000171
0.000019
0.000000
0.000097
0.000000
0.000000
0.000000
0.000000
0.000000
0.000000
0.000000
0.000000
0.000000
0.000000
0.000000
0.000000
0.000000
0.000000
0.000000
0.000000
0.000000
0.000000
0.000000
0.000024
0.000176
0.000000
0.000000
0.000000
0.000000
0.014174
0.007178
0.000000
0.000865
0.002071
0.000000
0.000000
0.000000
0.000000
0.001971
0.000012
0.000000
0.000005
0.000000
0.000000
0.000000
0.000000
0.000000
0.000000
0.000000
0.000000
0.000000
0.000000
0.000000
0.000000
0.000000
0.000000
0.000000
0.000000
0.000000
0.000000
0.000000
0.000000
0.000000
0.000194
0.000000
0.000000
0.000000
0.006061
0.005930
0.044994
0.001519
0.000523
0.011336
0.000000
0.000000
0.000000
0.000032
0.001444
0.001834
0.000011
0.000000
0.000115
0.000000
0.000000
0.000000
0.000000
0.000000
0.000000
0.000000
0.000000
0.000000
0.000000
0.000000
0.000000
0.000000
0.000000
0.000000
0.000000
0.000000
0.000000
0.000000
0.000000
0.000049
0.001284
0.000000
0.001963
0.001027
0.000000
0.001076
0.006197
0.000000
0.004432
0.000189
0.000000
0.000085
0.000085
0.000000
0.000101
0.000362
0.000000
0.000334
0.000000
0.000000
0.000000
0.000000
0.000000
0.000000
0.000000
0.000000
0.000000
0.000000
0.000000
0.000000
0.000000
0.000000
0.000000
0.000000
0.000000
0.000000
0.000000
0.000005
0.000088
0.000000
0.000875
0.000518
0.000000
0.002192
0.000923
0.000000
0.003426
0.001807
0.000000
0.000114
0.000000
0.000000
0.000254
0.000007
0.000000
0.000377
0.000000
0.000000
0.000000
0.000000
0.000000
0.000000
0.000000
0.000000
0.000000
0.000000
0.000000
0.000000
0.000000
0.000000
0.000000
0.000000
0.000000
0.000000
0.000000
0.000000
0.000080
0.000195
0.001746
0.000989
0.014496
0.000868
0.001518
0.006875
0.004021
0.002798
0.035870
0.000085
0.000347
0.000543
0.000022
0.000355
0.001059
0.000063
0.000502
0.001376
0.000000
0.000000
0.000000
0.000000
0.000000
0.000000
0.000000
0.000000
0.000000
0.000012
0.000068
0.000000
0.000000
0.000000
0.000000
0.000000
0.000000
0.000000
0.001455
0.000000
0.000009
0.000519
0.000000
0.000334
0.000000
0.000000
0.000000
0.000076
0.000000
0.000015
0.001771
0.000060
0.000436
0.000000
0.000000
0.000015
0.000111
0.000000
0.000014
0.000000
0.000000
0.000000
0.000000
0.000000
0.000000
0.000000
0.000000
0.000000
0.000008
0.000117
0.000051
0.000000
0.000000
0.000000
0.000000
0.000000
0.000000
0.007623
0.000075
0.000016
0.000000
0.000482
0.001195
0.000000
0.000000
0.000000
0.000000
0.000007
0.000104
0.000014
0.005566
0.002737
0.000000
0.000070
0.000000
0.000000
0.000131
0.000402
0.000000
0.000000
0.000000
0.000000
0.000000
0.000000
0.000000
0.000000
0.000000
0.000000
0.000060
0.000000
0.000000
0.000039
0.000000
0.000000
0.000000
0.000007
0.001624
0.000054
0.000038
0.000612
0.000023
0.003977
0.000000
0.000000
0.000000
0.000046
0.000000
0.000521
0.000404
0.003008
0.002924
0.000000
0.000000
0.000000
0.000000
0.000000
0.000255
0.000000
0.000000
0.000000
0.000000
0.000000
0.000000
0.000000
0.000000
0.000000
0.000000
0.000000
0.000007
0.000000
0.000011
0.000000
0.000000
0.000000
0.000000
0.000816
0.000009
0.000010
0.000000
0.000000
0.000000
0.000606
0.000000
0.000237
0.000054
0.000000
0.000036
0.000000
0.000006
0.000000
0.001083
0.000000
0.000273
0.000241
0.000000
0.000115
0.000000
0.000000
0.000000
0.000000
0.000000
0.000000
0.000000
0.000000
0.000000
0.000073
0.000061
0.000000
0.000000
0.000025
0.000000
0.000000
0.000012
0.000007
0.006412
0.000103
0.000025
0.000000
0.000000
0.000000
0.000000
0.001026
0.001488
0.000000
0.000058
0.000270
0.000000
0.000000
0.000000
0.000011
0.005648
0.002092
0.000000
0.000155
0.000504
0.000000
0.000000
0.000000
0.000000
0.000000
0.000000
0.000000
0.000000
0.000000
0.000000
0.000000
0.000000
0.000084
0.000011
0.000013
0.000000
0.000000
0.000000
0.001501
0.000102
0.000006
0.000000
0.000000
0.000000
0.000410
0.000104
0.003310
0.000000
0.000000
0.000499
0.000000
0.000000
0.000000
0.000256
0.001557
0.002031
0.000000
0.000000
0.000169
0.000000
0.000000
0.000000
0.000000
0.000000
0.000000
0.000000
0.000000
0.000000
0.000000
0.000000
0.000000
0.000000
0.000000
0.000000
0.000000
0.000000
0.000000
0.000326
0.000000
0.000000
0.000076
0.000000
0.000013
0.000036
0.000000
0.000042
0.000148
0.000000
0.000113
0.000126
0.000000
0.000000
0.000253
0.000007
0.000000
0.000179
0.000000
0.000101
0.000000
0.000000
0.000000
0.000000
0.000000
0.000000
0.000000
0.000000
0.000000
0.000000
0.000071
0.000000
0.000000
0.000000
0.000000
0.000000
0.000000
0.000000
0.000480
0.000050
0.000000
0.000000
0.000014
0.000010
0.000000
0.000000
0.000005
0.000000
0.000080
0.000274
0.000000
0.000168
0.000000
0.000000
0.000608
0.000000
0.000000
0.000168
0.000157
0.000000
0.000000
0.000000
0.000000
0.000000
0.000000
0.000000
0.000000
0.000000
0.000000
0.000000
0.000000
0.000000
0.000000
0.000000
0.000000
0.000000
0.000000
0.000322
0.000076
0.000014
0.000067
0.000000
0.000270
0.000000
0.000000
0.000116
0.000099
0.000000
0.001464
0.000064
0.000218
0.000157
0.000012
0.000744
0.000451
0.000181
0.000389
0.000609
