0.010510
0.015677
0.011391
0.006381
0.017602
0.008825
0.003166
0.003732
0.004253
0.001002
0.002754
0.000562
0.000561
0.004144
0.000713
0.000097
0.000220
0.000237
0.484745
0.000060
0.040191
0.043210
0.033399
0.068589
0.041789
0.049872
0.059402
0.017806
0.012764
0.024618
0.003177
0.009442
0.001615
0.002902
0.011385
0.002110
0.000126
0.000519
0.000455
0.007005
0.000000
0.002149
0.000000
0.000000
0.000000
0.000679
0.000000
0.000274
0.000298
0.000000
0.000069
0.000000
0.000000
0.000000
0.000040
0.000000
0.000000
0.000000
0.000000
0.000019
0.000000
0.000000
0.000000
0.000000
0.000000
0.000000
0.000000
0.000000
0.000000
0.000000
0.000000
0.000000
0.000000
0.000000
0.000000
0.000000
0.000000
0.000000
0.000000
0.012297
0.001881
0.000000
0.000000
0.000000
0.000000
0.000666
0.000139
0.000000
0.000703
0.000000
0.000000
0.000000
0.000000
0.000000
0.000028
0.000000
0.000000
0.000000
0.000000
0.000000
0.000000
0.000000
0.000000
0.000000
0.000000
0.000000
0.000000
0.000000
0.000000
0.000000
0.000000
0.000000
0.000000
0.000000
0.000000
0.000000
0.000000
0.002207
0.001955
0.005989
0.000000
0.000000
0.000000
0.000065
0.000147
0.000617
0.000030
0.000059
0.000209
0.000000
0.000000
0.000000
0.000000
0.000000
0.000000
0.000000
0.000000
0.000146
0.000000
0.000000
0.000000
0.000000
0.000000
0.000000
0.000000
0.000000
0.000000
0.000000
0.000000
0.000000
0.000000
0.000000
0.000000
0.000000
0.000000
0.000000
0.000000
0.000000
0.000000
0.004280
0.000000
0.001358
0.000450
0.000000
0.000066
0.000000
0.000000
0.000000
0.000143
0.000000
0.000025
0.000000
0.000000
0.000000
0.000000
0.000000
0.000036
0.000000
0.000000
0.000000
0.000000
0.000000
0.000000
0.000000
0.000000
0.000000
0.000000
0.000000
0.000000
0.000000
0.000000
0.000000
0.000000
0.000000
0.000000
0.000000
0.000000
0.000000
0.000000
0.013679
0.001367
0.000000
0.001102
0.000266
0.000000
0.000000
0.000000
0.000000
0.000790
0.000019
0.000000
0.000000
0.000000
0.000000
0.000016
0.000213
0.000000
0.000000
0.000000
0.000000
0.000000
0.000000
0.000000
0.000000
0.000000
0.000000
0.000000
0.000000
0.000000
0.000000
0.000000
0.000000
0.000000
0.000000
0.000000
0.000000
0.000000
0.001299
0.001751
0.004854
0.000151
0.000092
0.000474
0.000000
0.000000
0.000000
0.000000
0.000059
0.000038
0.000000
0.000000
0.000033
0.000000
0.000000
0.000092
0.000000
0.000000
0.000000
0.000000
0.000000
0.000000
0.000000
0.000000
0.000000
0.000000
0.000000
0.000000
0.000000
0.000000
0.000000
0.000000
0.000000
0.000000
0.000588
0.000000
0.000161
0.000519
0.000000
0.000145
0.001306
0.000000
0.000266
0.000000
0.000000
0.000000
0.000018
0.000000
0.000000
0.000000
0.000000
0.000125
0.000000
0.000000
0.000043
0.000000
0.000000
0.000000
0.000000
0.000000
0.000000
0.000000
0.000000
0.000000
0.000000
0.000000
0.000000
0.000000
0.000000
0.000000
0.000000
0.000000
0.000000
0.000000
0.000552
0.000143
0.000000
0.000874
0.000073
0.000000
0.001127
0.000836
0.000000
0.000024
0.000000
0.000000
0.000078
0.000000
0.000000
0.000036
0.000000
0.000000
0.000000
0.000000
0.000000
0.000000
0.000000
0.000000
0.000000
0.000000
0.000000
0.000000
0.000000
0.000000
0.000000
0.000000
0.000000
0.000000
0.000000
0.000000
0.000000
0.000000
0.000448
0.000140
0.000719
0.000148
0.000160
0.000608
0.000455
0.000300
0.001187
0.000000
0.000000
0.000000
0.000000
0.000014
0.000000
0.000000
0.000027
0.000054
0.000000
0.000000
0.000000
0.000000
0.000000
0.000000
0.000000
0.000000
0.000000
0.000000
0.000000
0.000000
0.000000
0.000000
0.000000
0.000000
0.000000
0.000000
0.000000
0.000000
0.000000
0.000108
0.000000
0.000031
0.000000
0.000000
0.000000
0.000000
0.000000
0.000000
0.000436
0.000000
0.000060
0.000000
0.000000
0.000000
0.000000
0.000000
0.000000
0.000369
0.000000
0.000000
0.000000
0.000000
0.000000
0.000000
0.000000
0.000000
0.000000
0.000000
0.000000
0.000000
0.000000
0.000000
0.000000
0.000000
0.000000
0.000000
0.000000
0.000000
0.000000
0.000417
0.000019
0.000000
0.000000
0.000000
0.000000
0.000043
0.000000
0.000000
0.001193
0.000101
0.000000
0.000000
0.000000
0.000000
0.000029
0.000000
0.000870
0.000000
0.000000
0.000000
0.000000
0.000000
0.000000
0.000000
0.000000
0.000000
0.000000
0.000000
0.000000
0.000070
0.000000
0.000000
0.000019
0.000000
0.000000
0.000000
0.000000
0.000000
0.000000
0.000173
0.000000
0.000000
0.000000
0.000000
0.000000
0.000037
0.000027
0.000137
0.000074
0.000000
0.000000
0.000000
0.000000
0.000000
0.000000
0.000114
0.000000
0.000000
0.000000
0.000000
0.000000
0.000000
0.000000
0.000000
0.000000
0.000000
0.000000
0.000000
0.000000
0.000000
0.000000
0.000000
0.000000
0.000000
0.000000
0.000000
0.000000
0.000000
0.000000
0.000052
0.000000
0.000019
0.000019
0.000000
0.000000
0.000000
0.000000
0.000000
0.000179
0.000000
0.000050
0.000017
0.000000
0.000025
0.000199
0.000000
0.000000
0.000000
0.000000
0.000000
0.000000
0.000000
0.000000
0.000000
0.000000
0.000000
0.000000
0.000000
0.000000
0.000000
0.000000
0.000000
0.000000
0.000000
0.000000
0.000000
0.000000
0.000000
0.000000
0.000850
0.000017
0.000000
0.000213
0.000000
0.000000
0.000000
0.000000
0.000000
0.001746
0.000271
0.000000
0.000000
0.000000
0.001015
0.000000
0.000043
0.000000
0.000000
0.000000
0.000000
0.000000
0.000000
0.000000
0.000000
0.000000
0.000000
0.000000
0.000000
0.000000
0.000000
0.000000
0.000000
0.000000
0.000000
0.000000
0.000000
0.000000
0.000061
0.000013
0.000328
0.000000
0.000000
0.000014
0.000000
0.000000
0.000000
0.000038
0.000019
0.000051
0.000000
0.000000
0.000000
0.000192
0.000000
0.000000
0.000000
0.000000
0.000000
0.000000
0.000000
0.000000
0.000000
0.000000
0.000000
0.000000
0.000000
0.000000
0.000000
0.000000
0.000000
0.000000
0.000000
0.000000
0.000000
0.000000
0.000000
0.000000
0.000000
0.000000
0.000017
0.000000
0.000000
0.000000
0.000000
0.000000
0.000000
0.000000
0.000000
0.000040
0.000000
0.000000
0.000040
0.000000
0.000000
0.000000
0.000000
0.000000
0.000000
0.000000
0.000000
0.000000
0.000000
0.000000
0.000000
0.000000
0.000000
0.000000
0.000000
0.000000
0.000000
0.000000
0.000000
0.000000
0.000018
0.000000
0.000000
0.000016
0.000000
0.000000
0.000014
0.000016
0.000000
0.000036
0.000000
0.000000
0.000000
0.000000
0.000000
0.000047
0.000000
0.000075
0.000000
0.000000
0.000000
0.000000
0.000000
0.000000
0.000000
0.000000
0.000000
0.000000
0.000000
0.000000
0.000000
0.000000
0.000000
0.000000
0.000000
0.000000
0.000000
0.000000
0.000000
0.000000
0.000000
0.000000
0.000000
0.000000
0.000000
0.000000
0.000025
0.000014
0.000000
0.000000
0.000000
0.000013
0.000167
0.000000
0.000019
0.000000
0.000000
0.000000
0.000000
0.000000
0.000000
0.000000
0.000000
0.000000
0.000000
0.000000
0.000000
0.000000
0.000000
0.000000
0.000000
0.000000
0.000000
0.000000
0.000000
0.000000
0.000000
0.000000
0.000000
0.000000
0.000000
0.000000
0.000000
0.000000
0.000000
0.000000
0.000199
0.000609
0.000049
0.000158
0.001258
0.000057
0.000000
0.000034
0.000000
0.473141
0.000000
0.000016
0.000000
0.000000
0.000000
0.000000
0.000000
0.000000
0.000000
0.000000
0.000000
0.000686
0.001660
0.000165
0.001269
0.003663
0.000336
0.000016
0.000108
0.000017
0.000000
0.000000
0.000000
0.000000
0.000000
0.000000
0.000000
0.000000
0.000000
0.000000
0.000000
0.000000
0.000000
0.000028
0.000000
0.000000
0.000000
0.000000
0.000000
0.000016
0.000000
0.000000
0.000000
0.000000
0.000000
0.000000
0.000016
0.000000
0.000000
0.000000
0.000000
0.000000
0.000000
0.000000
0.000000
0.000000
0.000000
0.000000
0.000000
0.000178
0.000358
0.000158
0.000038
0.000289
0.000073
0.000028
0.000041
0.000043
0.000000
0.000000
0.000000
0.000000
0.000041
0.000000
0.000000
0.000000
0.000000
0.000000
0.000000
0.038056
0.000027
0.000144
0.000306
0.000065
0.000144
0.000117
0.000000
0.000098
0.000036
0.000033
0.000000
0.000000
0.000000
0.000000
0.000000
0.000000
0.000000
0.000000
0.000000
0.000000
0.000000
0.000000
0.000000
0.000000
0.000000
0.000000
0.000000
0.000000
0.000000
0.000000
0.000000
0.000000
0.000000
0.000000
0.000000
0.000000
0.000000
0.000000
0.000115
0.029566
0.000000
0.009157
0.000000
0.000000
0.000000
0.002935
0.000000
0.000870
0.000661
0.000000
0.000088
0.000000
0.000000
0.000000
0.000000
0.000000
0.000000
0.000000
0.000000
0.000000
0.000000
0.000000
0.000000
0.000000
0.000000
0.000000
0.000000
0.000000
0.000000
0.000000
0.000000
0.000000
0.000000
0.000000
0.000000
0.000000
0.000000
0.000427
0.000000
0.020042
0.007372
0.000000
0.000000
0.000000
0.000000
0.002258
0.000178
0.000000
0.003167
0.000062
0.000000
0.000000
0.000000
0.000000
0.000000
0.000000
0.000000
0.000000
0.000000
0.000000
0.000000
0.000000
0.000000
0.000000
0.000000
0.000000
0.000000
0.000000
0.000000
0.000000
0.000000
0.000000
0.000000
0.000000
0.000000
0.000000
0.000167
0.008067
0.010249
0.043861
0.000000
0.000000
0.000000
0.000558
0.000622
0.004119
0.000308
0.000294
0.000548
0.000000
0.000000
0.000000
0.000000
0.000035
0.000000
0.000000
0.000000
0.000000
0.000000
0.000000
0.000000
0.000000
0.000000
0.000000
0.000000
0.000000
0.000000
0.000000
0.000000
0.000000
0.000000
0.000000
0.000000
0.000000
0.000000
0.000072
0.000000
0.000000
0.000000
0.029642
0.000000
0.007910
0.003049
0.000000
0.001008
0.000000
0.000000
0.000000
0.000195
0.000000
0.000072
0.000000
0.000000
0.000000
0.000000
0.000000
0.000000
0.000000
0.000000
0.000000
0.000000
0.000000
0.000000
0.000000
0.000000
0.000000
0.000000
0.000000
0.000000
0.000000
0.000000
0.000000
0.000000
0.000000
0.000344
0.000000
0.000000
0.000000
0.000000
0.034444
0.008875
0.000000
0.002611
0.001639
0.000000
0.000000
0.000000
0.000000
0.002037
0.000000
0.000000
0.000043
0.000000
0.000000
0.000000
0.000000
0.000000
0.000000
0.000000
0.000000
0.000000
0.000000
0.000000
0.000000
0.000000
0.000000
0.000000
0.000000
0.000000
0.000000
0.000000
0.000000
0.000000
0.000266
0.000000
0.000000
0.000000
0.008567
0.007692
0.035634
0.001439
0.000493
0.004393
0.000000
0.000000
0.000000
0.000037
0.000644
0.000390
0.000000
0.000000
0.000000
0.000000
0.000000
0.000000
0.000000
0.000000
0.000000
0.000000
0.000000
0.000000
0.000000
0.000000
0.000000
0.000000
0.000000
0.000000
0.000000
0.000000
0.000000
0.000000
0.000000
0.000158
0.003871
0.000000
0.001575
0.001966
0.000000
0.000738
0.007103
0.000000
0.002214
0.000041
0.000000
0.000028
0.000143
0.000000
0.000000
0.000027
0.000000
0.000028
0.000000
0.000000
0.000000
0.000000
0.000000
0.000000
0.000000
0.000000
0.000000
0.000000
0.000000
0.000000
0.000000
0.000000
0.000000
0.000000
0.000000
0.000000
0.000000
0.000000
0.000033
0.000000
0.001653
0.000723
0.000000
0.003161
0.000762
0.000000
0.004641
0.001723
0.000000
0.000009
0.000000
0.000000
0.000049
0.000009
0.000000
0.000014
0.000000
0.000000
0.000000
0.000000
0.000000
0.000000
0.000000
0.000000
0.000000
0.000000
0.000000
0.000000
0.000000
0.000000
0.000000
0.000000
0.000000
0.000000
0.000000
0.000000
0.000000
0.000038
0.001291
0.000695
0.004777
0.000819
0.001348
0.002750
0.002507
0.001960
0.008050
0.000028
0.000027
0.000075
0.000031
0.000035
0.000031
0.000017
0.000077
0.000161
0.000000
0.000000
0.000000
0.000000
0.000000
0.000000
0.000000
0.000000
0.000000
0.000000
0.000000
0.000000
0.000000
0.000000
0.000000
0.000000
0.000000
0.000000
0.001255
0.000000
0.000000
0.000532
0.000000
0.000052
0.000000
0.000000
0.000000
0.000024
0.000000
0.000000
0.001202
0.000000
0.000078
0.000000
0.000000
0.000000
0.000000
0.000000
0.000000
0.000000
0.000000
0.000000
0.000000
0.000000
0.000000
0.000000
0.000000
0.000000
0.000000
0.000000
0.000000
0.000000
0.000052
0.000000
0.000000
0.000000
0.000000
0.003646
0.000000
0.000000
0.000000
0.000686
0.000469
0.000000
0.000000
0.000000
0.000000
0.000071
0.000069
0.000000
0.004055
0.000349
0.000000
0.000000
0.000000
0.000000
0.000054
0.000033
0.000000
0.000000
0.000000
0.000000
0.000000
0.000000
0.000000
0.000000
0.000000
0.000000
0.000000
0.000000
0.000000
0.000000
0.000000
0.000000
0.000000
0.000000
0.000373
0.000000
0.000000
0.000037
0.000009
0.000546
0.000000
0.000000
0.000000
0.000000
0.000000
0.000000
0.000227
0.000201
0.000225
0.000000
0.000000
0.000000
0.000000
0.000000
0.000000
0.000000
0.000000
0.000000
0.000000
0.000000
0.000000
0.000000
0.000000
0.000000
0.000000
0.000000
0.000000
0.000000
0.000027
0.000000
0.000000
0.000000
0.000000
0.000439
0.000000
0.000016
0.000000
0.000000
0.000000
0.000836
0.000000
0.000122
0.000139
0.000000
0.000000
0.000000
0.000000
0.000000
0.001100
0.000000
0.000075
0.000065
0.000000
0.000093
0.000000
0.000000
0.000000
0.000000
0.000000
0.000000
0.000000
0.000000
0.000000
0.000000
0.000000
0.000000
0.000025
0.000028
0.000038
0.000000
0.000000
0.000000
0.003150
0.000028
0.000013
0.000000
0.000000
0.000000
0.000000
0.001763
0.000906
0.000000
0.000000
0.000028
0.000000
0.000000
0.000000
0.000000
0.004361
0.000948
0.000000
0.000054
0.000078
0.000000
0.000000
0.000000
0.000000
0.000000
0.000000
0.000000
0.000000
0.000000
0.000000
0.000000
0.000000
0.000000
0.000000
0.000000
0.000000
0.000000
0.000000
0.000202
0.000000
0.000000
0.000000
0.000000
0.000000
0.000052
0.000000
0.001134
0.000018
0.000000
0.000109
0.000000
0.000000
0.000000
0.000032
0.000295
0.000227
0.000000
0.000000
0.000045
0.000000
0.000000
0.000000
0.000000
0.000000
0.000000
0.000000
0.000000
0.000000
0.000000
0.000000
0.000000
0.000000
0.000000
0.000000
0.000000
0.000000
0.000000
0.000017
0.000000
0.000000
0.000000
0.000000
0.000000
0.000000
0.000000
0.000000
0.000041
0.000000
0.000040
0.000000
0.000000
0.000000
0.000027
0.000000
0.000000
0.000000
0.000000
0.000000
0.000000
0.000000
0.000000
0.000000
0.000000
0.000000
0.000000
0.000000
0.000000
0.000000
0.000000
0.000000
0.000000
0.000000
0.000000
0.000000
0.000000
0.000000
0.000120
0.000000
0.000000
0.000000
0.000028
0.000000
0.000000
0.000055
0.000000
0.000000
0.000059
0.000073
0.000000
0.000000
0.000000
0.000000
0.000049
0.000000
0.000000
0.000135
0.000000
0.000000
0.000000
0.000000
0.000000
0.000000
0.000000
0.000000
0.000000
0.000000
0.000000
0.000000
0.000000
0.000000
0.000000
0.000000
0.000000
0.000000
0.000000
0.000000
0.000000
0.000000
0.000000
0.000000
0.000019
0.000000
0.000000
0.000000
0.000080
0.000000
0.000168
0.000000
0.000000
0.000000
0.000000
0.000161
0.000028
0.000000
0.000000
0.000000
