0.009592
0.014232
0.007362
0.005132
0.014286
0.005978
0.001591
0.001371
0.001086
0.000587
0.001934
0.000191
0.000435
0.002085
0.000185
0.000012
0.000042
0.000008
0.480112
0.000116
0.026105
0.085809
0.058866
0.063401
0.058446
0.064896
0.043092
0.012635
0.008555
0.010797
0.001902
0.007614
0.000950
0.001392
0.007946
0.000858
0.000146
0.000171
0.000085
0.007567
0.000000
0.001348
0.000000
0.000000
0.000000
0.000454
0.000000
0.000046
0.000099
0.000000
0.000000
0.000000
0.000000
0.000000
0.000003
0.000000
0.000000
0.000000
0.000000
0.000068
0.000000
0.000000
0.000000
0.000000
0.000000
0.000000
0.000000
0.000000
0.000000
0.000000
0.000000
0.000000
0.000000
0.000000
0.000000
0.000000
0.000000
0.000000
0.000000
0.011917
0.001355
0.000000
0.000000
0.000000
0.000000
0.000327
0.000044
0.000000
0.000385
0.000015
0.000000
0.000000
0.000000
0.000000
0.000002
0.000000
0.000000
0.000002
0.000201
0.000000
0.000000
0.000000
0.000000
0.000000
0.000000
0.000000
0.000000
0.000000
0.000000
0.000000
0.000000
0.000000
0.000000
0.000000
0.000000
0.000000
0.000000
0.001445
0.001317
0.004113
0.000000
0.000000
0.000000
0.000046
0.000087
0.000196
0.000008
0.000064
0.000050
0.000000
0.000000
0.000000
0.000000
0.000000
0.000000
0.000000
0.000000
0.000054
0.000000
0.000000
0.000000
0.000000
0.000000
0.000000
0.000000
0.000000
0.000000
0.000000
0.000000
0.000000
0.000000
0.000000
0.000000
0.000000
0.000000
0.000000
0.000000
0.000000
0.000000
0.003700
0.000000
0.000948
0.000289
0.000000
0.000044
0.000000
0.000000
0.000000
0.000087
0.000000
0.000004
0.000000
0.000000
0.000000
0.000000
0.000000
0.000057
0.000000
0.000000
0.000000
0.000000
0.000000
0.000000
0.000000
0.000000
0.000000
0.000000
0.000000
0.000000
0.000000
0.000000
0.000000
0.000000
0.000000
0.000000
0.000000
0.000000
0.000000
0.000000
0.011888
0.001194
0.000000
0.000328
0.000088
0.000000
0.000000
0.000000
0.000000
0.000560
0.000016
0.000000
0.000002
0.000000
0.000000
0.000000
0.000091
0.000000
0.000000
0.000000
0.000000
0.000000
0.000000
0.000000
0.000000
0.000000
0.000000
0.000000
0.000000
0.000000
0.000000
0.000000
0.000000
0.000000
0.000000
0.000000
0.000000
0.000000
0.000801
0.001305
0.003416
0.000090
0.000031
0.000159
0.000000
0.000000
0.000000
0.000018
0.000073
0.000048
0.000000
0.000000
0.000000
0.000000
0.000003
0.000023
0.000000
0.000000
0.000000
0.000000
0.000000
0.000000
0.000000
0.000000
0.000000
0.000000
0.000000
0.000000
0.000000
0.000000
0.000000
0.000000
0.000000
0.000000
0.000278
0.000000
0.000100
0.000361
0.000000
0.000085
0.000591
0.000000
0.000137
0.000024
0.000000
0.000000
0.000000
0.000000
0.000000
0.000004
0.000000
0.000000
0.000000
0.000000
0.000004
0.000000
0.000000
0.000000
0.000000
0.000000
0.000000
0.000000
0.000000
0.000000
0.000000
0.000000
0.000000
0.000000
0.000000
0.000000
0.000000
0.000000
0.000000
0.000000
0.000282
0.000077
0.000000
0.000427
0.000014
0.000000
0.000455
0.000079
0.000000
0.000010
0.000000
0.000000
0.000009
0.000000
0.000000
0.000020
0.000000
0.000000
0.000000
0.000002
0.000000
0.000000
0.000000
0.000000
0.000000
0.000000
0.000000
0.000000
0.000000
0.000000
0.000000
0.000000
0.000000
0.000000
0.000000
0.000000
0.000000
0.000000
0.000089
0.000037
0.000193
0.000045
0.000084
0.000197
0.000079
0.000080
0.000268
0.000000
0.000000
0.000007
0.000000
0.000000
0.000000
0.000000
0.000000
0.000004
0.000000
0.000000
0.000004
0.000000
0.000000
0.000000
0.000000
0.000000
0.000000
0.000000
0.000000
0.000000
0.000000
0.000000
0.000000
0.000000
0.000000
0.000000
0.000000
0.000000
0.000000
0.000145
0.000000
0.000023
0.000000
0.000000
0.000000
0.000015
0.000000
0.000000
0.000231
0.000000
0.000016
0.000000
0.000000
0.000000
0.000000
0.000000
0.000000
0.000156
0.000003
0.000000
0.000000
0.000000
0.000000
0.000000
0.000000
0.000000
0.000000
0.000000
0.000000
0.000000
0.000000
0.000000
0.000000
0.000000
0.000000
0.000000
0.000000
0.000000
0.000000
0.000536
0.000052
0.000000
0.000000
0.000000
0.000000
0.000025
0.000000
0.000000
0.000758
0.000041
0.000000
0.000000
0.000000
0.000000
0.000000
0.000000
0.000466
0.000024
0.000018
0.000000
0.000000
0.000000
0.000000
0.000000
0.000000
0.000000
0.000000
0.000000
0.000000
0.000000
0.000000
0.000000
0.000000
0.000000
0.000000
0.000018
0.000000
0.000022
0.000003
0.000075
0.000000
0.000000
0.000000
0.000000
0.000000
0.000003
0.000023
0.000035
0.000015
0.000000
0.000000
0.000000
0.000000
0.000000
0.000000
0.000009
0.000008
0.000000
0.000000
0.000000
0.000000
0.000000
0.000000
0.000000
0.000000
0.000000
0.000000
0.000000
0.000000
0.000000
0.000000
0.000000
0.000000
0.000000
0.000000
0.000000
0.000000
0.000000
0.000000
0.000132
0.000000
0.000016
0.000003
0.000000
0.000000
0.000000
0.000000
0.000000
0.000151
0.000000
0.000021
0.000000
0.000000
0.000000
0.000109
0.000000
0.000004
0.000000
0.000000
0.000000
0.000000
0.000000
0.000000
0.000000
0.000000
0.000000
0.000000
0.000000
0.000000
0.000000
0.000000
0.000000
0.000000
0.000000
0.000000
0.000000
0.000000
0.000000
0.000000
0.000516
0.000022
0.000000
0.000026
0.000006
0.000000
0.000000
0.000000
0.000000
0.000776
0.000064
0.000000
0.000008
0.000002
0.000638
0.000000
0.000000
0.000000
0.000000
0.000000
0.000000
0.000000
0.000000
0.000000
0.000000
0.000000
0.000000
0.000014
0.000000
0.000000
0.000002
0.000000
0.000000
0.000000
0.000000
0.000000
0.000000
0.000000
0.000034
0.000000
0.000066
0.000000
0.000000
0.000005
0.000000
0.000000
0.000000
0.000016
0.000024
0.000012
0.000000
0.000000
0.000000
0.000025
0.000000
0.000000
0.000000
0.000000
0.000000
0.000000
0.000000
0.000000
0.000000
0.000000
0.000000
0.000000
0.000000
0.000000
0.000000
0.000002
0.000000
0.000000
0.000000
0.000000
0.000000
0.000000
0.000000
0.000000
0.000000
0.000000
0.000003
0.000000
0.000000
0.000002
0.000000
0.000000
0.000002
0.000000
0.000000
0.000002
0.000000
0.000000
0.000003
0.000000
0.000000
0.000000
0.000000
0.000000
0.000000
0.000000
0.000000
0.000000
0.000000
0.000000
0.000000
0.000000
0.000000
0.000000
0.000000
0.000000
0.000000
0.000000
0.000000
0.000000
0.000004
0.000000
0.000000
0.000000
0.000000
0.000000
0.000004
0.000006
0.000000
0.000012
0.000000
0.000000
0.000008
0.000000
0.000000
0.000004
0.000002
0.000004
0.000000
0.000000
0.000000
0.000000
0.000000
0.000000
0.000000
0.000000
0.000000
0.000000
0.000000
0.000000
0.000000
0.000000
0.000000
0.000000
0.000000
0.000000
0.000000
0.000000
0.000000
0.000000
0.000002
0.000000
0.000000
0.000000
0.000000
0.000000
0.000002
0.000002
0.000000
0.000003
0.000000
0.000000
0.000000
0.000000
0.000000
0.000000
0.000000
0.000000
0.000000
0.000000
0.000000
0.000000
0.000000
0.000000
0.000000
0.000000
0.000000
0.000000
0.000000
0.000000
0.000000
0.000000
0.000000
0.000000
0.000000
0.000000
0.000000
0.000000
0.000000
0.000000
0.000000
0.000000
0.000000
0.000000
0.000000
0.000000
0.000198
0.000666
0.000046
0.000163
0.000595
0.000018
0.000003
0.000007
0.000000
0.471864
0.000000
0.000002
0.000000
0.000000
0.000000
0.000000
0.000000
0.000000
0.000000
0.000000
0.000000
0.000595
0.001874
0.000154
0.000560
0.002204
0.000131
0.000029
0.000014
0.000002
0.000004
0.000021
0.000000
0.000000
0.000002
0.000000
0.000000
0.000003
0.000000
0.000000
0.000000
0.000000
0.000000
0.000015
0.000003
0.000000
0.000000
0.000000
0.000000
0.000029
0.000000
0.000000
0.000012
0.000000
0.000003
0.000002
0.000000
0.000000
0.000003
0.000000
0.000000
0.000004
0.000012
0.000000
0.000000
0.000000
0.000000
0.000004
0.000000
0.000049
0.000097
0.000034
0.000060
0.000079
0.000019
0.000024
0.000009
0.000008
0.000000
0.000000
0.000000
0.000000
0.000000
0.000000
0.000000
0.000000
0.000000
0.000019
0.000000
0.025199
0.000124
0.000044
0.000092
0.000107
0.000066
0.000079
0.000026
0.000000
0.000025
0.000000
0.000003
0.000000
0.000000
0.000004
0.000000
0.000000
0.000000
0.000000
0.000000
0.000000
0.000000
0.000000
0.000000
0.000000
0.000000
0.000000
0.000000
0.000000
0.000000
0.000000
0.000000
0.000000
0.000000
0.000000
0.000000
0.000000
0.000000
0.000000
0.000068
0.067285
0.000000
0.014732
0.000000
0.000000
0.000000
0.002815
0.000000
0.000655
0.000425
0.000000
0.000040
0.000000
0.000000
0.000000
0.000022
0.000000
0.000009
0.000000
0.000000
0.000000
0.000000
0.000000
0.000000
0.000000
0.000000
0.000000
0.000000
0.000000
0.000000
0.000000
0.000000
0.000000
0.000000
0.000000
0.000000
0.000000
0.000021
0.000055
0.000000
0.042890
0.011065
0.000000
0.000000
0.000000
0.000000
0.002146
0.000458
0.000000
0.002357
0.000033
0.000000
0.000000
0.000000
0.000000
0.000008
0.000000
0.000000
0.000000
0.000000
0.000000
0.000000
0.000000
0.000000
0.000000
0.000000
0.000000
0.000000
0.000000
0.000000
0.000000
0.000000
0.000000
0.000000
0.000000
0.000000
0.000000
0.000061
0.013704
0.012902
0.033582
0.000000
0.000000
0.000000
0.000603
0.000490
0.001591
0.000067
0.000287
0.000277
0.000000
0.000000
0.000000
0.000004
0.000003
0.000017
0.000000
0.000000
0.000000
0.000000
0.000000
0.000000
0.000000
0.000000
0.000000
0.000000
0.000000
0.000000
0.000000
0.000000
0.000000
0.000000
0.000000
0.000000
0.000000
0.000000
0.000041
0.000000
0.000000
0.000000
0.046310
0.000000
0.008489
0.002878
0.000000
0.000563
0.000000
0.000000
0.000000
0.000213
0.000000
0.000068
0.000003
0.000000
0.000000
0.000000
0.000000
0.000000
0.000000
0.000000
0.000000
0.000000
0.000000
0.000000
0.000000
0.000000
0.000000
0.000000
0.000000
0.000000
0.000000
0.000000
0.000000
0.000000
0.000004
0.000133
0.000000
0.000000
0.000000
0.000000
0.051559
0.008513
0.000000
0.001928
0.000800
0.000000
0.000000
0.000000
0.000000
0.002040
0.000037
0.000000
0.000000
0.000004
0.000000
0.000000
0.000000
0.000000
0.000000
0.000000
0.000000
0.000000
0.000000
0.000000
0.000000
0.000000
0.000000
0.000000
0.000000
0.000000
0.000000
0.000000
0.000000
0.000000
0.000022
0.000000
0.000000
0.000000
0.008635
0.007819
0.023093
0.000603
0.000421
0.002022
0.000000
0.000000
0.000000
0.000045
0.000275
0.000249
0.000000
0.000000
0.000000
0.000000
0.000000
0.000000
0.000000
0.000000
0.000000
0.000000
0.000000
0.000000
0.000000
0.000000
0.000000
0.000000
0.000000
0.000000
0.000000
0.000000
0.000000
0.000000
0.000000
0.000010
0.003332
0.000000
0.000676
0.002401
0.000000
0.000704
0.004523
0.000000
0.000934
0.000035
0.000000
0.000004
0.000019
0.000000
0.000000
0.000035
0.000000
0.000002
0.000000
0.000000
0.000000
0.000000
0.000000
0.000000
0.000000
0.000000
0.000000
0.000000
0.000000
0.000000
0.000000
0.000000
0.000000
0.000000
0.000000
0.000000
0.000000
0.000000
0.000011
0.000000
0.001586
0.000658
0.000000
0.002327
0.000266
0.000000
0.002569
0.000965
0.000000
0.000003
0.000000
0.000000
0.000141
0.000000
0.000000
0.000050
0.000000
0.000000
0.000000
0.000000
0.000000
0.000000
0.000000
0.000000
0.000000
0.000000
0.000000
0.000000
0.000000
0.000000
0.000000
0.000000
0.000000
0.000000
0.000000
0.000000
0.000000
0.000010
0.001092
0.000383
0.001920
0.000578
0.000675
0.001319
0.001158
0.000865
0.002718
0.000002
0.000032
0.000004
0.000004
0.000019
0.000023
0.000004
0.000008
0.000013
0.000000
0.000000
0.000000
0.000000
0.000000
0.000000
0.000000
0.000000
0.000000
0.000000
0.000000
0.000000
0.000000
0.000000
0.000000
0.000000
0.000000
0.000000
0.000594
0.000000
0.000000
0.000392
0.000000
0.000111
0.000000
0.000000
0.000000
0.000019
0.000000
0.000000
0.000679
0.000000
0.000090
0.000011
0.000000
0.000000
0.000011
0.000000
0.000000
0.000000
0.000000
0.000000
0.000000
0.000000
0.000000
0.000000
0.000000
0.000000
0.000000
0.000000
0.000000
0.000000
0.000000
0.000000
0.000000
0.000000
0.000000
0.002862
0.000000
0.000000
0.000000
0.001188
0.000366
0.000000
0.000000
0.000000
0.000000
0.000040
0.000018
0.000013
0.002842
0.000257
0.000000
0.000000
0.000000
0.000000
0.000020
0.000003
0.000000
0.000000
0.000000
0.000000
0.000000
0.000000
0.000000
0.000000
0.000000
0.000000
0.000000
0.000000
0.000000
0.000000
0.000000
0.000000
0.000000
0.000000
0.000094
0.000004
0.000000
0.000107
0.000021
0.000374
0.000000
0.000000
0.000000
0.000000
0.000000
0.000000
0.000062
0.000206
0.000081
0.000000
0.000000
0.000000
0.000000
0.000000
0.000000
0.000000
0.000000
0.000000
0.000000
0.000000
0.000000
0.000000
0.000000
0.000000
0.000000
0.000000
0.000000
0.000000
0.000000
0.000000
0.000000
0.000000
0.000000
0.000361
0.000000
0.000000
0.000000
0.000000
0.000000
0.000440
0.000000
0.000041
0.000032
0.000000
0.000005
0.000000
0.000000
0.000000
0.000459
0.000000
0.000055
0.000000
0.000000
0.000000
0.000000
0.000000
0.000000
0.000000
0.000000
0.000000
0.000000
0.000000
0.000000
0.000000
0.000007
0.000000
0.000000
0.000031
0.000000
0.000000
0.000000
0.000000
0.002660
0.000015
0.000011
0.000000
0.000000
0.000000
0.000000
0.001532
0.000421
0.000000
0.000030
0.000031
0.000000
0.000000
0.000000
0.000000
0.003007
0.000174
0.000000
0.000024
0.000017
0.000000
0.000000
0.000000
0.000000
0.000000
0.000000
0.000000
0.000000
0.000000
0.000000
0.000000
0.000000
0.000000
0.000000
0.000000
0.000000
0.000000
0.000000
0.000140
0.000003
0.000000
0.000000
0.000000
0.000000
0.000087
0.000018
0.000238
0.000000
0.000002
0.000012
0.000000
0.000000
0.000000
0.000045
0.000195
0.000117
0.000000
0.000000
0.000004
0.000000
0.000000
0.000000
0.000000
0.000000
0.000000
0.000000
0.000000
0.000000
0.000000
0.000000
0.000000
0.000000
0.000000
0.000000
0.000000
0.000000
0.000000
0.000027
0.000000
0.000000
0.000014
0.000000
0.000000
0.000004
0.000000
0.000000
0.000016
0.000000
0.000002
0.000026
0.000000
0.000000
0.000019
0.000000
0.000000
0.000036
0.000000
0.000004
0.000000
0.000000
0.000000
0.000000
0.000000
0.000000
0.000000
0.000000
0.000000
0.000000
0.000000
0.000000
0.000000
0.000000
0.000000
0.000000
0.000000
0.000000
0.000012
0.000000
0.000000
0.000000
0.000007
0.000006
0.000000
0.000007
0.000026
0.000000
0.000029
0.000000
0.000000
0.000003
0.000000
0.000000
0.000054
0.000000
0.000000
0.000021
0.000006
0.000000
0.000000
0.000000
0.000000
0.000000
0.000000
0.000000
0.000000
0.000000
0.000000
0.000000
0.000000
0.000000
0.000000
0.000000
0.000000
0.000000
0.000000
0.000006
0.000000
0.000000
0.000000
0.000000
0.000007
0.000000
0.000000
0.000003
0.000000
0.000000
0.000026
0.000004
0.000006
0.000000
0.000017
0.000003
0.000006
0.000004
0.000000
0.000004
