0.003707
0.006872
0.013455
0.001322
0.006217
0.009602
0.001729
0.002401
0.007728
0.001432
0.004595
0.002404
0.000903
0.005188
0.002119
0.000308
0.000848
0.001205
0.441364
0.001329
0.031628
0.029764
0.015078
0.109635
0.021927
0.026368
0.073766
0.017130
0.010506
0.072380
0.004915
0.018593
0.013510
0.003490
0.017950
0.010077
0.001414
0.002037
0.005108
0.002287
0.000000
0.000857
0.000000
0.000000
0.000000
0.000263
0.000000
0.000139
0.000018
0.000000
0.000012
0.000000
0.000000
0.000000
0.000000
0.000000
0.000000
0.000000
0.000000
0.000143
0.000000
0.000000
0.000000
0.000000
0.000000
0.000000
0.000000
0.000000
0.000000
0.000000
0.000000
0.000000
0.000000
0.000000
0.000000
0.000000
0.000000
0.000000
0.000000
0.004426
0.001272
0.000000
0.000000
0.000000
0.000000
0.000337
0.000122
0.000000
0.000421
0.000051
0.000000
0.000000
0.000000
0.000000
0.000019
0.000000
0.000000
0.000008
0.000217
0.000000
0.000000
0.000000
0.000000
0.000000
0.000000
0.000000
0.000000
0.000000
0.000000
0.000000
0.000000
0.000000
0.000000
0.000000
0.000000
0.000000
0.000000
0.000890
0.001226
0.008028
0.000000
0.000000
0.000000
0.000248
0.000182
0.001140
0.000133
0.000325
0.000595
0.000000
0.000000
0.000000
0.000005
0.000015
0.000081
0.000000
0.000167
0.000339
0.000000
0.000000
0.000000
0.000000
0.000000
0.000000
0.000000
0.000000
0.000000
0.000000
0.000000
0.000000
0.000000
0.000000
0.000000
0.000000
0.000000
0.000000
0.000000
0.000000
0.000000
0.000563
0.000000
0.000497
0.000139
0.000000
0.000030
0.000000
0.000000
0.000000
0.000057
0.000000
0.000009
0.000000
0.000000
0.000009
0.000000
0.000000
0.000025
0.000000
0.000000
0.000000
0.000000
0.000000
0.000000
0.000000
0.000000
0.000000
0.000000
0.000000
0.000000
0.000000
0.000000
0.000000
0.000000
0.000000
0.000000
0.000000
0.000000
0.000000
0.000000
0.003493
0.001027
0.000000
0.000334
0.000234
0.000000
0.000000
0.000000
0.000000
0.000743
0.000040
0.000000
0.000057
0.000000
0.000000
0.000009
0.000101
0.000000
0.000000
0.000000
0.000000
0.000000
0.000000
0.000000
0.000000
0.000000
0.000000
0.000000
0.000000
0.000000
0.000000
0.000000
0.000000
0.000000
0.000000
0.000000
0.000000
0.000000
0.000392
0.001246
0.005889
0.000027
0.000107
0.000802
0.000000
0.000000
0.000000
0.000087
0.000316
0.000373
0.000006
0.000000
0.000025
0.000000
0.000006
0.000217
0.000000
0.000000
0.000000
0.000000
0.000000
0.000000
0.000000
0.000000
0.000000
0.000000
0.000000
0.000000
0.000000
0.000000
0.000000
0.000000
0.000000
0.000000
0.000145
0.000000
0.000119
0.000185
0.000000
0.000099
0.000536
0.000000
0.000477
0.000010
0.000000
0.000000
0.000008
0.000000
0.000007
0.000047
0.000000
0.000040
0.000000
0.000000
0.000063
0.000000
0.000000
0.000000
0.000000
0.000000
0.000000
0.000000
0.000000
0.000000
0.000000
0.000000
0.000000
0.000000
0.000000
0.000000
0.000000
0.000000
0.000000
0.000000
0.000326
0.000067
0.000000
0.000346
0.000051
0.000000
0.000800
0.000369
0.000000
0.000012
0.000000
0.000000
0.000113
0.000007
0.000000
0.000163
0.000000
0.000000
0.000000
0.000086
0.000000
0.000000
0.000000
0.000000
0.000000
0.000000
0.000000
0.000000
0.000000
0.000000
0.000000
0.000000
0.000000
0.000000
0.000000
0.000000
0.000000
0.000000
0.000120
0.000110
0.001052
0.000082
0.000306
0.000870
0.000350
0.000413
0.003368
0.000011
0.000008
0.000033
0.000013
0.000116
0.000118
0.000005
0.000133
0.000427
0.000000
0.000007
0.000213
0.000000
0.000000
0.000000
0.000000
0.000000
0.000000
0.000000
0.000000
0.000000
0.000000
0.000000
0.000000
0.000000
0.000000
0.000000
0.000000
0.000000
0.000000
0.000066
0.000000
0.000256
0.000000
0.000000
0.000000
0.000009
0.000000
0.000008
0.000520
0.000000
0.000074
0.000000
0.000000
0.000000
0.000070
0.000000
0.000009
0.000360
0.000000
0.000000
0.000000
0.000000
0.000000
0.000000
0.000000
0.000000
0.000000
0.000000
0.000000
0.000000
0.000000
0.000000
0.000000
0.000000
0.000000
0.000000
0.000000
0.000000
0.000000
0.000494
0.000403
0.000000
0.000000
0.000000
0.000000
0.000061
0.000011
0.000000
0.001466
0.000652
0.000000
0.000000
0.000000
0.000000
0.000067
0.000116
0.001131
0.000015
0.000164
0.000000
0.000000
0.000000
0.000000
0.000000
0.000000
0.000000
0.000000
0.000000
0.000007
0.000043
0.000013
0.000000
0.000000
0.000000
0.000000
0.000000
0.000000
0.000106
0.000014
0.000939
0.000000
0.000000
0.000000
0.000000
0.000000
0.000054
0.000130
0.000183
0.000516
0.000000
0.000000
0.000000
0.000000
0.000000
0.000015
0.000343
0.000050
0.000013
0.000000
0.000000
0.000000
0.000000
0.000000
0.000000
0.000000
0.000000
0.000000
0.000000
0.000054
0.000000
0.000000
0.000000
0.000000
0.000000
0.000000
0.000000
0.000000
0.000000
0.000000
0.000054
0.000000
0.000023
0.000027
0.000000
0.000000
0.000000
0.000000
0.000000
0.000252
0.000000
0.000127
0.000017
0.000000
0.000070
0.000190
0.000013
0.000000
0.000000
0.000000
0.000000
0.000000
0.000000
0.000000
0.000000
0.000000
0.000000
0.000000
0.000000
0.000000
0.000025
0.000000
0.000010
0.000000
0.000000
0.000000
0.000000
0.000000
0.000000
0.000000
0.000707
0.000173
0.000000
0.000048
0.000163
0.000000
0.000000
0.000000
0.000000
0.001936
0.000227
0.000000
0.000075
0.000100
0.001518
0.000114
0.000046
0.000000
0.000000
0.000000
0.000000
0.000000
0.000000
0.000000
0.000000
0.000000
0.000000
0.000000
0.000000
0.000000
0.000049
0.000006
0.000000
0.000000
0.000000
0.000000
0.000000
0.000000
0.000005
0.000022
0.000639
0.000000
0.000005
0.000130
0.000000
0.000000
0.000000
0.000158
0.000115
0.000387
0.000000
0.000000
0.000141
0.000404
0.000054
0.000012
0.000000
0.000000
0.000000
0.000000
0.000000
0.000000
0.000000
0.000000
0.000000
0.000000
0.000000
0.000000
0.000000
0.000006
0.000000
0.000000
0.000000
0.000000
0.000000
0.000000
0.000017
0.000000
0.000000
0.000045
0.000074
0.000000
0.000037
0.000032
0.000000
0.000000
0.000015
0.000000
0.000000
0.000061
0.000000
0.000000
0.000017
0.000000
0.000012
0.000000
0.000000
0.000000
0.000000
0.000000
0.000000
0.000000
0.000000
0.000000
0.000000
0.000000
0.000000
0.000000
0.000000
0.000000
0.000000
0.000000
0.000000
0.000000
0.000005
0.000007
0.000000
0.000011
0.000000
0.000000
0.000077
0.000137
0.000000
0.000105
0.000000
0.000000
0.000192
0.000000
0.000000
0.000098
0.000051
0.000132
0.000000
0.000000
0.000000
0.000000
0.000000
0.000000
0.000000
0.000000
0.000000
0.000000
0.000000
0.000000
0.000000
0.000000
0.000000
0.000000
0.000041
0.000000
0.000000
0.000000
0.000019
0.000000
0.000012
0.000000
0.000000
0.000032
0.000017
0.000000
0.000478
0.000087
0.000046
0.000045
0.000000
0.000087
0.000142
0.000000
0.000082
0.000044
0.000030
0.000013
0.000019
0.000000
0.000000
0.000000
0.000000
0.000000
0.000000
0.000000
0.000000
0.000000
0.000000
0.000000
0.000000
0.000000
0.000000
0.000000
0.000000
0.000000
0.000000
0.000000
0.000000
0.000000
0.000000
0.000000
0.000000
0.000000
0.000000
0.000000
0.000390
0.001524
0.000304
0.000233
0.001428
0.000432
0.000097
0.000125
0.000028
0.416144
0.000000
0.000161
0.000000
0.000000
0.000000
0.000000
0.000000
0.000000
0.000000
0.000000
0.000000
0.001413
0.004640
0.002041
0.001520
0.005193
0.001997
0.000164
0.000186
0.000307
0.000013
0.000000
0.000086
0.000000
0.000005
0.000015
0.000000
0.000006
0.000000
0.000014
0.000123
0.000061
0.000000
0.000031
0.000200
0.000000
0.000010
0.000032
0.000000
0.000292
0.000000
0.000000
0.000000
0.000089
0.000009
0.000000
0.000074
0.000000
0.000000
0.000000
0.000000
0.000062
0.000037
0.000000
0.000099
0.000027
0.000000
0.000013
0.000044
0.000082
0.000152
0.000371
0.000022
0.000086
0.000294
0.000051
0.000045
0.000098
0.000000
0.000034
0.000025
0.000000
0.000058
0.000010
0.000000
0.000000
0.000014
0.000037
0.000000
0.028506
0.000221
0.000040
0.000412
0.000145
0.000095
0.000372
0.000143
0.000026
0.000415
0.000013
0.000017
0.000024
0.000000
0.000025
0.000007
0.000008
0.000000
0.000000
0.000000
0.000000
0.000000
0.000000
0.000000
0.000000
0.000000
0.000000
0.000000
0.000000
0.000000
0.000000
0.000000
0.000000
0.000000
0.000000
0.000000
0.000000
0.000000
0.000000
0.000083
0.015676
0.000000
0.009852
0.000000
0.000000
0.000000
0.002122
0.000000
0.001333
0.000476
0.000000
0.000381
0.000000
0.000000
0.000000
0.000060
0.000000
0.000036
0.000000
0.000000
0.000000
0.000000
0.000000
0.000000
0.000000
0.000000
0.000000
0.000000
0.000000
0.000000
0.000000
0.000000
0.000000
0.000000
0.000000
0.000000
0.000000
0.000019
0.000150
0.000000
0.006891
0.003481
0.000000
0.000000
0.000000
0.000000
0.001572
0.000626
0.000000
0.002244
0.000140
0.000000
0.000000
0.000000
0.000000
0.000088
0.000000
0.000000
0.000000
0.000000
0.000000
0.000000
0.000000
0.000000
0.000000
0.000000
0.000000
0.000000
0.000000
0.000000
0.000000
0.000000
0.000000
0.000000
0.000000
0.000000
0.000064
0.000280
0.009780
0.005881
0.074160
0.000000
0.000000
0.000000
0.001288
0.001100
0.010766
0.000332
0.002228
0.004147
0.000000
0.000000
0.000000
0.000019
0.000061
0.000607
0.000000
0.000000
0.000000
0.000000
0.000000
0.000000
0.000000
0.000000
0.000000
0.000000
0.000000
0.000000
0.000000
0.000000
0.000000
0.000000
0.000000
0.000000
0.000000
0.000000
0.000070
0.000000
0.000000
0.000000
0.012814
0.000000
0.005948
0.001555
0.000000
0.001196
0.000000
0.000000
0.000000
0.000190
0.000000
0.000172
0.000019
0.000000
0.000098
0.000000
0.000000
0.000000
0.000000
0.000000
0.000000
0.000000
0.000000
0.000000
0.000000
0.000000
0.000000
0.000000
0.000000
0.000000
0.000000
0.000000
0.000000
0.000000
0.000025
0.000177
0.000000
0.000000
0.000000
0.000000
0.014241
0.007178
0.000000
0.000871
0.002018
0.000000
0.000000
0.000000
0.000000
0.001985
0.000012
0.000000
0.000005
0.000000
0.000000
0.000000
0.000000
0.000000
0.000000
0.000000
0.000000
0.000000
0.000000
0.000000
0.000000
0.000000
0.000000
0.000000
0.000000
0.000000
0.000000
0.000000
0.000000
0.000000
0.000196
0.000000
0.000000
0.000000
0.006108
0.005878
0.045204
0.001523
0.000520
0.011315
0.000000
0.000000
0.000000
0.000032
0.001454
0.001865
0.000011
0.000000
0.000116
0.000000
0.000000
0.000000
0.000000
0.000000
0.000000
0.000000
0.000000
0.000000
0.000000
0.000000
0.000000
0.000000
0.000000
0.000000
0.000000
0.000000
0.000000
0.000000
0.000000
0.000050
0.001293
0.000000
0.001976
0.001028
0.000000
0.001120
0.006227
0.000000
0.004493
0.000190
0.000000
0.000085
0.000086
0.000000
0.000096
0.000364
0.000000
0.000287
0.000000
0.000000
0.000000
0.000000
0.000000
0.000000
0.000000
0.000000
0.000000
0.000000
0.000000
0.000000
0.000000
0.000000
0.000000
0.000000
0.000000
0.000000
0.000000
0.000005
0.000089
0.000000
0.000881
0.000522
0.000000
0.002207
0.000923
0.000000
0.003443
0.001763
0.000000
0.000114
0.000000
0.000000
0.000256
0.000007
0.000000
0.000379
0.000000
0.000000
0.000000
0.000000
0.000000
0.000000
0.000000
0.000000
0.000000
0.000000
0.000000
0.000000
0.000000
0.000000
0.000000
0.000000
0.000000
0.000000
0.000000
0.000000
0.000013
0.000196
0.001758
0.000996
0.014484
0.000874
0.001528
0.006867
0.004005
0.002817
0.035297
0.000085
0.000349
0.000546
0.000022
0.000358
0.000998
0.000064
0.000506
0.001329
0.000000
0.000000
0.000000
0.000000
0.000000
0.000000
0.000000
0.000000
0.000000
0.000012
0.000069
0.000000
0.000000
0.000000
0.000000
0.000000
0.000000
0.000000
0.001496
0.000000
0.000009
0.000522
0.000000
0.000336
0.000000
0.000000
0.000000
0.000077
0.000000
0.000015
0.001777
0.000061
0.000439
0.000000
0.000000
0.000015
0.000112
0.000000
0.000014
0.000000
0.000000
0.000000
0.000000
0.000000
0.000000
0.000000
0.000000
0.000000
0.000008
0.000117
0.000051
0.000000
0.000000
0.000000
0.000000
0.000000
0.000000
0.007669
0.000076
0.000016
0.000000
0.000485
0.001160
0.000000
0.000000
0.000000
0.000000
0.000007
0.000104
0.000014
0.005561
0.002737
0.000000
0.000070
0.000000
0.000000
0.000131
0.000405
0.000000
0.000000
0.000000
0.000000
0.000000
0.000000
0.000000
0.000000
0.000000
0.000000
0.000060
0.000000
0.000000
0.000039
0.000000
0.000000
0.000000
0.000007
0.001585
0.000054
0.000039
0.000616
0.000023
0.003985
0.000000
0.000000
0.000000
0.000046
0.000000
0.000519
0.000444
0.003022
0.002938
0.000000
0.000000
0.000000
0.000000
0.000000
0.000251
0.000000
0.000000
0.000000
0.000000
0.000000
0.000000
0.000000
0.000000
0.000000
0.000000
0.000000
0.000007
0.000000
0.000011
0.000000
0.000000
0.000000
0.000000
0.000815
0.000010
0.000010
0.000000
0.000000
0.000000
0.000610
0.000000
0.000239
0.000055
0.000000
0.000036
0.000000
0.000000
0.000000
0.001091
0.000000
0.000275
0.000242
0.000000
0.000115
0.000000
0.000000
0.000000
0.000000
0.000000
0.000000
0.000000
0.000000
0.000000
0.000073
0.000062
0.000000
0.000000
0.000025
0.000000
0.000000
0.000012
0.000007
0.006369
0.000103
0.000025
0.000000
0.000000
0.000000
0.000000
0.001008
0.001492
0.000000
0.000059
0.000272
0.000000
0.000000
0.000000
0.000011
0.005668
0.002106
0.000000
0.000112
0.000501
0.000000
0.000000
0.000000
0.000000
0.000000
0.000000
0.000000
0.000000
0.000000
0.000000
0.000000
0.000000
0.000085
0.000011
0.000013
0.000000
0.000000
0.000000
0.001505
0.000103
0.000000
0.000000
0.000000
0.000000
0.000413
0.000105
0.003333
0.000000
0.000000
0.000503
0.000000
0.000000
0.000000
0.000245
0.001531
0.002038
0.000000
0.000000
0.000170
0.000000
0.000000
0.000000
0.000000
0.000000
0.000000
0.000000
0.000000
0.000000
0.000000
0.000000
0.000000
0.000000
0.000000
0.000000
0.000000
0.000000
0.000000
0.000328
0.000000
0.000000
0.000076
0.000000
0.000013
0.000036
0.000000
0.000042
0.000149
0.000000
0.000113
0.000126
0.000000
0.000000
0.000254
0.000007
0.000000
0.000180
0.000000
0.000102
0.000000
0.000000
0.000000
0.000000
0.000000
0.000000
0.000000
0.000000
0.000000
0.000000
0.000072
0.000000
0.000000
0.000000
0.000000
0.000000
0.000000
0.000000
0.000483
0.000050
0.000000
0.000000
0.000014
0.000010
0.000000
0.000000
0.000005
0.000000
0.000081
0.000232
0.000000
0.000169
0.000000
0.000000
0.000612
0.000000
0.000000
0.000170
0.000158
0.000000
0.000000
0.000000
0.000000
0.000000
0.000000
0.000000
0.000000
0.000000
0.000000
0.000000
0.000000
0.000000
0.000000
0.000000
0.000000
0.000000
0.000000
0.000311
0.000076
0.000014
0.000067
0.000000
0.000271
0.000000
0.000000
0.000117
0.000093
0.000000
0.001468
0.000064
0.000220
0.000109
0.000013
0.000700
0.000455
0.000182
0.000391
0.000607
