0.004647
0.009224
0.015325
0.003042
0.010543
0.010374
0.003327
0.003928
0.011283
0.001519
0.004385
0.001463
0.000751
0.006307
0.001957
0.000289
0.000767
0.001312
0.475827
0.000640
0.041725
0.020915
0.011752
0.077316
0.020502
0.025578
0.070046
0.016844
0.013128
0.070201
0.004821
0.016111
0.007450
0.004363
0.017838
0.009084
0.001027
0.001027
0.003362
0.001858
0.000000
0.001325
0.000000
0.000000
0.000000
0.000614
0.000000
0.000338
0.000380
0.000000
0.000111
0.000000
0.000000
0.000000
0.000000
0.000000
0.000000
0.000000
0.000000
0.000038
0.000000
0.000000
0.000000
0.000000
0.000000
0.000000
0.000000
0.000000
0.000000
0.000000
0.000000
0.000000
0.000000
0.000000
0.000000
0.000000
0.000000
0.000000
0.000000
0.006444
0.000747
0.000000
0.000000
0.000000
0.000000
0.000439
0.000518
0.000000
0.001106
0.000000
0.000000
0.000000
0.000000
0.000000
0.000000
0.000000
0.000000
0.000000
0.000000
0.000000
0.000000
0.000000
0.000000
0.000000
0.000000
0.000000
0.000000
0.000000
0.000000
0.000000
0.000000
0.000000
0.000000
0.000000
0.000000
0.000000
0.000000
0.001694
0.001689
0.009472
0.000000
0.000000
0.000000
0.000350
0.000435
0.001005
0.000000
0.000145
0.000375
0.000000
0.000000
0.000000
0.000000
0.000000
0.000026
0.000000
0.000000
0.000238
0.000000
0.000000
0.000000
0.000000
0.000000
0.000000
0.000000
0.000000
0.000000
0.000000
0.000000
0.000000
0.000000
0.000000
0.000000
0.000000
0.000000
0.000000
0.000000
0.000000
0.000000
0.001289
0.000000
0.001339
0.000247
0.000000
0.000094
0.000000
0.000000
0.000000
0.000050
0.000000
0.000037
0.000000
0.000000
0.000000
0.000000
0.000000
0.000000
0.000000
0.000000
0.000000
0.000000
0.000000
0.000000
0.000000
0.000000
0.000000
0.000000
0.000000
0.000000
0.000000
0.000000
0.000000
0.000000
0.000000
0.000000
0.000000
0.000000
0.000000
0.000000
0.007021
0.000929
0.000000
0.000319
0.000680
0.000000
0.000000
0.000000
0.000000
0.001105
0.000019
0.000000
0.000000
0.000000
0.000000
0.000031
0.000486
0.000000
0.000000
0.000000
0.000000
0.000000
0.000000
0.000000
0.000000
0.000000
0.000000
0.000000
0.000000
0.000000
0.000000
0.000000
0.000000
0.000000
0.000000
0.000000
0.000000
0.000000
0.000608
0.001433
0.005978
0.000249
0.000336
0.001085
0.000000
0.000000
0.000000
0.000090
0.000120
0.000206
0.000000
0.000000
0.000037
0.000000
0.000000
0.000225
0.000000
0.000000
0.000000
0.000000
0.000000
0.000000
0.000000
0.000000
0.000000
0.000000
0.000000
0.000000
0.000000
0.000000
0.000000
0.000000
0.000000
0.000000
0.000507
0.000000
0.000230
0.000261
0.000000
0.000066
0.001138
0.000000
0.000674
0.000000
0.000000
0.000000
0.000092
0.000000
0.000000
0.000117
0.000000
0.000254
0.000000
0.000000
0.000000
0.000000
0.000000
0.000000
0.000000
0.000000
0.000000
0.000000
0.000000
0.000000
0.000000
0.000000
0.000000
0.000000
0.000000
0.000000
0.000000
0.000000
0.000000
0.000000
0.000155
0.000477
0.000000
0.000737
0.000208
0.000000
0.000911
0.000920
0.000000
0.000000
0.000000
0.000000
0.000092
0.000000
0.000000
0.000123
0.000000
0.000000
0.000000
0.000000
0.000000
0.000000
0.000000
0.000000
0.000000
0.000000
0.000000
0.000000
0.000000
0.000000
0.000000
0.000000
0.000000
0.000000
0.000000
0.000000
0.000000
0.000000
0.000300
0.000178
0.001962
0.000500
0.000263
0.001290
0.000548
0.000667
0.004826
0.000000
0.000000
0.000136
0.000000
0.000056
0.000039
0.000000
0.000187
0.000316
0.000000
0.000000
0.000066
0.000000
0.000000
0.000000
0.000000
0.000000
0.000000
0.000000
0.000000
0.000000
0.000000
0.000000
0.000000
0.000000
0.000000
0.000000
0.000000
0.000000
0.000000
0.000165
0.000000
0.000071
0.000000
0.000000
0.000000
0.000000
0.000000
0.000000
0.000579
0.000000
0.000118
0.000000
0.000000
0.000000
0.000019
0.000000
0.000000
0.000490
0.000000
0.000000
0.000000
0.000000
0.000000
0.000000
0.000000
0.000000
0.000000
0.000000
0.000000
0.000000
0.000086
0.000000
0.000000
0.000000
0.000000
0.000000
0.000000
0.000000
0.000000
0.000406
0.000215
0.000000
0.000000
0.000000
0.000000
0.000068
0.000037
0.000000
0.001848
0.000130
0.000000
0.000000
0.000000
0.000000
0.000114
0.000000
0.001513
0.000086
0.000000
0.000000
0.000000
0.000000
0.000000
0.000000
0.000000
0.000000
0.000000
0.000000
0.000000
0.000000
0.000000
0.000000
0.000000
0.000000
0.000000
0.000000
0.000000
0.000000
0.000000
0.000294
0.000000
0.000000
0.000000
0.000000
0.000031
0.000075
0.000110
0.000240
0.000334
0.000000
0.000000
0.000000
0.000000
0.000000
0.000110
0.000233
0.000039
0.000000
0.000000
0.000000
0.000000
0.000000
0.000000
0.000000
0.000000
0.000000
0.000000
0.000000
0.000000
0.000000
0.000000
0.000000
0.000000
0.000000
0.000000
0.000000
0.000000
0.000000
0.000000
0.000026
0.000000
0.000000
0.000050
0.000000
0.000000
0.000000
0.000000
0.000000
0.000231
0.000000
0.000112
0.000073
0.000000
0.000000
0.000259
0.000000
0.000000
0.000000
0.000000
0.000000
0.000000
0.000000
0.000000
0.000000
0.000000
0.000000
0.000000
0.000000
0.000000
0.000000
0.000000
0.000000
0.000000
0.000000
0.000000
0.000000
0.000000
0.000000
0.000000
0.001039
0.000093
0.000000
0.000149
0.000115
0.000000
0.000000
0.000000
0.000000
0.002500
0.000148
0.000000
0.000111
0.000254
0.001784
0.000000
0.000000
0.000000
0.000000
0.000000
0.000000
0.000000
0.000000
0.000000
0.000000
0.000000
0.000000
0.000000
0.000000
0.000000
0.000062
0.000000
0.000000
0.000000
0.000000
0.000000
0.000000
0.000000
0.000373
0.000000
0.000313
0.000000
0.000000
0.000026
0.000000
0.000000
0.000000
0.000026
0.000184
0.000596
0.000000
0.000000
0.000031
0.000170
0.000000
0.000000
0.000000
0.000000
0.000000
0.000000
0.000000
0.000000
0.000000
0.000000
0.000000
0.000000
0.000000
0.000000
0.000000
0.000254
0.000000
0.000000
0.000000
0.000000
0.000000
0.000000
0.000000
0.000000
0.000000
0.000000
0.000039
0.000000
0.000053
0.000000
0.000000
0.000000
0.000000
0.000000
0.000000
0.000080
0.000000
0.000000
0.000117
0.000000
0.000000
0.000000
0.000000
0.000000
0.000000
0.000000
0.000000
0.000000
0.000000
0.000000
0.000000
0.000000
0.000000
0.000000
0.000000
0.000000
0.000000
0.000000
0.000000
0.000000
0.000037
0.000000
0.000000
0.000031
0.000000
0.000000
0.000082
0.000179
0.000000
0.000084
0.000000
0.000000
0.000169
0.000000
0.000000
0.000094
0.000000
0.000094
0.000000
0.000000
0.000000
0.000000
0.000000
0.000000
0.000000
0.000000
0.000000
0.000000
0.000000
0.000000
0.000000
0.000000
0.000000
0.000000
0.000000
0.000000
0.000000
0.000000
0.000000
0.000000
0.000000
0.000000
0.000000
0.000050
0.000104
0.000037
0.000324
0.000086
0.000000
0.000000
0.000000
0.000054
0.000280
0.000000
0.000037
0.000172
0.000176
0.000000
0.000000
0.000000
0.000000
0.000000
0.000000
0.000000
0.000000
0.000000
0.000000
0.000000
0.000000
0.000000
0.000000
0.000000
0.000000
0.000000
0.000000
0.000000
0.000000
0.000000
0.000000
0.000000
0.000000
0.000000
0.000000
0.000000
0.000000
0.000000
0.000372
0.000932
0.000263
0.000212
0.001513
0.000147
0.000000
0.000105
0.000050
0.454934
0.000000
0.000149
0.000000
0.000000
0.000000
0.000000
0.000000
0.000000
0.000000
0.000000
0.000000
0.001233
0.002747
0.000703
0.001901
0.005471
0.001733
0.000083
0.000197
0.000386
0.000000
0.000000
0.000000
0.000000
0.000000
0.000000
0.000000
0.000057
0.000076
0.000000
0.000000
0.000000
0.000050
0.000176
0.000000
0.000000
0.000000
0.000038
0.000000
0.000088
0.000000
0.000000
0.000000
0.000000
0.000000
0.000000
0.000031
0.000000
0.000000
0.000000
0.000000
0.000000
0.000000
0.000000
0.000039
0.000000
0.000000
0.000000
0.000086
0.000141
0.000392
0.000635
0.000000
0.000038
0.000157
0.000000
0.000428
0.000309
0.000000
0.000025
0.000000
0.000000
0.000114
0.000055
0.000000
0.000000
0.000000
0.000066
0.000000
0.037678
0.000000
0.000254
0.000255
0.000152
0.000185
0.000224
0.000054
0.000085
0.000520
0.000000
0.000036
0.000000
0.000000
0.000038
0.000000
0.000000
0.000000
0.000000
0.000000
0.000000
0.000000
0.000000
0.000000
0.000000
0.000000
0.000000
0.000000
0.000000
0.000000
0.000000
0.000000
0.000000
0.000000
0.000000
0.000000
0.000000
0.000000
0.000000
0.000093
0.012060
0.000000
0.004502
0.000000
0.000000
0.000000
0.002234
0.000000
0.001668
0.000293
0.000000
0.000167
0.000000
0.000000
0.000000
0.000000
0.000000
0.000071
0.000000
0.000000
0.000000
0.000000
0.000000
0.000000
0.000000
0.000000
0.000000
0.000000
0.000000
0.000000
0.000000
0.000000
0.000000
0.000000
0.000000
0.000000
0.000000
0.000000
0.000205
0.000000
0.005127
0.002366
0.000000
0.000000
0.000000
0.000000
0.001529
0.000299
0.000000
0.002200
0.000087
0.000000
0.000000
0.000000
0.000000
0.000000
0.000000
0.000000
0.000000
0.000000
0.000000
0.000000
0.000000
0.000000
0.000000
0.000000
0.000000
0.000000
0.000000
0.000000
0.000000
0.000000
0.000000
0.000000
0.000000
0.000000
0.000000
0.000650
0.005228
0.004309
0.051104
0.000000
0.000000
0.000000
0.000493
0.001415
0.008271
0.000206
0.002808
0.003157
0.000000
0.000000
0.000000
0.000000
0.000000
0.000142
0.000000
0.000000
0.000000
0.000000
0.000000
0.000000
0.000000
0.000000
0.000000
0.000000
0.000000
0.000000
0.000000
0.000000
0.000000
0.000000
0.000000
0.000000
0.000000
0.000000
0.000036
0.000000
0.000000
0.000000
0.011057
0.000000
0.005260
0.002917
0.000000
0.001018
0.000000
0.000000
0.000000
0.000117
0.000000
0.000253
0.000000
0.000000
0.000000
0.000000
0.000000
0.000000
0.000000
0.000000
0.000000
0.000000
0.000000
0.000000
0.000000
0.000000
0.000000
0.000000
0.000000
0.000000
0.000000
0.000000
0.000000
0.000000
0.000057
0.000120
0.000000
0.000000
0.000000
0.000000
0.014104
0.006434
0.000000
0.001132
0.001599
0.000000
0.000000
0.000000
0.000000
0.002190
0.000026
0.000000
0.000024
0.000038
0.000000
0.000000
0.000000
0.000000
0.000000
0.000000
0.000000
0.000000
0.000000
0.000000
0.000000
0.000000
0.000000
0.000000
0.000000
0.000000
0.000000
0.000000
0.000000
0.000000
0.000695
0.000000
0.000000
0.000000
0.006492
0.005296
0.041638
0.000924
0.000882
0.012096
0.000000
0.000000
0.000000
0.000000
0.000586
0.001677
0.000000
0.000000
0.000000
0.000000
0.000000
0.000000
0.000000
0.000000
0.000000
0.000000
0.000000
0.000000
0.000000
0.000000
0.000000
0.000000
0.000000
0.000000
0.000000
0.000000
0.000000
0.000000
0.000000
0.000108
0.001043
0.000000
0.002863
0.000964
0.000000
0.000623
0.006207
0.000000
0.004401
0.000191
0.000000
0.000000
0.000057
0.000000
0.000000
0.000383
0.000000
0.000174
0.000000
0.000000
0.000000
0.000000
0.000000
0.000000
0.000000
0.000000
0.000000
0.000000
0.000000
0.000000
0.000000
0.000000
0.000000
0.000000
0.000000
0.000000
0.000000
0.000000
0.000057
0.000000
0.001072
0.000569
0.000000
0.002197
0.000851
0.000000
0.004713
0.003136
0.000000
0.000302
0.000000
0.000000
0.000118
0.000039
0.000000
0.000147
0.000018
0.000000
0.000000
0.000000
0.000000
0.000000
0.000000
0.000000
0.000000
0.000000
0.000000
0.000000
0.000000
0.000000
0.000000
0.000000
0.000000
0.000000
0.000000
0.000000
0.000057
0.000699
0.002071
0.000533
0.013495
0.000483
0.001975
0.007545
0.003984
0.002972
0.034001
0.000254
0.000000
0.000386
0.000000
0.000800
0.000376
0.000128
0.000087
0.000997
0.000000
0.000000
0.000000
0.000000
0.000000
0.000000
0.000000
0.000000
0.000000
0.000000
0.000000
0.000000
0.000000
0.000000
0.000000
0.000000
0.000000
0.000000
0.001940
0.000000
0.000000
0.000570
0.000000
0.000287
0.000000
0.000000
0.000000
0.000000
0.000000
0.000073
0.001525
0.000152
0.000256
0.000000
0.000000
0.000000
0.000048
0.000000
0.000000
0.000000
0.000000
0.000000
0.000000
0.000000
0.000000
0.000000
0.000000
0.000000
0.000000
0.000037
0.000000
0.000000
0.000000
0.000000
0.000000
0.000000
0.000000
0.006838
0.000066
0.000000
0.000000
0.000499
0.000454
0.000000
0.000000
0.000000
0.000000
0.000037
0.000076
0.000000
0.005826
0.001573
0.000508
0.000000
0.000000
0.000000
0.000143
0.000203
0.000000
0.000000
0.000000
0.000000
0.000000
0.000000
0.000000
0.000000
0.000000
0.000000
0.000000
0.000000
0.000000
0.000000
0.000336
0.000000
0.000000
0.000031
0.000726
0.000038
0.000000
0.000035
0.000018
0.001749
0.000000
0.000000
0.000000
0.000000
0.000000
0.000730
0.000865
0.002004
0.000959
0.000000
0.000000
0.000000
0.000000
0.000000
0.000000
0.000000
0.000000
0.000000
0.000000
0.000000
0.000000
0.000000
0.000000
0.000000
0.000000
0.000000
0.000000
0.000000
0.000000
0.000000
0.000000
0.000000
0.000000
0.000599
0.000000
0.000031
0.000000
0.000000
0.000000
0.001403
0.000000
0.000312
0.000000
0.000000
0.000000
0.000000
0.000000
0.000000
0.001238
0.000000
0.000358
0.000254
0.000000
0.000204
0.000000
0.000000
0.000000
0.000000
0.000000
0.000000
0.000000
0.000000
0.000000
0.000000
0.000000
0.000000
0.000000
0.000254
0.000000
0.000000
0.000000
0.000000
0.005721
0.000050
0.000083
0.000000
0.000000
0.000000
0.000000
0.001496
0.000988
0.000000
0.000044
0.000198
0.000000
0.000000
0.000000
0.000000
0.005806
0.002932
0.000000
0.000025
0.000362
0.000000
0.000000
0.000000
0.000000
0.000000
0.000000
0.000000
0.000000
0.000000
0.000000
0.000000
0.000000
0.000000
0.000000
0.000000
0.000000
0.000000
0.000000
0.000660
0.000076
0.000083
0.000000
0.000000
0.000000
0.000107
0.000000
0.004000
0.000081
0.000000
0.000433
0.000000
0.000000
0.000000
0.000074
0.001773
0.001460
0.000000
0.000000
0.000393
0.000000
0.000000
0.000000
0.000000
0.000000
0.000000
0.000000
0.000000
0.000000
0.000000
0.000000
0.000000
0.000000
0.000000
0.000000
0.000000
0.000000
0.000000
0.000055
0.000054
0.000254
0.000083
0.000000
0.000000
0.000000
0.000000
0.000000
0.000000
0.000000
0.000048
0.000168
0.000000
0.000000
0.000289
0.000000
0.000000
0.000083
0.000000
0.000000
0.000000
0.000000
0.000000
0.000000
0.000000
0.000000
0.000000
0.000000
0.000000
0.000000
0.000000
0.000000
0.000000
0.000000
0.000000
0.000000
0.000000
0.000000
0.000265
0.000000
0.000000
0.000000
0.000000
0.000085
0.000000
0.000000
0.000057
0.000000
0.000025
0.000143
0.000000
0.000044
0.000000
0.000000
0.000105
0.000000
0.000000
0.000252
0.000056
0.000000
0.000000
0.000000
0.000000
0.000000
0.000000
0.000000
0.000000
0.000000
0.000000
0.000000
0.000000
0.000000
0.000000
0.000000
0.000000
0.000000
0.000000
0.000106
0.000000
0.000000
0.000000
0.000000
0.000196
0.000000
0.000000
0.000000
0.000120
0.000000
0.001374
0.000113
0.000055
0.000204
0.000062
0.000478
0.000213
0.000055
0.000154
0.000244
