0.003811
0.006882
0.013609
0.001331
0.006309
0.009630
0.001772
0.002424
0.007755
0.001442
0.004564
0.002626
0.000921
0.005160
0.002124
0.000310
0.000860
0.001214
0.441014
0.001456
0.031562
0.029689
0.015259
0.109317
0.021817
0.026439
0.073403
0.016833
0.010427
0.072972
0.004954
0.018417
0.013391
0.003527
0.017881
0.010160
0.001424
0.002067
0.005250
0.002316
0.000000
0.000931
0.000000
0.000000
0.000000
0.000277
0.000000
0.000140
0.000018
0.000000
0.000012
0.000000
0.000000
0.000000
0.000000
0.000000
0.000000
0.000000
0.000000
0.000131
0.000000
0.000000
0.000000
0.000000
0.000000
0.000000
0.000000
0.000000
0.000000
0.000000
0.000000
0.000000
0.000000
0.000000
0.000000
0.000000
0.000000
0.000000
0.000000
0.004427
0.001280
0.000000
0.000000
0.000000
0.000000
0.000339
0.000123
0.000000
0.000416
0.000051
0.000000
0.000000
0.000000
0.000000
0.000019
0.000000
0.000000
0.000008
0.000219
0.000000
0.000000
0.000000
0.000000
0.000000
0.000000
0.000000
0.000000
0.000000
0.000000
0.000000
0.000000
0.000000
0.000000
0.000000
0.000000
0.000000
0.000000
0.000896
0.001235
0.008071
0.000000
0.000000
0.000000
0.000249
0.000183
0.001148
0.000134
0.000327
0.000674
0.000000
0.000000
0.000000
0.000006
0.000015
0.000081
0.000000
0.000168
0.000341
0.000000
0.000000
0.000000
0.000000
0.000000
0.000000
0.000000
0.000000
0.000000
0.000000
0.000000
0.000000
0.000000
0.000000
0.000000
0.000000
0.000000
0.000000
0.000000
0.000000
0.000000
0.000566
0.000000
0.000500
0.000140
0.000000
0.000030
0.000000
0.000000
0.000000
0.000058
0.000000
0.000009
0.000000
0.000000
0.000009
0.000000
0.000000
0.000025
0.000000
0.000000
0.000000
0.000000
0.000000
0.000000
0.000000
0.000000
0.000000
0.000000
0.000000
0.000000
0.000000
0.000000
0.000000
0.000000
0.000000
0.000000
0.000000
0.000000
0.000000
0.000000
0.003539
0.001035
0.000000
0.000336
0.000228
0.000000
0.000000
0.000000
0.000000
0.000725
0.000033
0.000000
0.000057
0.000000
0.000000
0.000009
0.000170
0.000000
0.000000
0.000000
0.000000
0.000000
0.000000
0.000000
0.000000
0.000000
0.000000
0.000000
0.000000
0.000000
0.000000
0.000000
0.000000
0.000000
0.000000
0.000000
0.000000
0.000000
0.000395
0.001239
0.005906
0.000028
0.000108
0.000808
0.000000
0.000000
0.000000
0.000088
0.000319
0.000376
0.000006
0.000000
0.000025
0.000000
0.000006
0.000218
0.000000
0.000000
0.000000
0.000000
0.000000
0.000000
0.000000
0.000000
0.000000
0.000000
0.000000
0.000000
0.000000
0.000000
0.000000
0.000000
0.000000
0.000000
0.000146
0.000000
0.000126
0.000186
0.000000
0.000100
0.000559
0.000000
0.000480
0.000010
0.000000
0.000000
0.000014
0.000000
0.000007
0.000048
0.000000
0.000040
0.000000
0.000000
0.000064
0.000000
0.000000
0.000000
0.000000
0.000000
0.000000
0.000000
0.000000
0.000000
0.000000
0.000000
0.000000
0.000000
0.000000
0.000000
0.000000
0.000000
0.000000
0.000000
0.000329
0.000067
0.000000
0.000348
0.000051
0.000000
0.000805
0.000378
0.000000
0.000012
0.000000
0.000000
0.000113
0.000007
0.000000
0.000164
0.000000
0.000000
0.000000
0.000087
0.000000
0.000000
0.000000
0.000000
0.000000
0.000000
0.000000
0.000000
0.000000
0.000000
0.000000
0.000000
0.000000
0.000000
0.000000
0.000000
0.000000
0.000000
0.000121
0.000111
0.001072
0.000083
0.000300
0.000868
0.000353
0.000416
0.003368
0.000011
0.000008
0.000033
0.000013
0.000117
0.000119
0.000005
0.000134
0.000430
0.000000
0.000008
0.000214
0.000000
0.000000
0.000000
0.000000
0.000000
0.000000
0.000000
0.000000
0.000000
0.000000
0.000000
0.000000
0.000000
0.000000
0.000000
0.000000
0.000000
0.000000
0.000066
0.000000
0.000258
0.000000
0.000000
0.000000
0.000009
0.000000
0.000008
0.000524
0.000000
0.000075
0.000000
0.000000
0.000000
0.000071
0.000000
0.000009
0.000363
0.000000
0.000000
0.000000
0.000000
0.000000
0.000000
0.000000
0.000000
0.000000
0.000000
0.000000
0.000000
0.000000
0.000000
0.000000
0.000000
0.000000
0.000000
0.000000
0.000000
0.000000
0.000490
0.000393
0.000000
0.000000
0.000000
0.000000
0.000062
0.000011
0.000000
0.001448
0.000649
0.000000
0.000000
0.000000
0.000000
0.000068
0.000116
0.001131
0.000015
0.000165
0.000000
0.000000
0.000000
0.000000
0.000000
0.000000
0.000000
0.000000
0.000000
0.000007
0.000043
0.000013
0.000000
0.000000
0.000000
0.000000
0.000000
0.000000
0.000175
0.000014
0.000946
0.000000
0.000000
0.000000
0.000000
0.000000
0.000046
0.000130
0.000184
0.000594
0.000000
0.000000
0.000000
0.000000
0.000000
0.000015
0.000420
0.000050
0.000014
0.000000
0.000000
0.000000
0.000000
0.000000
0.000000
0.000000
0.000000
0.000000
0.000000
0.000054
0.000000
0.000000
0.000000
0.000000
0.000000
0.000000
0.000000
0.000000
0.000000
0.000000
0.000055
0.000000
0.000023
0.000027
0.000000
0.000000
0.000000
0.000000
0.000000
0.000260
0.000000
0.000127
0.000017
0.000000
0.000071
0.000198
0.000013
0.000000
0.000000
0.000000
0.000000
0.000000
0.000000
0.000000
0.000000
0.000000
0.000000
0.000000
0.000000
0.000000
0.000025
0.000000
0.000010
0.000000
0.000000
0.000000
0.000000
0.000000
0.000000
0.000000
0.000696
0.000167
0.000000
0.000054
0.000165
0.000000
0.000000
0.000000
0.000000
0.001932
0.000229
0.000000
0.000082
0.000101
0.001507
0.000099
0.000046
0.000000
0.000000
0.000000
0.000000
0.000000
0.000000
0.000000
0.000000
0.000000
0.000000
0.000000
0.000000
0.000000
0.000050
0.000006
0.000000
0.000000
0.000000
0.000000
0.000000
0.000000
0.000005
0.000023
0.000644
0.000000
0.000005
0.000131
0.000000
0.000000
0.000000
0.000159
0.000122
0.000382
0.000000
0.000000
0.000142
0.000399
0.000054
0.000012
0.000000
0.000000
0.000000
0.000000
0.000000
0.000000
0.000000
0.000000
0.000000
0.000000
0.000000
0.000000
0.000000
0.000006
0.000000
0.000000
0.000000
0.000000
0.000000
0.000000
0.000017
0.000000
0.000000
0.000045
0.000075
0.000000
0.000037
0.000032
0.000000
0.000000
0.000015
0.000000
0.000000
0.000062
0.000000
0.000000
0.000018
0.000000
0.000012
0.000000
0.000000
0.000000
0.000000
0.000000
0.000000
0.000000
0.000000
0.000000
0.000000
0.000000
0.000000
0.000000
0.000000
0.000000
0.000000
0.000000
0.000000
0.000000
0.000005
0.000007
0.000000
0.000011
0.000000
0.000000
0.000078
0.000145
0.000000
0.000105
0.000000
0.000000
0.000193
0.000000
0.000000
0.000099
0.000052
0.000132
0.000000
0.000000
0.000000
0.000000
0.000000
0.000000
0.000000
0.000000
0.000000
0.000000
0.000000
0.000000
0.000000
0.000000
0.000000
0.000000
0.000041
0.000000
0.000000
0.000000
0.000019
0.000000
0.000012
0.000000
0.000000
0.000032
0.000017
0.000000
0.000481
0.000087
0.000046
0.000045
0.000000
0.000088
0.000143
0.000000
0.000083
0.000044
0.000031
0.000013
0.000019
0.000000
0.000000
0.000000
0.000000
0.000000
0.000000
0.000000
0.000000
0.000000
0.000000
0.000000
0.000000
0.000000
0.000000
0.000000
0.000000
0.000000
0.000000
0.000000
0.000000
0.000000
0.000000
0.000000
0.000000
0.000000
0.000000
0.000000
0.000393
0.001507
0.000374
0.000235
0.001427
0.000435
0.000098
0.000126
0.000028
0.415710
0.000000
0.000162
0.000000
0.000000
0.000000
0.000000
0.000000
0.000000
0.000000
0.000000
0.000000
0.001415
0.004694
0.001974
0.001531
0.005183
0.002002
0.000166
0.000187
0.000309
0.000014
0.000000
0.000087
0.000000
0.000073
0.000015
0.000000
0.000006
0.000000
0.000015
0.000124
0.000062
0.000000
0.000031
0.000201
0.000000
0.000010
0.000033
0.000000
0.000362
0.000000
0.000000
0.000000
0.000089
0.000009
0.000000
0.000075
0.000000
0.000000
0.000000
0.000000
0.000062
0.000038
0.000000
0.000092
0.000020
0.000000
0.000013
0.000045
0.000083
0.000153
0.000373
0.000022
0.000087
0.000296
0.000051
0.000045
0.000098
0.000000
0.000034
0.000025
0.000000
0.000038
0.000017
0.000000
0.000000
0.000014
0.000043
0.000000
0.028434
0.000179
0.000033
0.000483
0.000146
0.000096
0.000381
0.000144
0.000026
0.000405
0.000013
0.000017
0.000012
0.000000
0.000025
0.000007
0.000008
0.000000
0.000000
0.000000
0.000000
0.000000
0.000000
0.000000
0.000000
0.000000
0.000000
0.000000
0.000000
0.000000
0.000000
0.000000
0.000000
0.000000
0.000000
0.000000
0.000000
0.000000
0.000000
0.000040
0.015664
0.000000
0.009846
0.000000
0.000000
0.000000
0.002092
0.000000
0.001334
0.000486
0.000000
0.000383
0.000000
0.000000
0.000000
0.000061
0.000000
0.000036
0.000000
0.000000
0.000000
0.000000
0.000000
0.000000
0.000000
0.000000
0.000000
0.000000
0.000000
0.000000
0.000000
0.000000
0.000000
0.000000
0.000000
0.000000
0.000000
0.000019
0.000152
0.000000
0.006958
0.003536
0.000000
0.000000
0.000000
0.000000
0.001618
0.000630
0.000000
0.002252
0.000141
0.000000
0.000000
0.000000
0.000000
0.000088
0.000000
0.000000
0.000000
0.000000
0.000000
0.000000
0.000000
0.000000
0.000000
0.000000
0.000000
0.000000
0.000000
0.000000
0.000000
0.000000
0.000000
0.000000
0.000000
0.000000
0.000064
0.000288
0.009794
0.005996
0.073806
0.000000
0.000000
0.000000
0.001289
0.001046
0.010804
0.000334
0.002112
0.004170
0.000000
0.000000
0.000000
0.000019
0.000061
0.000605
0.000000
0.000000
0.000000
0.000000
0.000000
0.000000
0.000000
0.000000
0.000000
0.000000
0.000000
0.000000
0.000000
0.000000
0.000000
0.000000
0.000000
0.000000
0.000000
0.000000
0.000069
0.000000
0.000000
0.000000
0.012746
0.000000
0.005930
0.001548
0.000000
0.001176
0.000000
0.000000
0.000000
0.000191
0.000000
0.000174
0.000019
0.000000
0.000098
0.000000
0.000000
0.000000
0.000000
0.000000
0.000000
0.000000
0.000000
0.000000
0.000000
0.000000
0.000000
0.000000
0.000000
0.000000
0.000000
0.000000
0.000000
0.000000
0.000025
0.000158
0.000000
0.000000
0.000000
0.000000
0.014270
0.007220
0.000000
0.000869
0.002032
0.000000
0.000000
0.000000
0.000000
0.001991
0.000012
0.000000
0.000005
0.000000
0.000000
0.000000
0.000000
0.000000
0.000000
0.000000
0.000000
0.000000
0.000000
0.000000
0.000000
0.000000
0.000000
0.000000
0.000000
0.000000
0.000000
0.000000
0.000000
0.000000
0.000185
0.000000
0.000000
0.000000
0.006081
0.005972
0.044866
0.001472
0.000530
0.011330
0.000000
0.000000
0.000000
0.000033
0.001389
0.001884
0.000011
0.000000
0.000117
0.000000
0.000000
0.000000
0.000000
0.000000
0.000000
0.000000
0.000000
0.000000
0.000000
0.000000
0.000000
0.000000
0.000000
0.000000
0.000000
0.000000
0.000000
0.000000
0.000000
0.000050
0.001286
0.000000
0.001922
0.001034
0.000000
0.001112
0.006055
0.000000
0.004360
0.000192
0.000000
0.000086
0.000087
0.000000
0.000103
0.000367
0.000000
0.000339
0.000000
0.000000
0.000000
0.000000
0.000000
0.000000
0.000000
0.000000
0.000000
0.000000
0.000000
0.000000
0.000000
0.000000
0.000000
0.000000
0.000000
0.000000
0.000000
0.000005
0.000090
0.000000
0.000880
0.000525
0.000000
0.002189
0.000852
0.000000
0.003374
0.001832
0.000000
0.000115
0.000000
0.000000
0.000258
0.000007
0.000000
0.000382
0.000000
0.000000
0.000000
0.000000
0.000000
0.000000
0.000000
0.000000
0.000000
0.000000
0.000000
0.000000
0.000000
0.000000
0.000000
0.000000
0.000000
0.000000
0.000000
0.000000
0.000081
0.000198
0.001770
0.001003
0.014404
0.000868
0.001519
0.006899
0.003950
0.002804
0.035891
0.000086
0.000344
0.000474
0.000023
0.000352
0.001073
0.000064
0.000502
0.001395
0.000000
0.000000
0.000000
0.000000
0.000000
0.000000
0.000000
0.000000
0.000000
0.000012
0.000069
0.000000
0.000000
0.000000
0.000000
0.000000
0.000000
0.000000
0.001512
0.000000
0.000009
0.000518
0.000000
0.000338
0.000000
0.000000
0.000000
0.000077
0.000000
0.000016
0.001796
0.000061
0.000442
0.000000
0.000000
0.000015
0.000113
0.000000
0.000014
0.000000
0.000000
0.000000
0.000000
0.000000
0.000000
0.000000
0.000000
0.000000
0.000009
0.000118
0.000052
0.000000
0.000000
0.000000
0.000000
0.000000
0.000000
0.007501
0.000076
0.000017
0.000000
0.000488
0.001204
0.000000
0.000000
0.000000
0.000000
0.000007
0.000105
0.000014
0.005497
0.002754
0.000000
0.000071
0.000000
0.000000
0.000125
0.000395
0.000000
0.000000
0.000000
0.000000
0.000000
0.000000
0.000000
0.000000
0.000000
0.000000
0.000061
0.000000
0.000000
0.000039
0.000000
0.000000
0.000000
0.000007
0.001638
0.000054
0.000039
0.000577
0.000023
0.003976
0.000000
0.000000
0.000000
0.000046
0.000000
0.000513
0.000447
0.002956
0.002870
0.000000
0.000000
0.000000
0.000000
0.000000
0.000259
0.000000
0.000000
0.000000
0.000000
0.000000
0.000000
0.000000
0.000000
0.000000
0.000000
0.000000
0.000007
0.000000
0.000011
0.000000
0.000000
0.000000
0.000000
0.000827
0.000010
0.000010
0.000000
0.000000
0.000000
0.000614
0.000000
0.000240
0.000055
0.000000
0.000036
0.000000
0.000006
0.000000
0.001098
0.000000
0.000277
0.000244
0.000000
0.000116
0.000000
0.000000
0.000000
0.000000
0.000000
0.000000
0.000000
0.000000
0.000000
0.000074
0.000062
0.000000
0.000000
0.000025
0.000000
0.000000
0.000012
0.000007
0.006436
0.000104
0.000025
0.000000
0.000000
0.000000
0.000000
0.001040
0.001395
0.000000
0.000059
0.000266
0.000000
0.000000
0.000000
0.000011
0.005544
0.002106
0.000000
0.000157
0.000511
0.000000
0.000000
0.000000
0.000000
0.000000
0.000000
0.000000
0.000000
0.000000
0.000000
0.000000
0.000000
0.000086
0.000011
0.000013
0.000000
0.000000
0.000000
0.001522
0.000104
0.000006
0.000000
0.000000
0.000000
0.000392
0.000105
0.003336
0.000000
0.000000
0.000498
0.000000
0.000000
0.000000
0.000259
0.001603
0.002031
0.000000
0.000000
0.000172
0.000000
0.000000
0.000000
0.000000
0.000000
0.000000
0.000000
0.000000
0.000000
0.000000
0.000000
0.000000
0.000000
0.000000
0.000000
0.000000
0.000000
0.000000
0.000330
0.000000
0.000000
0.000077
0.000000
0.000013
0.000036
0.000000
0.000042
0.000150
0.000000
0.000114
0.000127
0.000000
0.000000
0.000256
0.000007
0.000000
0.000182
0.000000
0.000102
0.000000
0.000000
0.000000
0.000000
0.000000
0.000000
0.000000
0.000000
0.000000
0.000000
0.000072
0.000000
0.000000
0.000000
0.000000
0.000000
0.000000
0.000000
0.000466
0.000050
0.000000
0.000000
0.000014
0.000010
0.000000
0.000000
0.000005
0.000000
0.000081
0.000270
0.000000
0.000170
0.000000
0.000000
0.000616
0.000000
0.000000
0.000171
0.000159
0.000000
0.000000
0.000000
0.000000
0.000000
0.000000
0.000000
0.000000
0.000000
0.000000
0.000000
0.000000
0.000000
0.000000
0.000000
0.000000
0.000000
0.000000
0.000326
0.000077
0.000014
0.000068
0.000000
0.000273
0.000000
0.000000
0.000118
0.000100
0.000000
0.001472
0.000065
0.000221
0.000160
0.000013
0.000755
0.000458
0.000183
0.000381
0.000617
