0.013475
0.018177
0.008060
0.008576
0.020767
0.005799
0.002281
0.002842
0.001440
0.000454
0.001393
0.000127
0.000317
0.002274
0.000272
0.000034
0.000086
0.000015
0.509780
0.000009
0.035712
0.061525
0.048572
0.047671
0.056224
0.066005
0.041043
0.011984
0.008717
0.008842
0.001895
0.005440
0.000527
0.001847
0.006931
0.000648
0.000051
0.000149
0.000042
0.010743
0.000000
0.001746
0.000000
0.000000
0.000000
0.000637
0.000000
0.000142
0.000164
0.000000
0.000043
0.000000
0.000000
0.000000
0.000008
0.000000
0.000000
0.000000
0.000000
0.000011
0.000000
0.000000
0.000000
0.000000
0.000000
0.000000
0.000000
0.000000
0.000000
0.000000
0.000000
0.000000
0.000000
0.000000
0.000000
0.000000
0.000000
0.000000
0.000000
0.015662
0.001437
0.000000
0.000000
0.000000
0.000000
0.000560
0.000062
0.000000
0.000429
0.000012
0.000000
0.000000
0.000000
0.000000
0.000017
0.000000
0.000000
0.000000
0.000026
0.000000
0.000000
0.000000
0.000000
0.000000
0.000000
0.000000
0.000000
0.000000
0.000000
0.000000
0.000000
0.000000
0.000000
0.000000
0.000000
0.000000
0.000000
0.001839
0.001546
0.004249
0.000000
0.000000
0.000000
0.000049
0.000048
0.000226
0.000008
0.000025
0.000038
0.000000
0.000000
0.000000
0.000000
0.000000
0.000000
0.000000
0.000000
0.000045
0.000000
0.000000
0.000000
0.000000
0.000000
0.000000
0.000000
0.000000
0.000000
0.000000
0.000000
0.000000
0.000000
0.000000
0.000000
0.000000
0.000000
0.000000
0.000000
0.000000
0.000000
0.006676
0.000000
0.001193
0.000520
0.000000
0.000039
0.000000
0.000000
0.000000
0.000089
0.000000
0.000027
0.000000
0.000000
0.000000
0.000000
0.000000
0.000022
0.000000
0.000000
0.000000
0.000000
0.000000
0.000000
0.000000
0.000000
0.000000
0.000000
0.000000
0.000000
0.000000
0.000000
0.000000
0.000000
0.000000
0.000000
0.000000
0.000000
0.000000
0.000000
0.017992
0.001009
0.000000
0.000843
0.000108
0.000000
0.000000
0.000000
0.000000
0.000563
0.000000
0.000000
0.000000
0.000000
0.000000
0.000000
0.000146
0.000000
0.000000
0.000000
0.000000
0.000000
0.000000
0.000000
0.000000
0.000000
0.000000
0.000000
0.000000
0.000000
0.000000
0.000000
0.000000
0.000000
0.000000
0.000000
0.000000
0.000000
0.001106
0.001339
0.003000
0.000052
0.000092
0.000138
0.000000
0.000000
0.000000
0.000017
0.000008
0.000019
0.000000
0.000000
0.000000
0.000000
0.000000
0.000036
0.000000
0.000000
0.000000
0.000000
0.000000
0.000000
0.000000
0.000000
0.000000
0.000000
0.000000
0.000000
0.000000
0.000000
0.000000
0.000000
0.000000
0.000000
0.000552
0.000000
0.000008
0.000597
0.000000
0.000070
0.000859
0.000000
0.000157
0.000000
0.000000
0.000000
0.000000
0.000000
0.000000
0.000016
0.000000
0.000000
0.000000
0.000000
0.000026
0.000000
0.000000
0.000000
0.000000
0.000000
0.000000
0.000000
0.000000
0.000000
0.000000
0.000000
0.000000
0.000000
0.000000
0.000000
0.000000
0.000000
0.000000
0.000000
0.000478
0.000323
0.000000
0.000607
0.000080
0.000000
0.001104
0.000196
0.000000
0.000011
0.000000
0.000000
0.000027
0.000000
0.000000
0.000022
0.000000
0.000000
0.000000
0.000000
0.000000
0.000000
0.000000
0.000000
0.000000
0.000000
0.000000
0.000000
0.000000
0.000000
0.000000
0.000000
0.000000
0.000000
0.000000
0.000000
0.000000
0.000000
0.000111
0.000090
0.000178
0.000092
0.000065
0.000267
0.000113
0.000084
0.000349
0.000000
0.000000
0.000000
0.000000
0.000000
0.000092
0.000000
0.000000
0.000000
0.000000
0.000000
0.000000
0.000000
0.000000
0.000000
0.000000
0.000000
0.000000
0.000000
0.000000
0.000000
0.000000
0.000000
0.000000
0.000000
0.000000
0.000000
0.000000
0.000000
0.000000
0.000098
0.000000
0.000019
0.000000
0.000000
0.000000
0.000006
0.000000
0.000000
0.000128
0.000000
0.000011
0.000000
0.000000
0.000000
0.000000
0.000000
0.000000
0.000183
0.000000
0.000009
0.000000
0.000000
0.000000
0.000000
0.000000
0.000000
0.000000
0.000000
0.000000
0.000000
0.000000
0.000000
0.000000
0.000000
0.000000
0.000000
0.000000
0.000000
0.000000
0.000276
0.000054
0.000000
0.000000
0.000000
0.000000
0.000000
0.000000
0.000000
0.000515
0.000000
0.000000
0.000000
0.000000
0.000000
0.000019
0.000000
0.000531
0.000000
0.000000
0.000000
0.000000
0.000000
0.000000
0.000000
0.000000
0.000000
0.000000
0.000000
0.000000
0.000000
0.000000
0.000000
0.000000
0.000000
0.000000
0.000000
0.000000
0.000000
0.000000
0.000027
0.000000
0.000000
0.000000
0.000000
0.000000
0.000000
0.000012
0.000056
0.000008
0.000000
0.000000
0.000000
0.000000
0.000000
0.000000
0.000025
0.000000
0.000000
0.000000
0.000000
0.000000
0.000000
0.000000
0.000000
0.000000
0.000000
0.000000
0.000000
0.000000
0.000000
0.000000
0.000000
0.000000
0.000000
0.000000
0.000000
0.000000
0.000000
0.000000
0.000057
0.000000
0.000011
0.000000
0.000000
0.000000
0.000000
0.000000
0.000000
0.000090
0.000000
0.000008
0.000010
0.000000
0.000000
0.000141
0.000000
0.000000
0.000000
0.000000
0.000000
0.000000
0.000000
0.000000
0.000000
0.000000
0.000000
0.000000
0.000000
0.000000
0.000000
0.000000
0.000000
0.000000
0.000000
0.000000
0.000000
0.000000
0.000000
0.000000
0.000584
0.000113
0.000000
0.000008
0.000000
0.000000
0.000000
0.000000
0.000000
0.000882
0.000031
0.000000
0.000011
0.000000
0.000612
0.000009
0.000026
0.000000
0.000000
0.000000
0.000000
0.000000
0.000000
0.000000
0.000000
0.000000
0.000000
0.000000
0.000000
0.000000
0.000000
0.000000
0.000000
0.000000
0.000000
0.000000
0.000000
0.000000
0.000021
0.000000
0.000057
0.000000
0.000000
0.000000
0.000000
0.000000
0.000000
0.000012
0.000012
0.000041
0.000000
0.000000
0.000015
0.000115
0.000000
0.000000
0.000000
0.000000
0.000000
0.000000
0.000000
0.000000
0.000000
0.000000
0.000000
0.000000
0.000000
0.000000
0.000000
0.000000
0.000000
0.000000
0.000000
0.000000
0.000000
0.000000
0.000000
0.000000
0.000000
0.000000
0.000010
0.000000
0.000000
0.000000
0.000000
0.000000
0.000024
0.000000
0.000000
0.000000
0.000000
0.000000
0.000000
0.000000
0.000000
0.000000
0.000000
0.000000
0.000000
0.000000
0.000000
0.000000
0.000000
0.000000
0.000000
0.000000
0.000000
0.000000
0.000000
0.000000
0.000000
0.000000
0.000000
0.000000
0.000011
0.000000
0.000000
0.000000
0.000000
0.000000
0.000009
0.000009
0.000000
0.000010
0.000000
0.000000
0.000011
0.000000
0.000000
0.000017
0.000000
0.000017
0.000000
0.000000
0.000000
0.000000
0.000000
0.000000
0.000000
0.000000
0.000000
0.000000
0.000000
0.000000
0.000000
0.000000
0.000000
0.000000
0.000000
0.000000
0.000000
0.000000
0.000000
0.000000
0.000000
0.000000
0.000000
0.000000
0.000000
0.000000
0.000015
0.000000
0.000000
0.000000
0.000000
0.000000
0.000000
0.000000
0.000000
0.000000
0.000000
0.000000
0.000000
0.000000
0.000000
0.000000
0.000000
0.000000
0.000000
0.000000
0.000000
0.000000
0.000000
0.000000
0.000000
0.000000
0.000000
0.000000
0.000000
0.000000
0.000000
0.000000
0.000000
0.000000
0.000000
0.000000
0.000000
0.000000
0.000000
0.000000
0.000143
0.000349
0.000016
0.000086
0.000756
0.000054
0.000000
0.000000
0.000000
0.502846
0.000000
0.000000
0.000000
0.000000
0.000000
0.000000
0.000000
0.000000
0.000000
0.000000
0.000000
0.000416
0.001069
0.000059
0.000835
0.002327
0.000058
0.000000
0.000023
0.000000
0.000000
0.000000
0.000000
0.000000
0.000000
0.000000
0.000000
0.000000
0.000000
0.000000
0.000000
0.000000
0.000000
0.000000
0.000000
0.000000
0.000000
0.000000
0.000000
0.000000
0.000000
0.000000
0.000000
0.000000
0.000000
0.000000
0.000009
0.000000
0.000000
0.000000
0.000000
0.000000
0.000000
0.000000
0.000000
0.000000
0.000000
0.000000
0.000000
0.000152
0.000155
0.000032
0.000039
0.000205
0.000006
0.000039
0.000100
0.000000
0.000000
0.000000
0.000000
0.000000
0.000000
0.000000
0.000000
0.000000
0.000000
0.000000
0.000000
0.034496
0.000032
0.000102
0.000158
0.000039
0.000051
0.000103
0.000000
0.000029
0.000022
0.000020
0.000000
0.000000
0.000000
0.000000
0.000000
0.000000
0.000000
0.000000
0.000000
0.000000
0.000000
0.000000
0.000000
0.000000
0.000000
0.000000
0.000000
0.000000
0.000000
0.000000
0.000000
0.000000
0.000000
0.000000
0.000000
0.000000
0.000000
0.000000
0.000138
0.047096
0.000000
0.010681
0.000000
0.000000
0.000000
0.002795
0.000000
0.000364
0.000582
0.000000
0.000022
0.000000
0.000000
0.000000
0.000000
0.000000
0.000000
0.000000
0.000000
0.000000
0.000000
0.000000
0.000000
0.000000
0.000000
0.000000
0.000000
0.000000
0.000000
0.000000
0.000000
0.000000
0.000000
0.000000
0.000000
0.000000
0.000000
0.000255
0.000000
0.036186
0.007845
0.000000
0.000000
0.000000
0.000000
0.001976
0.000233
0.000000
0.002139
0.000020
0.000000
0.000000
0.000000
0.000000
0.000021
0.000000
0.000000
0.000000
0.000000
0.000000
0.000000
0.000000
0.000000
0.000000
0.000000
0.000000
0.000000
0.000000
0.000000
0.000000
0.000000
0.000000
0.000000
0.000000
0.000000
0.000000
0.000103
0.009170
0.009517
0.026179
0.000000
0.000000
0.000000
0.000226
0.000639
0.001506
0.000108
0.000095
0.000222
0.000000
0.000000
0.000000
0.000000
0.000000
0.000000
0.000000
0.000000
0.000000
0.000000
0.000000
0.000000
0.000000
0.000000
0.000000
0.000000
0.000000
0.000000
0.000000
0.000000
0.000000
0.000000
0.000000
0.000000
0.000000
0.000000
0.000086
0.000000
0.000000
0.000000
0.044313
0.000000
0.008165
0.003000
0.000000
0.000570
0.000000
0.000000
0.000000
0.000195
0.000000
0.000000
0.000000
0.000000
0.000000
0.000000
0.000000
0.000000
0.000000
0.000000
0.000000
0.000000
0.000000
0.000000
0.000000
0.000000
0.000000
0.000000
0.000000
0.000000
0.000000
0.000000
0.000000
0.000000
0.000000
0.000188
0.000000
0.000000
0.000000
0.000000
0.052529
0.008794
0.000000
0.002073
0.000921
0.000000
0.000000
0.000000
0.000000
0.001627
0.000000
0.000000
0.000000
0.000000
0.000000
0.000000
0.000000
0.000000
0.000000
0.000000
0.000000
0.000000
0.000000
0.000000
0.000000
0.000000
0.000000
0.000000
0.000000
0.000000
0.000000
0.000000
0.000000
0.000000
0.000119
0.000000
0.000000
0.000000
0.008739
0.007646
0.021455
0.000775
0.000614
0.001472
0.000000
0.000000
0.000000
0.000013
0.000188
0.000084
0.000000
0.000000
0.000000
0.000000
0.000000
0.000000
0.000000
0.000000
0.000000
0.000000
0.000000
0.000000
0.000000
0.000000
0.000000
0.000000
0.000000
0.000000
0.000000
0.000000
0.000000
0.000000
0.000000
0.000000
0.003969
0.000000
0.000307
0.002173
0.000000
0.000445
0.004052
0.000000
0.001044
0.000000
0.000000
0.000000
0.000010
0.000000
0.000000
0.000016
0.000000
0.000000
0.000000
0.000000
0.000000
0.000000
0.000000
0.000000
0.000000
0.000000
0.000000
0.000000
0.000000
0.000000
0.000000
0.000000
0.000000
0.000000
0.000000
0.000000
0.000000
0.000000
0.000016
0.000000
0.001655
0.000572
0.000000
0.002423
0.000346
0.000000
0.002821
0.000797
0.000000
0.000005
0.000000
0.000000
0.000021
0.000000
0.000000
0.000058
0.000000
0.000000
0.000000
0.000000
0.000000
0.000000
0.000000
0.000000
0.000000
0.000000
0.000000
0.000000
0.000000
0.000000
0.000000
0.000000
0.000000
0.000000
0.000000
0.000000
0.000000
0.000020
0.001068
0.000487
0.001627
0.000258
0.000635
0.001193
0.001096
0.000502
0.001824
0.000000
0.000000
0.000000
0.000017
0.000118
0.000019
0.000000
0.000000
0.000000
0.000000
0.000000
0.000000
0.000000
0.000000
0.000000
0.000000
0.000000
0.000000
0.000000
0.000000
0.000000
0.000000
0.000000
0.000000
0.000000
0.000000
0.000000
0.000690
0.000000
0.000000
0.000313
0.000000
0.000083
0.000000
0.000000
0.000000
0.000014
0.000000
0.000000
0.000765
0.000000
0.000005
0.000000
0.000000
0.000000
0.000000
0.000000
0.000000
0.000000
0.000000
0.000000
0.000000
0.000000
0.000000
0.000000
0.000000
0.000000
0.000000
0.000000
0.000000
0.000000
0.000000
0.000000
0.000000
0.000000
0.000000
0.002348
0.000000
0.000000
0.000000
0.000728
0.000206
0.000000
0.000000
0.000000
0.000000
0.000042
0.000000
0.000000
0.002036
0.000075
0.000000
0.000000
0.000000
0.000000
0.000017
0.000000
0.000000
0.000000
0.000000
0.000000
0.000000
0.000000
0.000000
0.000000
0.000000
0.000000
0.000000
0.000000
0.000000
0.000000
0.000000
0.000000
0.000000
0.000000
0.000158
0.000000
0.000000
0.000030
0.000000
0.000090
0.000000
0.000000
0.000000
0.000000
0.000000
0.000020
0.000006
0.000101
0.000124
0.000000
0.000000
0.000000
0.000000
0.000000
0.000000
0.000000
0.000000
0.000000
0.000000
0.000000
0.000000
0.000000
0.000000
0.000000
0.000000
0.000000
0.000000
0.000000
0.000000
0.000000
0.000000
0.000000
0.000000
0.000263
0.000000
0.000009
0.000000
0.000000
0.000000
0.000663
0.000000
0.000068
0.000014
0.000000
0.000009
0.000000
0.000000
0.000000
0.000733
0.000000
0.000035
0.000034
0.000000
0.000022
0.000000
0.000000
0.000000
0.000000
0.000000
0.000000
0.000000
0.000000
0.000000
0.000000
0.000000
0.000000
0.000000
0.000017
0.000000
0.000000
0.000000
0.000000
0.002055
0.000000
0.000000
0.000000
0.000000
0.000000
0.000000
0.001647
0.000213
0.000000
0.000000
0.000000
0.000000
0.000000
0.000000
0.000000
0.002522
0.000439
0.000000
0.000031
0.000020
0.000000
0.000000
0.000000
0.000000
0.000000
0.000000
0.000000
0.000000
0.000000
0.000000
0.000000
0.000000
0.000000
0.000000
0.000000
0.000000
0.000000
0.000000
0.000019
0.000000
0.000000
0.000000
0.000000
0.000000
0.000146
0.000000
0.000316
0.000010
0.000000
0.000060
0.000000
0.000000
0.000000
0.000012
0.000072
0.000015
0.000000
0.000000
0.000000
0.000000
0.000000
0.000000
0.000000
0.000000
0.000000
0.000000
0.000000
0.000000
0.000000
0.000000
0.000000
0.000000
0.000000
0.000000
0.000000
0.000000
0.000000
0.000000
0.000000
0.000000
0.000000
0.000000
0.000000
0.000000
0.000000
0.000000
0.000025
0.000000
0.000009
0.000000
0.000000
0.000000
0.000016
0.000000
0.000000
0.000000
0.000000
0.000000
0.000000
0.000000
0.000000
0.000000
0.000000
0.000000
0.000000
0.000000
0.000000
0.000000
0.000000
0.000000
0.000000
0.000000
0.000000
0.000000
0.000000
0.000000
0.000026
0.000000
0.000000
0.000000
0.000000
0.000011
0.000000
0.000017
0.000000
0.000000
0.000042
0.000000
0.000000
0.000007
0.000000
0.000000
0.000046
0.000000
0.000000
0.000000
0.000000
0.000000
0.000000
0.000000
0.000000
0.000000
0.000000
0.000000
0.000000
0.000000
0.000000
0.000000
0.000000
0.000000
0.000000
0.000000
0.000000
0.000000
0.000000
0.000000
0.000000
0.000000
0.000000
0.000000
0.000022
0.000000
0.000000
0.000000
0.000010
0.000000
0.000010
0.000000
0.000000
0.000000
0.000000
0.000000
0.000000
0.000000
0.000000
0.000000
