0.001382
0.007380
0.013389
0.002057
0.005721
0.005989
0.002186
0.002081
0.005490
0.001071
0.004205
0.001389
0.000819
0.003720
0.002609
0.000433
0.000229
0.000344
0.557460
0.000609
0.036674
0.028171
0.019812
0.066494
0.024084
0.014803
0.052786
0.023159
0.007379
0.049155
0.004031
0.017050
0.007206
0.008100
0.010465
0.007464
0.000935
0.001105
0.002566
0.000615
0.000000
0.000389
0.000000
0.000000
0.000000
0.000195
0.000000
0.000000
0.000044
0.000000
0.000000
0.000000
0.000000
0.000000
0.000000
0.000000
0.000000
0.000000
0.000000
0.000070
0.000000
0.000000
0.000000
0.000000
0.000000
0.000000
0.000000
0.000000
0.000000
0.000000
0.000000
0.000000
0.000000
0.000000
0.000000
0.000000
0.000000
0.000000
0.000000
0.004958
0.001058
0.000000
0.000000
0.000000
0.000000
0.000000
0.000600
0.000000
0.000565
0.000119
0.000000
0.000000
0.000000
0.000000
0.000000
0.000000
0.000000
0.000000
0.000144
0.000000
0.000000
0.000000
0.000000
0.000000
0.000000
0.000000
0.000000
0.000000
0.000000
0.000000
0.000000
0.000000
0.000000
0.000000
0.000000
0.000000
0.000000
0.000184
0.001185
0.008821
0.000000
0.000000
0.000000
0.000044
0.000074
0.001769
0.000085
0.000397
0.000252
0.000000
0.000000
0.000000
0.000000
0.000000
0.000040
0.000000
0.000000
0.000074
0.000000
0.000000
0.000000
0.000000
0.000000
0.000000
0.000000
0.000000
0.000000
0.000000
0.000000
0.000000
0.000000
0.000000
0.000000
0.000000
0.000000
0.000000
0.000000
0.000000
0.000000
0.001028
0.000000
0.000392
0.000343
0.000000
0.000115
0.000000
0.000000
0.000000
0.000182
0.000000
0.000000
0.000000
0.000000
0.000000
0.000000
0.000000
0.000000
0.000000
0.000000
0.000000
0.000000
0.000000
0.000000
0.000000
0.000000
0.000000
0.000000
0.000000
0.000000
0.000000
0.000000
0.000000
0.000000
0.000000
0.000000
0.000000
0.000000
0.000000
0.000000
0.003448
0.001114
0.000000
0.000089
0.000000
0.000000
0.000000
0.000000
0.000000
0.001104
0.000000
0.000000
0.000000
0.000000
0.000000
0.000000
0.000000
0.000000
0.000000
0.000000
0.000000
0.000000
0.000000
0.000000
0.000000
0.000000
0.000000
0.000000
0.000000
0.000000
0.000000
0.000000
0.000000
0.000000
0.000000
0.000000
0.000000
0.000000
0.000315
0.001233
0.002803
0.000085
0.000556
0.000170
0.000000
0.000000
0.000000
0.000040
0.000085
0.000693
0.000000
0.000000
0.000040
0.000000
0.000000
0.000000
0.000000
0.000000
0.000000
0.000000
0.000000
0.000000
0.000000
0.000000
0.000000
0.000000
0.000000
0.000000
0.000000
0.000000
0.000000
0.000000
0.000000
0.000000
0.000339
0.000000
0.000245
0.000403
0.000000
0.000052
0.000866
0.000000
0.000119
0.000081
0.000000
0.000000
0.000000
0.000000
0.000000
0.000085
0.000000
0.000000
0.000000
0.000000
0.000000
0.000000
0.000000
0.000000
0.000000
0.000000
0.000000
0.000000
0.000000
0.000000
0.000000
0.000000
0.000000
0.000000
0.000000
0.000000
0.000000
0.000000
0.000000
0.000000
0.000044
0.000600
0.000000
0.000630
0.000040
0.000000
0.000600
0.000074
0.000000
0.000040
0.000000
0.000000
0.000000
0.000000
0.000000
0.000000
0.000000
0.000000
0.000000
0.000074
0.000000
0.000000
0.000000
0.000000
0.000000
0.000000
0.000000
0.000000
0.000000
0.000000
0.000000
0.000000
0.000000
0.000000
0.000000
0.000000
0.000000
0.000000
0.000085
0.000070
0.000408
0.000044
0.000000
0.001079
0.000266
0.000745
0.002215
0.000000
0.000000
0.000000
0.000044
0.000000
0.000409
0.000040
0.000000
0.000126
0.000000
0.000000
0.000000
0.000000
0.000000
0.000000
0.000000
0.000000
0.000000
0.000000
0.000000
0.000000
0.000000
0.000000
0.000000
0.000000
0.000000
0.000000
0.000000
0.000000
0.000000
0.000159
0.000000
0.000123
0.000000
0.000000
0.000000
0.000000
0.000000
0.000000
0.000451
0.000000
0.000000
0.000000
0.000000
0.000000
0.000000
0.000000
0.000000
0.000339
0.000000
0.000000
0.000000
0.000000
0.000000
0.000000
0.000000
0.000000
0.000000
0.000000
0.000000
0.000000
0.000000
0.000000
0.000000
0.000000
0.000000
0.000000
0.000000
0.000000
0.000000
0.000412
0.000449
0.000000
0.000000
0.000000
0.000000
0.000000
0.000040
0.000000
0.001533
0.000447
0.000000
0.000000
0.000000
0.000000
0.000081
0.000040
0.001066
0.000107
0.000000
0.000000
0.000000
0.000000
0.000000
0.000000
0.000000
0.000000
0.000000
0.000000
0.000000
0.000000
0.000041
0.000000
0.000000
0.000000
0.000000
0.000000
0.000000
0.000000
0.000000
0.000332
0.000000
0.000000
0.000000
0.000000
0.000000
0.000233
0.000085
0.000167
0.000369
0.000000
0.000000
0.000000
0.000000
0.000000
0.000000
0.000163
0.000000
0.000000
0.000000
0.000000
0.000000
0.000000
0.000000
0.000000
0.000000
0.000000
0.000000
0.000000
0.000000
0.000000
0.000000
0.000040
0.000000
0.000000
0.000000
0.000000
0.000000
0.000000
0.000000
0.000085
0.000000
0.000000
0.000000
0.000000
0.000000
0.000000
0.000000
0.000000
0.000255
0.000000
0.000044
0.000045
0.000000
0.000000
0.000351
0.000000
0.000000
0.000000
0.000000
0.000000
0.000000
0.000000
0.000000
0.000000
0.000000
0.000000
0.000000
0.000000
0.000000
0.000000
0.000040
0.000000
0.000000
0.000000
0.000000
0.000000
0.000000
0.000000
0.000000
0.000182
0.000092
0.000000
0.000000
0.000000
0.000000
0.000000
0.000000
0.000000
0.001344
0.000474
0.000000
0.000000
0.000000
0.001094
0.000000
0.000000
0.000000
0.000000
0.000000
0.000000
0.000000
0.000000
0.000000
0.000000
0.000000
0.000000
0.000000
0.000000
0.000000
0.000556
0.000000
0.000000
0.000000
0.000000
0.000000
0.000000
0.000000
0.000040
0.000074
0.000448
0.000000
0.000000
0.000115
0.000000
0.000000
0.000000
0.000044
0.000460
0.000713
0.000000
0.000000
0.000057
0.000598
0.000000
0.000074
0.000000
0.000000
0.000000
0.000000
0.000000
0.000000
0.000000
0.000000
0.000000
0.000000
0.000000
0.000000
0.000000
0.000000
0.000000
0.000000
0.000000
0.000000
0.000000
0.000000
0.000000
0.000000
0.000000
0.000000
0.000194
0.000000
0.000000
0.000044
0.000000
0.000000
0.000081
0.000000
0.000000
0.000074
0.000000
0.000000
0.000040
0.000000
0.000000
0.000000
0.000000
0.000000
0.000000
0.000000
0.000000
0.000000
0.000000
0.000000
0.000000
0.000000
0.000000
0.000000
0.000000
0.000000
0.000000
0.000000
0.000000
0.000000
0.000074
0.000000
0.000000
0.000000
0.000000
0.000000
0.000040
0.000040
0.000000
0.000000
0.000000
0.000000
0.000000
0.000000
0.000000
0.000074
0.000000
0.000000
0.000000
0.000000
0.000000
0.000000
0.000000
0.000000
0.000000
0.000000
0.000000
0.000000
0.000000
0.000000
0.000000
0.000000
0.000000
0.000000
0.000000
0.000000
0.000000
0.000000
0.000000
0.000000
0.000000
0.000000
0.000000
0.000000
0.000057
0.000000
0.000040
0.000000
0.000000
0.000040
0.000000
0.000000
0.000000
0.000040
0.000000
0.000040
0.000085
0.000040
0.000000
0.000000
0.000000
0.000000
0.000000
0.000000
0.000000
0.000000
0.000000
0.000000
0.000000
0.000000
0.000000
0.000000
0.000000
0.000000
0.000000
0.000000
0.000000
0.000000
0.000000
0.000000
0.000000
0.000000
0.000000
0.000000
0.000000
0.000000
0.000241
0.001386
0.000163
0.000174
0.000704
0.000246
0.000149
0.000074
0.000000
0.538354
0.000000
0.000000
0.000000
0.000000
0.000000
0.000000
0.000000
0.000000
0.000000
0.000000
0.000000
0.000748
0.003568
0.001036
0.003041
0.003806
0.000714
0.000106
0.000299
0.000150
0.000000
0.000000
0.000000
0.000074
0.000000
0.000000
0.000070
0.000000
0.000000
0.000041
0.000044
0.000000
0.000000
0.000045
0.000044
0.000000
0.000000
0.000000
0.000000
0.000144
0.000000
0.000000
0.000000
0.000000
0.000000
0.000000
0.000000
0.000000
0.000000
0.000000
0.000000
0.000000
0.000107
0.000000
0.000000
0.000000
0.000000
0.000040
0.000000
0.000000
0.000699
0.001016
0.000070
0.000188
0.000000
0.000070
0.000000
0.000000
0.000000
0.000000
0.000000
0.000000
0.000000
0.000000
0.000000
0.000000
0.000000
0.000000
0.000000
0.034076
0.000000
0.000144
0.000144
0.000070
0.000000
0.000000
0.000223
0.000000
0.000144
0.000000
0.000000
0.000000
0.000000
0.000000
0.000000
0.000000
0.000000
0.000000
0.000000
0.000000
0.000000
0.000000
0.000000
0.000000
0.000000
0.000000
0.000000
0.000000
0.000000
0.000000
0.000000
0.000000
0.000000
0.000000
0.000000
0.000000
0.000000
0.000000
0.000153
0.019010
0.000000
0.005318
0.000000
0.000000
0.000000
0.001755
0.000000
0.001158
0.000932
0.000000
0.000093
0.000000
0.000000
0.000000
0.000000
0.000000
0.000000
0.000000
0.000000
0.000000
0.000000
0.000000
0.000000
0.000000
0.000000
0.000000
0.000000
0.000000
0.000000
0.000000
0.000000
0.000000
0.000000
0.000000
0.000000
0.000000
0.000000
0.000000
0.000000
0.011192
0.003895
0.000000
0.000000
0.000000
0.000000
0.000956
0.000688
0.000000
0.003096
0.000000
0.000000
0.000000
0.000000
0.000000
0.000107
0.000000
0.000000
0.000000
0.000000
0.000000
0.000000
0.000000
0.000000
0.000000
0.000000
0.000000
0.000000
0.000000
0.000000
0.000000
0.000000
0.000000
0.000000
0.000000
0.000000
0.000070
0.001178
0.004960
0.006307
0.042398
0.000000
0.000000
0.000000
0.000299
0.000657
0.005719
0.000274
0.002594
0.002259
0.000000
0.000000
0.000000
0.000000
0.000000
0.000236
0.000000
0.000000
0.000000
0.000000
0.000000
0.000000
0.000000
0.000000
0.000000
0.000000
0.000000
0.000000
0.000000
0.000000
0.000000
0.000000
0.000000
0.000000
0.000000
0.000000
0.000000
0.000000
0.000000
0.000000
0.013342
0.000000
0.006966
0.001831
0.000000
0.001759
0.000000
0.000000
0.000000
0.000185
0.000000
0.000163
0.000000
0.000000
0.000000
0.000000
0.000000
0.000000
0.000000
0.000000
0.000000
0.000000
0.000000
0.000000
0.000000
0.000000
0.000000
0.000000
0.000000
0.000000
0.000000
0.000000
0.000000
0.000000
0.000000
0.000000
0.000000
0.000000
0.000000
0.000000
0.009192
0.003087
0.000000
0.001209
0.000542
0.000000
0.000000
0.000000
0.000000
0.000774
0.000094
0.000000
0.000000
0.000000
0.000000
0.000000
0.000000
0.000000
0.000000
0.000000
0.000000
0.000000
0.000000
0.000000
0.000000
0.000000
0.000000
0.000000
0.000000
0.000000
0.000000
0.000000
0.000000
0.000074
0.000600
0.000000
0.000000
0.000000
0.004643
0.002233
0.030916
0.002107
0.000604
0.008764
0.000000
0.000000
0.000000
0.000750
0.000468
0.002087
0.000000
0.000000
0.000000
0.000000
0.000000
0.000000
0.000000
0.000000
0.000000
0.000000
0.000000
0.000000
0.000000
0.000000
0.000000
0.000000
0.000000
0.000000
0.000000
0.000000
0.000000
0.000000
0.000000
0.000144
0.003561
0.000000
0.003390
0.001779
0.000000
0.001516
0.009488
0.000000
0.002969
0.000000
0.000000
0.000147
0.000184
0.000000
0.000000
0.000044
0.000000
0.000141
0.000000
0.000000
0.000000
0.000000
0.000000
0.000000
0.000000
0.000000
0.000000
0.000000
0.000000
0.000000
0.000000
0.000000
0.000000
0.000000
0.000000
0.000000
0.000000
0.000000
0.000052
0.000000
0.000960
0.000902
0.000000
0.000715
0.000656
0.000000
0.003109
0.000905
0.000000
0.000000
0.000000
0.000000
0.000000
0.000000
0.000000
0.000117
0.000000
0.000000
0.000000
0.000000
0.000000
0.000000
0.000000
0.000000
0.000000
0.000000
0.000000
0.000000
0.000000
0.000000
0.000000
0.000000
0.000000
0.000000
0.000000
0.000000
0.000000
0.000070
0.000394
0.000515
0.008935
0.001363
0.000678
0.004487
0.007025
0.000765
0.023224
0.000000
0.000093
0.000222
0.000000
0.000082
0.000681
0.000274
0.000000
0.000730
0.000000
0.000000
0.000000
0.000000
0.000000
0.000000
0.000000
0.000000
0.000000
0.000000
0.000000
0.000000
0.000000
0.000000
0.000000
0.000000
0.000000
0.000000
0.001811
0.000000
0.000000
0.000241
0.000000
0.000000
0.000000
0.000000
0.000000
0.000107
0.000000
0.000000
0.001503
0.000000
0.000293
0.000000
0.000000
0.000000
0.000107
0.000000
0.000000
0.000000
0.000000
0.000000
0.000000
0.000000
0.000000
0.000000
0.000000
0.000000
0.000000
0.000040
0.000000
0.000000
0.000000
0.000000
0.000000
0.000000
0.000000
0.007543
0.000000
0.000000
0.000000
0.000816
0.000579
0.000000
0.000000
0.000000
0.000000
0.000000
0.000000
0.000000
0.005898
0.002089
0.000000
0.000000
0.000000
0.000000
0.000000
0.000236
0.000000
0.000000
0.000000
0.000000
0.000000
0.000000
0.000000
0.000000
0.000000
0.000000
0.000044
0.000000
0.000000
0.000000
0.000000
0.000000
0.000000
0.000000
0.000333
0.000044
0.000000
0.000189
0.000000
0.001334
0.000000
0.000000
0.000000
0.000000
0.000000
0.001987
0.000605
0.001653
0.000967
0.000000
0.000000
0.000000
0.000000
0.000000
0.000097
0.000000
0.000000
0.000000
0.000000
0.000000
0.000000
0.000000
0.000000
0.000000
0.000000
0.000000
0.000000
0.000000
0.000000
0.000000
0.000000
0.000000
0.000000
0.001554
0.000044
0.000000
0.000000
0.000000
0.000000
0.002368
0.000000
0.000000
0.000189
0.000000
0.000041
0.000000
0.000000
0.000000
0.003558
0.000000
0.000281
0.000070
0.000000
0.000093
0.000000
0.000000
0.000000
0.000000
0.000000
0.000000
0.000000
0.000000
0.000000
0.000000
0.000000
0.000000
0.000000
0.000000
0.000000
0.000000
0.000000
0.000000
0.003808
0.000041
0.000000
0.000000
0.000000
0.000000
0.000000
0.000399
0.000685
0.000000
0.000117
0.000178
0.000000
0.000000
0.000000
0.000000
0.002221
0.002522
0.000000
0.000242
0.000299
0.000000
0.000000
0.000000
0.000000
0.000000
0.000000
0.000000
0.000000
0.000000
0.000000
0.000000
0.000000
0.000000
0.000000
0.000000
0.000000
0.000000
0.000000
0.000365
0.000045
0.000144
0.000000
0.000000
0.000000
0.000338
0.000123
0.002604
0.000000
0.000000
0.000251
0.000000
0.000000
0.000000
0.000389
0.002226
0.000970
0.000000
0.000000
0.000057
0.000000
0.000000
0.000000
0.000000
0.000000
0.000000
0.000000
0.000000
0.000000
0.000000
0.000000
0.000000
0.000000
0.000000
0.000000
0.000000
0.000000
0.000000
0.000274
0.000000
0.000000
0.000065
0.000000
0.000000
0.000000
0.000000
0.000000
0.000218
0.000000
0.000000
0.000000
0.000000
0.000000
0.000044
0.000000
0.000000
0.000339
0.000000
0.000000
0.000000
0.000000
0.000000
0.000000
0.000000
0.000000
0.000000
0.000000
0.000000
0.000000
0.000000
0.000000
0.000000
0.000000
0.000000
0.000000
0.000000
0.000000
0.000257
0.000000
0.000000
0.000000
0.000000
0.000000
0.000000
0.000000
0.000045
0.000000
0.000000
0.000327
0.000000
0.000000
0.000000
0.000000
0.000117
0.000000
0.000000
0.000152
0.000210
0.000000
0.000000
0.000000
0.000000
0.000000
0.000000
0.000000
0.000000
0.000000
0.000000
0.000000
0.000000
0.000000
0.000000
0.000000
0.000000
0.000000
0.000000
0.000393
0.000000
0.000000
0.000000
0.000000
0.000057
0.000191
0.000000
0.000000
0.000053
0.000000
0.000882
0.000000
0.000297
0.000000
0.000045
0.000182
0.000000
0.000000
0.000150
0.000322
