0.005074
0.010185
0.016811
0.003245
0.011649
0.012049
0.003578
0.004334
0.012733
0.001884
0.005084
0.001911
0.000889
0.007224
0.002118
0.000308
0.000877
0.001458
0.465546
0.000740
0.047288
0.021247
0.010548
0.075833
0.020951
0.026080
0.066558
0.015974
0.013675
0.070555
0.004713
0.014634
0.006700
0.004943
0.017866
0.008862
0.001125
0.001355
0.003398
0.002011
0.000000
0.001414
0.000000
0.000000
0.000000
0.000655
0.000000
0.000361
0.000464
0.000000
0.000147
0.000000
0.000000
0.000000
0.000000
0.000000
0.000000
0.000000
0.000000
0.000041
0.000000
0.000000
0.000000
0.000000
0.000000
0.000000
0.000000
0.000000
0.000000
0.000000
0.000000
0.000000
0.000000
0.000000
0.000000
0.000000
0.000000
0.000000
0.000000
0.007075
0.000797
0.000000
0.000000
0.000000
0.000000
0.000525
0.000553
0.000000
0.001266
0.000000
0.000000
0.000000
0.000000
0.000000
0.000000
0.000000
0.000000
0.000000
0.000000
0.000000
0.000000
0.000000
0.000000
0.000000
0.000000
0.000000
0.000000
0.000000
0.000000
0.000000
0.000000
0.000000
0.000000
0.000000
0.000000
0.000000
0.000000
0.001836
0.001801
0.010249
0.000000
0.000000
0.000000
0.000374
0.000464
0.001043
0.000059
0.000212
0.000575
0.000000
0.000000
0.000000
0.000000
0.000000
0.000028
0.000000
0.000000
0.000283
0.000000
0.000000
0.000000
0.000000
0.000000
0.000000
0.000000
0.000000
0.000000
0.000000
0.000000
0.000000
0.000000
0.000000
0.000000
0.000000
0.000000
0.000000
0.000000
0.000000
0.000000
0.001375
0.000000
0.001428
0.000264
0.000000
0.000100
0.000000
0.000000
0.000000
0.000054
0.000000
0.000039
0.000000
0.000000
0.000000
0.000000
0.000000
0.000000
0.000000
0.000000
0.000000
0.000000
0.000000
0.000000
0.000000
0.000000
0.000000
0.000000
0.000000
0.000000
0.000000
0.000000
0.000000
0.000000
0.000000
0.000000
0.000000
0.000000
0.000000
0.000000
0.007720
0.001136
0.000000
0.000341
0.000754
0.000000
0.000000
0.000000
0.000000
0.001178
0.000020
0.000000
0.000000
0.000000
0.000000
0.000033
0.000518
0.000000
0.000000
0.000000
0.000000
0.000000
0.000000
0.000000
0.000000
0.000000
0.000000
0.000000
0.000000
0.000000
0.000000
0.000000
0.000000
0.000000
0.000000
0.000000
0.000000
0.000000
0.000648
0.001645
0.006956
0.000266
0.000358
0.001360
0.000000
0.000000
0.000000
0.000126
0.000157
0.000249
0.000000
0.000000
0.000039
0.000000
0.000000
0.000240
0.000000
0.000000
0.000000
0.000000
0.000000
0.000000
0.000000
0.000000
0.000000
0.000000
0.000000
0.000000
0.000000
0.000000
0.000000
0.000000
0.000000
0.000000
0.000570
0.000000
0.000245
0.000279
0.000000
0.000070
0.001214
0.000000
0.000719
0.000000
0.000000
0.000000
0.000099
0.000000
0.000000
0.000125
0.000000
0.000271
0.000000
0.000000
0.000000
0.000000
0.000000
0.000000
0.000000
0.000000
0.000000
0.000000
0.000000
0.000000
0.000000
0.000000
0.000000
0.000000
0.000000
0.000000
0.000000
0.000000
0.000000
0.000000
0.000252
0.000509
0.000000
0.000728
0.000279
0.000000
0.000972
0.001011
0.000000
0.000000
0.000000
0.000000
0.000098
0.000000
0.000000
0.000131
0.000000
0.000000
0.000000
0.000029
0.000000
0.000000
0.000000
0.000000
0.000000
0.000000
0.000000
0.000000
0.000000
0.000000
0.000000
0.000000
0.000000
0.000000
0.000000
0.000000
0.000000
0.000000
0.000350
0.000219
0.002239
0.000533
0.000281
0.001492
0.000613
0.000769
0.005468
0.000000
0.000000
0.000145
0.000000
0.000089
0.000041
0.000000
0.000199
0.000279
0.000000
0.000000
0.000070
0.000000
0.000000
0.000000
0.000000
0.000000
0.000000
0.000000
0.000000
0.000000
0.000000
0.000000
0.000000
0.000000
0.000000
0.000000
0.000000
0.000000
0.000000
0.000176
0.000000
0.000076
0.000000
0.000000
0.000000
0.000000
0.000000
0.000000
0.000705
0.000000
0.000155
0.000000
0.000000
0.000000
0.000020
0.000000
0.000000
0.000669
0.000000
0.000000
0.000000
0.000000
0.000000
0.000000
0.000000
0.000000
0.000000
0.000000
0.000000
0.000000
0.000092
0.000000
0.000000
0.000000
0.000000
0.000000
0.000000
0.000000
0.000000
0.000462
0.000258
0.000000
0.000000
0.000000
0.000000
0.000073
0.000039
0.000000
0.002087
0.000167
0.000000
0.000000
0.000000
0.000000
0.000063
0.000000
0.001788
0.000150
0.000000
0.000000
0.000000
0.000000
0.000000
0.000000
0.000000
0.000000
0.000000
0.000000
0.000000
0.000029
0.000000
0.000000
0.000000
0.000000
0.000000
0.000000
0.000000
0.000000
0.000000
0.000402
0.000000
0.000000
0.000000
0.000000
0.000033
0.000080
0.000147
0.000373
0.000415
0.000000
0.000000
0.000000
0.000000
0.000000
0.000117
0.000307
0.000041
0.000000
0.000000
0.000000
0.000000
0.000000
0.000000
0.000000
0.000000
0.000000
0.000000
0.000000
0.000000
0.000000
0.000000
0.000000
0.000000
0.000000
0.000000
0.000000
0.000000
0.000000
0.000000
0.000028
0.000000
0.000000
0.000054
0.000000
0.000000
0.000000
0.000000
0.000000
0.000276
0.000000
0.000149
0.000078
0.000000
0.000000
0.000306
0.000000
0.000000
0.000000
0.000000
0.000000
0.000000
0.000000
0.000000
0.000000
0.000000
0.000000
0.000000
0.000000
0.000000
0.000000
0.000000
0.000000
0.000000
0.000000
0.000000
0.000000
0.000000
0.000000
0.000000
0.001137
0.000187
0.000000
0.000189
0.000152
0.000000
0.000000
0.000000
0.000000
0.002900
0.000158
0.000000
0.000177
0.000300
0.001902
0.000000
0.000000
0.000000
0.000000
0.000000
0.000000
0.000000
0.000000
0.000000
0.000000
0.000000
0.000000
0.000000
0.000000
0.000000
0.000067
0.000000
0.000000
0.000000
0.000000
0.000000
0.000000
0.000000
0.000398
0.000000
0.000333
0.000000
0.000000
0.000057
0.000000
0.000000
0.000000
0.000028
0.000138
0.000635
0.000000
0.000000
0.000063
0.000211
0.000000
0.000000
0.000000
0.000000
0.000000
0.000000
0.000000
0.000000
0.000000
0.000000
0.000000
0.000000
0.000000
0.000000
0.000000
0.000271
0.000000
0.000000
0.000000
0.000000
0.000000
0.000000
0.000000
0.000000
0.000000
0.000000
0.000041
0.000000
0.000057
0.000000
0.000000
0.000000
0.000000
0.000000
0.000000
0.000086
0.000000
0.000000
0.000125
0.000000
0.000000
0.000000
0.000000
0.000000
0.000000
0.000000
0.000000
0.000000
0.000000
0.000000
0.000000
0.000000
0.000000
0.000000
0.000000
0.000000
0.000000
0.000000
0.000000
0.000000
0.000039
0.000000
0.000000
0.000063
0.000000
0.000000
0.000088
0.000191
0.000000
0.000089
0.000000
0.000000
0.000180
0.000000
0.000000
0.000129
0.000000
0.000100
0.000000
0.000000
0.000000
0.000000
0.000000
0.000000
0.000000
0.000000
0.000000
0.000000
0.000000
0.000000
0.000000
0.000000
0.000000
0.000000
0.000000
0.000000
0.000000
0.000000
0.000000
0.000000
0.000000
0.000000
0.000000
0.000054
0.000111
0.000039
0.000404
0.000092
0.000000
0.000000
0.000000
0.000058
0.000299
0.000000
0.000039
0.000212
0.000159
0.000000
0.000000
0.000000
0.000000
0.000000
0.000000
0.000000
0.000000
0.000000
0.000000
0.000000
0.000000
0.000000
0.000000
0.000000
0.000000
0.000000
0.000000
0.000000
0.000000
0.000000
0.000000
0.000000
0.000000
0.000000
0.000000
0.000000
0.000000
0.000000
0.000426
0.000994
0.000310
0.000255
0.001878
0.000186
0.000000
0.000141
0.000083
0.444415
0.000000
0.000159
0.000000
0.000000
0.000000
0.000000
0.000000
0.000000
0.000000
0.000000
0.000000
0.001048
0.002285
0.000670
0.002057
0.005398
0.001863
0.000089
0.000325
0.000382
0.000000
0.000000
0.000000
0.000000
0.000000
0.000000
0.000000
0.000061
0.000081
0.000000
0.000000
0.000000
0.000054
0.000188
0.000000
0.000000
0.000000
0.000041
0.000000
0.000094
0.000000
0.000000
0.000000
0.000000
0.000000
0.000000
0.000033
0.000000
0.000000
0.000000
0.000000
0.000000
0.000057
0.000000
0.000041
0.000000
0.000000
0.000000
0.000092
0.000150
0.000418
0.000734
0.000000
0.000098
0.000168
0.000000
0.000456
0.000358
0.000000
0.000026
0.000000
0.000000
0.000122
0.000000
0.000000
0.000000
0.000000
0.000070
0.000000
0.042805
0.000000
0.000271
0.000272
0.000162
0.000197
0.000239
0.000058
0.000091
0.000642
0.000000
0.000039
0.000000
0.000000
0.000041
0.000000
0.000000
0.000000
0.000000
0.000000
0.000000
0.000000
0.000000
0.000000
0.000000
0.000000
0.000000
0.000000
0.000000
0.000000
0.000000
0.000000
0.000000
0.000000
0.000000
0.000000
0.000000
0.000000
0.000000
0.000041
0.012207
0.000000
0.004466
0.000000
0.000000
0.000000
0.002245
0.000000
0.001836
0.000427
0.000000
0.000128
0.000000
0.000000
0.000000
0.000000
0.000000
0.000076
0.000000
0.000000
0.000000
0.000000
0.000000
0.000000
0.000000
0.000000
0.000000
0.000000
0.000000
0.000000
0.000000
0.000000
0.000000
0.000000
0.000000
0.000000
0.000000
0.000000
0.000218
0.000000
0.004405
0.002363
0.000000
0.000000
0.000000
0.000000
0.001369
0.000239
0.000000
0.001881
0.000092
0.000000
0.000000
0.000000
0.000000
0.000029
0.000000
0.000000
0.000000
0.000000
0.000000
0.000000
0.000000
0.000000
0.000000
0.000000
0.000000
0.000000
0.000000
0.000000
0.000000
0.000000
0.000000
0.000000
0.000000
0.000000
0.000000
0.000751
0.005421
0.003920
0.049897
0.000000
0.000000
0.000000
0.000332
0.001357
0.008519
0.000220
0.002682
0.003012
0.000000
0.000000
0.000000
0.000000
0.000000
0.000151
0.000000
0.000000
0.000000
0.000000
0.000000
0.000000
0.000000
0.000000
0.000000
0.000000
0.000000
0.000000
0.000000
0.000000
0.000000
0.000000
0.000000
0.000000
0.000000
0.000000
0.000096
0.000000
0.000000
0.000000
0.011059
0.000000
0.005507
0.002915
0.000000
0.001144
0.000000
0.000000
0.000000
0.000125
0.000000
0.000270
0.000000
0.000000
0.000000
0.000000
0.000000
0.000000
0.000000
0.000000
0.000000
0.000000
0.000000
0.000000
0.000000
0.000000
0.000000
0.000000
0.000000
0.000000
0.000000
0.000000
0.000000
0.000000
0.000061
0.000157
0.000000
0.000000
0.000000
0.000000
0.014527
0.006554
0.000000
0.001069
0.001479
0.000000
0.000000
0.000000
0.000000
0.002285
0.000028
0.000000
0.000026
0.000041
0.000000
0.000000
0.000000
0.000000
0.000000
0.000000
0.000000
0.000000
0.000000
0.000000
0.000000
0.000000
0.000000
0.000000
0.000000
0.000000
0.000000
0.000000
0.000000
0.000000
0.000770
0.000000
0.000000
0.000000
0.006856
0.004987
0.038814
0.000420
0.001005
0.011914
0.000000
0.000000
0.000000
0.000115
0.000509
0.001361
0.000000
0.000000
0.000000
0.000000
0.000000
0.000000
0.000000
0.000000
0.000000
0.000000
0.000000
0.000000
0.000000
0.000000
0.000000
0.000000
0.000000
0.000000
0.000000
0.000000
0.000000
0.000000
0.000000
0.000115
0.001112
0.000000
0.002641
0.000970
0.000000
0.000441
0.005774
0.000000
0.004279
0.000146
0.000000
0.000000
0.000060
0.000000
0.000029
0.000437
0.000000
0.000127
0.000000
0.000000
0.000000
0.000000
0.000000
0.000000
0.000000
0.000000
0.000000
0.000000
0.000000
0.000000
0.000000
0.000000
0.000000
0.000000
0.000000
0.000000
0.000000
0.000000
0.000061
0.000000
0.000932
0.000636
0.000000
0.002414
0.000748
0.000000
0.005062
0.003193
0.000000
0.000351
0.000000
0.000000
0.000126
0.000041
0.000000
0.000186
0.000019
0.000000
0.000000
0.000000
0.000000
0.000000
0.000000
0.000000
0.000000
0.000000
0.000000
0.000000
0.000000
0.000000
0.000000
0.000000
0.000000
0.000000
0.000000
0.000000
0.000061
0.000746
0.001953
0.000489
0.013624
0.000457
0.001998
0.006859
0.004233
0.003292
0.034295
0.000271
0.000000
0.000411
0.000029
0.000854
0.000401
0.000137
0.000093
0.000977
0.000000
0.000000
0.000000
0.000000
0.000000
0.000000
0.000000
0.000000
0.000000
0.000000
0.000000
0.000000
0.000000
0.000000
0.000000
0.000000
0.000000
0.000000
0.002155
0.000000
0.000000
0.000608
0.000000
0.000053
0.000000
0.000000
0.000000
0.000000
0.000000
0.000135
0.001374
0.000162
0.000200
0.000000
0.000000
0.000000
0.000051
0.000000
0.000000
0.000000
0.000000
0.000000
0.000000
0.000000
0.000000
0.000000
0.000000
0.000000
0.000000
0.000039
0.000000
0.000000
0.000000
0.000000
0.000000
0.000000
0.000000
0.006053
0.000070
0.000000
0.000000
0.000561
0.000485
0.000000
0.000000
0.000000
0.000000
0.000039
0.000081
0.000000
0.005494
0.001091
0.000542
0.000000
0.000000
0.000000
0.000152
0.000158
0.000000
0.000000
0.000000
0.000000
0.000000
0.000000
0.000000
0.000000
0.000000
0.000000
0.000029
0.000000
0.000000
0.000000
0.000358
0.000000
0.000000
0.000033
0.000715
0.000041
0.000000
0.000037
0.000019
0.001619
0.000000
0.000000
0.000000
0.000000
0.000000
0.000344
0.000923
0.001645
0.000972
0.000000
0.000000
0.000000
0.000000
0.000000
0.000000
0.000000
0.000000
0.000000
0.000000
0.000000
0.000000
0.000000
0.000000
0.000000
0.000000
0.000000
0.000000
0.000000
0.000000
0.000000
0.000000
0.000000
0.000000
0.000812
0.000000
0.000033
0.000000
0.000000
0.000000
0.001497
0.000000
0.000333
0.000000
0.000000
0.000000
0.000000
0.000000
0.000000
0.001407
0.000000
0.000381
0.000271
0.000000
0.000247
0.000000
0.000000
0.000000
0.000000
0.000000
0.000000
0.000000
0.000000
0.000000
0.000000
0.000000
0.000000
0.000000
0.000271
0.000000
0.000000
0.000000
0.000000
0.005551
0.000054
0.000088
0.000000
0.000000
0.000000
0.000000
0.001604
0.001060
0.000000
0.000047
0.000211
0.000000
0.000000
0.000000
0.000000
0.006010
0.002676
0.000000
0.000026
0.000386
0.000000
0.000000
0.000000
0.000000
0.000000
0.000000
0.000000
0.000000
0.000000
0.000000
0.000000
0.000000
0.000000
0.000000
0.000000
0.000000
0.000000
0.000000
0.000661
0.000081
0.000089
0.000000
0.000000
0.000000
0.000114
0.000000
0.003880
0.000086
0.000000
0.000462
0.000000
0.000000
0.000000
0.000079
0.001536
0.001578
0.000000
0.000000
0.000347
0.000000
0.000000
0.000000
0.000000
0.000000
0.000000
0.000000
0.000000
0.000000
0.000000
0.000000
0.000000
0.000000
0.000000
0.000000
0.000000
0.000000
0.000000
0.000058
0.000058
0.000271
0.000089
0.000000
0.000000
0.000000
0.000000
0.000000
0.000000
0.000000
0.000051
0.000179
0.000000
0.000000
0.000338
0.000000
0.000000
0.000089
0.000000
0.000000
0.000000
0.000000
0.000000
0.000000
0.000000
0.000000
0.000000
0.000000
0.000000
0.000000
0.000000
0.000000
0.000000
0.000000
0.000000
0.000000
0.000000
0.000000
0.000312
0.000000
0.000000
0.000000
0.000000
0.000090
0.000000
0.000000
0.000060
0.000000
0.000026
0.000210
0.000000
0.000047
0.000000
0.000000
0.000141
0.000000
0.000000
0.000356
0.000117
0.000000
0.000000
0.000000
0.000000
0.000000
0.000000
0.000000
0.000000
0.000000
0.000000
0.000000
0.000000
0.000000
0.000000
0.000000
0.000000
0.000000
0.000000
0.000113
0.000000
0.000000
0.000000
0.000000
0.000268
0.000000
0.000000
0.000057
0.000070
0.000000
0.001334
0.000150
0.000058
0.000101
0.000067
0.000452
0.000227
0.000058
0.000164
0.000290
