0.007857
0.011782
0.010929
0.003243
0.011427
0.008127
0.002010
0.002165
0.003004
0.000862
0.002986
0.000727
0.000714
0.003397
0.000645
0.000096
0.000180
0.000056
0.467629
0.000382
0.029159
0.060982
0.037693
0.089607
0.043078
0.049214
0.059074
0.017366
0.010999
0.027166
0.002873
0.011903
0.003357
0.002311
0.012545
0.002717
0.000476
0.000666
0.000597
0.005528
0.000000
0.001445
0.000000
0.000000
0.000000
0.000472
0.000000
0.000208
0.000088
0.000000
0.000033
0.000000
0.000000
0.000000
0.000005
0.000000
0.000000
0.000000
0.000000
0.000100
0.000000
0.000000
0.000000
0.000000
0.000000
0.000000
0.000000
0.000000
0.000000
0.000000
0.000000
0.000000
0.000000
0.000000
0.000000
0.000000
0.000000
0.000000
0.000000
0.008828
0.001615
0.000000
0.000000
0.000000
0.000000
0.000526
0.000037
0.000000
0.000452
0.000003
0.000000
0.000000
0.000000
0.000000
0.000009
0.000000
0.000000
0.000044
0.000282
0.000000
0.000000
0.000000
0.000000
0.000000
0.000000
0.000000
0.000000
0.000000
0.000000
0.000000
0.000000
0.000000
0.000000
0.000000
0.000000
0.000000
0.000000
0.001595
0.001657
0.006480
0.000000
0.000000
0.000000
0.000062
0.000057
0.000554
0.000017
0.000120
0.000242
0.000000
0.000000
0.000000
0.000000
0.000000
0.000000
0.000000
0.000013
0.000142
0.000000
0.000000
0.000000
0.000000
0.000000
0.000000
0.000000
0.000000
0.000000
0.000000
0.000000
0.000000
0.000000
0.000000
0.000000
0.000000
0.000000
0.000000
0.000000
0.000000
0.000000
0.002008
0.000000
0.000836
0.000215
0.000000
0.000030
0.000000
0.000000
0.000000
0.000094
0.000000
0.000003
0.000003
0.000000
0.000000
0.000000
0.000000
0.000062
0.000000
0.000000
0.000000
0.000000
0.000000
0.000000
0.000000
0.000000
0.000000
0.000000
0.000000
0.000000
0.000000
0.000000
0.000000
0.000000
0.000000
0.000000
0.000000
0.000000
0.000000
0.000000
0.008547
0.001309
0.000000
0.000448
0.000118
0.000000
0.000000
0.000000
0.000000
0.000704
0.000026
0.000000
0.000020
0.000003
0.000000
0.000000
0.000127
0.000000
0.000000
0.000000
0.000000
0.000000
0.000000
0.000000
0.000000
0.000000
0.000000
0.000000
0.000000
0.000000
0.000000
0.000000
0.000000
0.000000
0.000000
0.000000
0.000000
0.000000
0.000741
0.001555
0.004765
0.000109
0.000076
0.000504
0.000000
0.000000
0.000000
0.000052
0.000060
0.000151
0.000000
0.000000
0.000000
0.000000
0.000005
0.000057
0.000000
0.000000
0.000000
0.000000
0.000000
0.000000
0.000000
0.000000
0.000000
0.000000
0.000000
0.000000
0.000000
0.000000
0.000000
0.000000
0.000000
0.000000
0.000303
0.000000
0.000089
0.000263
0.000000
0.000224
0.000848
0.000000
0.000247
0.000006
0.000000
0.000000
0.000005
0.000000
0.000003
0.000013
0.000000
0.000006
0.000000
0.000000
0.000011
0.000000
0.000000
0.000000
0.000000
0.000000
0.000000
0.000000
0.000000
0.000000
0.000000
0.000000
0.000000
0.000000
0.000000
0.000000
0.000000
0.000000
0.000000
0.000000
0.000349
0.000074
0.000000
0.000431
0.000095
0.000000
0.000674
0.000243
0.000000
0.000052
0.000000
0.000000
0.000085
0.000000
0.000000
0.000057
0.000000
0.000000
0.000000
0.000021
0.000000
0.000000
0.000000
0.000000
0.000000
0.000000
0.000000
0.000000
0.000000
0.000000
0.000000
0.000000
0.000000
0.000000
0.000000
0.000000
0.000000
0.000000
0.000148
0.000067
0.000557
0.000058
0.000145
0.000377
0.000192
0.000266
0.000953
0.000007
0.000000
0.000005
0.000006
0.000042
0.000082
0.000033
0.000022
0.000005
0.000000
0.000000
0.000028
0.000000
0.000000
0.000000
0.000000
0.000000
0.000000
0.000000
0.000000
0.000000
0.000000
0.000000
0.000000
0.000000
0.000000
0.000000
0.000000
0.000000
0.000000
0.000188
0.000000
0.000029
0.000000
0.000000
0.000000
0.000032
0.000000
0.000000
0.000298
0.000000
0.000042
0.000000
0.000000
0.000000
0.000024
0.000000
0.000004
0.000249
0.000000
0.000000
0.000000
0.000000
0.000000
0.000000
0.000000
0.000000
0.000000
0.000000
0.000000
0.000000
0.000000
0.000000
0.000000
0.000000
0.000000
0.000000
0.000000
0.000000
0.000000
0.000649
0.000269
0.000000
0.000000
0.000000
0.000000
0.000027
0.000012
0.000000
0.001121
0.000121
0.000000
0.000000
0.000000
0.000000
0.000016
0.000000
0.000717
0.000030
0.000017
0.000000
0.000000
0.000000
0.000000
0.000000
0.000000
0.000000
0.000000
0.000000
0.000000
0.000025
0.000000
0.000000
0.000000
0.000000
0.000000
0.000000
0.000000
0.000032
0.000013
0.000252
0.000000
0.000000
0.000000
0.000005
0.000000
0.000007
0.000081
0.000106
0.000122
0.000000
0.000000
0.000000
0.000000
0.000000
0.000000
0.000107
0.000000
0.000005
0.000000
0.000000
0.000000
0.000000
0.000000
0.000000
0.000000
0.000000
0.000000
0.000000
0.000000
0.000000
0.000000
0.000000
0.000000
0.000000
0.000000
0.000000
0.000000
0.000000
0.000000
0.000074
0.000000
0.000077
0.000027
0.000000
0.000000
0.000000
0.000000
0.000000
0.000267
0.000000
0.000090
0.000003
0.000000
0.000000
0.000165
0.000000
0.000007
0.000000
0.000000
0.000000
0.000000
0.000000
0.000000
0.000000
0.000000
0.000000
0.000000
0.000000
0.000000
0.000000
0.000006
0.000000
0.000000
0.000000
0.000000
0.000000
0.000000
0.000000
0.000000
0.000658
0.000126
0.000000
0.000059
0.000009
0.000000
0.000000
0.000000
0.000000
0.001314
0.000101
0.000000
0.000016
0.000023
0.000972
0.000026
0.000017
0.000000
0.000000
0.000000
0.000000
0.000000
0.000000
0.000000
0.000000
0.000000
0.000000
0.000000
0.000000
0.000000
0.000008
0.000004
0.000000
0.000000
0.000000
0.000000
0.000000
0.000000
0.000015
0.000008
0.000219
0.000000
0.000000
0.000055
0.000000
0.000000
0.000000
0.000033
0.000139
0.000083
0.000000
0.000000
0.000003
0.000089
0.000003
0.000000
0.000000
0.000000
0.000000
0.000000
0.000000
0.000000
0.000000
0.000000
0.000000
0.000000
0.000000
0.000000
0.000000
0.000000
0.000000
0.000000
0.000000
0.000000
0.000000
0.000000
0.000000
0.000000
0.000000
0.000000
0.000030
0.000000
0.000000
0.000039
0.000000
0.000000
0.000003
0.000000
0.000000
0.000009
0.000000
0.000003
0.000009
0.000004
0.000000
0.000000
0.000000
0.000000
0.000000
0.000000
0.000000
0.000000
0.000000
0.000000
0.000000
0.000000
0.000000
0.000000
0.000000
0.000000
0.000000
0.000000
0.000000
0.000000
0.000000
0.000006
0.000000
0.000000
0.000000
0.000000
0.000036
0.000002
0.000000
0.000033
0.000000
0.000000
0.000046
0.000000
0.000000
0.000026
0.000004
0.000029
0.000000
0.000000
0.000000
0.000000
0.000000
0.000000
0.000000
0.000000
0.000000
0.000000
0.000000
0.000000
0.000000
0.000000
0.000000
0.000000
0.000000
0.000000
0.000000
0.000000
0.000013
0.000000
0.000007
0.000000
0.000000
0.000000
0.000000
0.000000
0.000020
0.000007
0.000000
0.000000
0.000000
0.000000
0.000000
0.000000
0.000000
0.000003
0.000000
0.000006
0.000000
0.000000
0.000000
0.000000
0.000000
0.000000
0.000000
0.000000
0.000000
0.000000
0.000000
0.000000
0.000000
0.000000
0.000000
0.000000
0.000000
0.000000
0.000000
0.000000
0.000000
0.000000
0.000000
0.000000
0.000000
0.000000
0.000000
0.000000
0.000305
0.001050
0.000143
0.000224
0.000891
0.000099
0.000006
0.000015
0.000000
0.454139
0.000000
0.000022
0.000000
0.000000
0.000000
0.000000
0.000000
0.000000
0.000000
0.000000
0.000000
0.000844
0.002859
0.000535
0.000921
0.003520
0.000360
0.000054
0.000043
0.000033
0.000000
0.000035
0.000000
0.000000
0.000005
0.000000
0.000000
0.000005
0.000000
0.000007
0.000033
0.000004
0.000000
0.000069
0.000005
0.000000
0.000000
0.000000
0.000000
0.000091
0.000000
0.000000
0.000020
0.000020
0.000005
0.000004
0.000000
0.000000
0.000000
0.000000
0.000000
0.000034
0.000000
0.000000
0.000006
0.000000
0.000000
0.000013
0.000030
0.000060
0.000145
0.000130
0.000079
0.000094
0.000106
0.000026
0.000000
0.000015
0.000000
0.000004
0.000012
0.000000
0.000006
0.000000
0.000000
0.000000
0.000000
0.000021
0.000000
0.027565
0.000148
0.000051
0.000196
0.000113
0.000087
0.000173
0.000101
0.000003
0.000105
0.000006
0.000009
0.000000
0.000000
0.000013
0.000000
0.000000
0.000000
0.000000
0.000000
0.000000
0.000000
0.000000
0.000000
0.000000
0.000000
0.000000
0.000000
0.000000
0.000000
0.000000
0.000000
0.000000
0.000000
0.000000
0.000000
0.000000
0.000000
0.000000
0.000064
0.042156
0.000000
0.014148
0.000000
0.000000
0.000000
0.003160
0.000000
0.000944
0.000596
0.000000
0.000154
0.000000
0.000000
0.000000
0.000033
0.000000
0.000014
0.000000
0.000000
0.000000
0.000000
0.000000
0.000000
0.000000
0.000000
0.000000
0.000000
0.000000
0.000000
0.000000
0.000000
0.000000
0.000000
0.000000
0.000000
0.000000
0.000035
0.000099
0.000000
0.022460
0.009320
0.000000
0.000000
0.000000
0.000000
0.002101
0.000866
0.000000
0.002818
0.000074
0.000000
0.000000
0.000000
0.000000
0.000096
0.000000
0.000000
0.000000
0.000000
0.000000
0.000000
0.000000
0.000000
0.000000
0.000000
0.000000
0.000000
0.000000
0.000000
0.000000
0.000000
0.000000
0.000000
0.000000
0.000000
0.000007
0.000161
0.013519
0.011875
0.056600
0.000000
0.000000
0.000000
0.000812
0.000913
0.004134
0.000125
0.000920
0.000920
0.000000
0.000000
0.000000
0.000006
0.000009
0.000046
0.000000
0.000000
0.000000
0.000000
0.000000
0.000000
0.000000
0.000000
0.000000
0.000000
0.000000
0.000000
0.000000
0.000000
0.000000
0.000000
0.000000
0.000000
0.000000
0.000000
0.000060
0.000000
0.000000
0.000000
0.030627
0.000000
0.008160
0.003035
0.000000
0.001040
0.000000
0.000000
0.000000
0.000197
0.000000
0.000083
0.000015
0.000000
0.000000
0.000000
0.000000
0.000000
0.000000
0.000000
0.000000
0.000000
0.000000
0.000000
0.000000
0.000000
0.000000
0.000000
0.000000
0.000000
0.000000
0.000000
0.000000
0.000000
0.000010
0.000170
0.000000
0.000000
0.000000
0.000000
0.034295
0.009079
0.000000
0.001650
0.001688
0.000000
0.000000
0.000000
0.000000
0.002447
0.000016
0.000000
0.000005
0.000000
0.000000
0.000000
0.000000
0.000000
0.000000
0.000000
0.000000
0.000000
0.000000
0.000000
0.000000
0.000000
0.000000
0.000000
0.000000
0.000000
0.000000
0.000000
0.000000
0.000005
0.000085
0.000000
0.000000
0.000000
0.008601
0.007842
0.035473
0.000950
0.000667
0.004217
0.000000
0.000000
0.000000
0.000067
0.000572
0.000778
0.000009
0.000000
0.000012
0.000000
0.000000
0.000000
0.000000
0.000000
0.000000
0.000000
0.000000
0.000000
0.000000
0.000000
0.000000
0.000000
0.000000
0.000000
0.000000
0.000000
0.000000
0.000000
0.000000
0.000017
0.002990
0.000000
0.001677
0.002302
0.000000
0.000997
0.006923
0.000000
0.002251
0.000017
0.000000
0.000006
0.000074
0.000000
0.000031
0.000119
0.000000
0.000055
0.000000
0.000000
0.000000
0.000000
0.000000
0.000000
0.000000
0.000000
0.000000
0.000000
0.000000
0.000000
0.000000
0.000000
0.000000
0.000000
0.000000
0.000000
0.000000
0.000000
0.000030
0.000000
0.001463
0.000791
0.000000
0.002515
0.000499
0.000000
0.003678
0.001591
0.000000
0.000048
0.000008
0.000000
0.000190
0.000024
0.000000
0.000182
0.000029
0.000000
0.000000
0.000000
0.000000
0.000000
0.000000
0.000000
0.000000
0.000000
0.000000
0.000000
0.000000
0.000000
0.000000
0.000000
0.000000
0.000000
0.000000
0.000000
0.000000
0.000029
0.001608
0.000676
0.005338
0.000866
0.001161
0.002989
0.002271
0.001790
0.009939
0.000004
0.000049
0.000050
0.000006
0.000132
0.000147
0.000039
0.000056
0.000145
0.000000
0.000000
0.000000
0.000000
0.000000
0.000000
0.000000
0.000000
0.000000
0.000000
0.000000
0.000000
0.000000
0.000000
0.000000
0.000000
0.000000
0.000000
0.000968
0.000000
0.000000
0.000501
0.000000
0.000138
0.000000
0.000000
0.000000
0.000028
0.000000
0.000000
0.001013
0.000000
0.000187
0.000000
0.000000
0.000000
0.000040
0.000000
0.000009
0.000000
0.000000
0.000000
0.000000
0.000000
0.000000
0.000000
0.000000
0.000000
0.000007
0.000027
0.000000
0.000000
0.000000
0.000000
0.000000
0.000000
0.000000
0.004438
0.000004
0.000000
0.000000
0.001267
0.000672
0.000000
0.000000
0.000000
0.000000
0.000046
0.000011
0.000000
0.004538
0.000759
0.000000
0.000000
0.000000
0.000000
0.000113
0.000036
0.000000
0.000000
0.000000
0.000000
0.000000
0.000000
0.000000
0.000000
0.000000
0.000000
0.000000
0.000000
0.000000
0.000000
0.000000
0.000000
0.000000
0.000000
0.000389
0.000027
0.000019
0.000335
0.000044
0.001077
0.000000
0.000000
0.000000
0.000000
0.000000
0.000036
0.000177
0.000583
0.000680
0.000000
0.000000
0.000000
0.000000
0.000000
0.000006
0.000000
0.000000
0.000000
0.000000
0.000000
0.000000
0.000000
0.000000
0.000000
0.000000
0.000000
0.000000
0.000000
0.000000
0.000000
0.000000
0.000000
0.000000
0.000533
0.000000
0.000000
0.000000
0.000000
0.000000
0.000489
0.000000
0.000125
0.000121
0.000000
0.000017
0.000000
0.000000
0.000000
0.000854
0.000000
0.000122
0.000027
0.000000
0.000019
0.000000
0.000000
0.000000
0.000000
0.000000
0.000000
0.000000
0.000000
0.000000
0.000000
0.000000
0.000005
0.000033
0.000051
0.000005
0.000000
0.000000
0.000003
0.004085
0.000069
0.000049
0.000000
0.000000
0.000000
0.000000
0.001734
0.000746
0.000000
0.000082
0.000110
0.000000
0.000000
0.000000
0.000000
0.004716
0.000723
0.000000
0.000054
0.000076
0.000000
0.000000
0.000000
0.000000
0.000000
0.000000
0.000000
0.000000
0.000000
0.000000
0.000000
0.000000
0.000000
0.000000
0.000000
0.000000
0.000000
0.000000
0.000356
0.000006
0.000000
0.000000
0.000000
0.000000
0.000189
0.000052
0.000932
0.000010
0.000004
0.000043
0.000000
0.000000
0.000000
0.000124
0.000579
0.000391
0.000000
0.000000
0.000019
0.000000
0.000000
0.000000
0.000000
0.000000
0.000000
0.000000
0.000000
0.000000
0.000000
0.000000
0.000000
0.000000
0.000000
0.000000
0.000000
0.000000
0.000000
0.000096
0.000000
0.000000
0.000006
0.000000
0.000023
0.000023
0.000000
0.000000
0.000029
0.000000
0.000022
0.000095
0.000000
0.000000
0.000072
0.000000
0.000018
0.000088
0.000000
0.000007
0.000000
0.000000
0.000000
0.000000
0.000000
0.000000
0.000000
0.000000
0.000000
0.000000
0.000000
0.000000
0.000000
0.000000
0.000000
0.000000
0.000000
0.000000
0.000082
0.000000
0.000000
0.000000
0.000012
0.000006
0.000000
0.000009
0.000012
0.000000
0.000087
0.000097
0.000000
0.000011
0.000000
0.000000
0.000259
0.000002
0.000000
0.000079
0.000012
0.000000
0.000000
0.000000
0.000000
0.000000
0.000000
0.000000
0.000000
0.000000
0.000000
0.000000
0.000000
0.000000
0.000000
0.000000
0.000000
0.000000
0.000000
0.000031
0.000000
0.000000
0.000000
0.000000
0.000055
0.000000
0.000000
0.000060
0.000012
0.000000
0.000119
0.000000
0.000066
0.000000
0.000003
0.000127
0.000018
0.000048
0.000007
0.000051
