0.010621
0.015850
0.011565
0.006381
0.017808
0.008938
0.003089
0.003732
0.004319
0.001029
0.002814
0.000575
0.000570
0.004173
0.000722
0.000107
0.000220
0.000237
0.490356
0.000060
0.039835
0.041822
0.032779
0.068957
0.040617
0.047834
0.058768
0.017502
0.012706
0.024762
0.003115
0.009337
0.001656
0.002938
0.010998
0.002080
0.000126
0.000531
0.000467
0.007079
0.000000
0.002177
0.000000
0.000000
0.000000
0.000679
0.000000
0.000283
0.000298
0.000000
0.000069
0.000000
0.000000
0.000000
0.000040
0.000000
0.000000
0.000000
0.000000
0.000019
0.000000
0.000000
0.000000
0.000000
0.000000
0.000000
0.000000
0.000000
0.000000
0.000000
0.000000
0.000000
0.000000
0.000000
0.000000
0.000000
0.000000
0.000000
0.000000
0.012437
0.001890
0.000000
0.000000
0.000000
0.000000
0.000666
0.000139
0.000000
0.000727
0.000000
0.000000
0.000000
0.000000
0.000000
0.000028
0.000000
0.000000
0.000000
0.000000
0.000000
0.000000
0.000000
0.000000
0.000000
0.000000
0.000000
0.000000
0.000000
0.000000
0.000000
0.000000
0.000000
0.000000
0.000000
0.000000
0.000000
0.000000
0.002226
0.001989
0.006099
0.000000
0.000000
0.000000
0.000048
0.000147
0.000644
0.000030
0.000059
0.000209
0.000000
0.000000
0.000000
0.000000
0.000000
0.000000
0.000000
0.000000
0.000146
0.000000
0.000000
0.000000
0.000000
0.000000
0.000000
0.000000
0.000000
0.000000
0.000000
0.000000
0.000000
0.000000
0.000000
0.000000
0.000000
0.000000
0.000000
0.000000
0.000000
0.000000
0.004280
0.000000
0.001358
0.000450
0.000000
0.000066
0.000000
0.000000
0.000000
0.000143
0.000000
0.000025
0.000000
0.000000
0.000000
0.000000
0.000000
0.000036
0.000000
0.000000
0.000000
0.000000
0.000000
0.000000
0.000000
0.000000
0.000000
0.000000
0.000000
0.000000
0.000000
0.000000
0.000000
0.000000
0.000000
0.000000
0.000000
0.000000
0.000000
0.000000
0.013866
0.001376
0.000000
0.001102
0.000266
0.000000
0.000000
0.000000
0.000000
0.000801
0.000019
0.000000
0.000000
0.000000
0.000000
0.000016
0.000213
0.000000
0.000000
0.000000
0.000000
0.000000
0.000000
0.000000
0.000000
0.000000
0.000000
0.000000
0.000000
0.000000
0.000000
0.000000
0.000000
0.000000
0.000000
0.000000
0.000000
0.000000
0.001299
0.001771
0.004937
0.000151
0.000092
0.000474
0.000000
0.000000
0.000000
0.000000
0.000059
0.000047
0.000000
0.000000
0.000033
0.000000
0.000000
0.000092
0.000000
0.000000
0.000000
0.000000
0.000000
0.000000
0.000000
0.000000
0.000000
0.000000
0.000000
0.000000
0.000000
0.000000
0.000000
0.000000
0.000000
0.000000
0.000588
0.000000
0.000161
0.000519
0.000000
0.000145
0.001238
0.000000
0.000258
0.000000
0.000000
0.000000
0.000018
0.000000
0.000000
0.000000
0.000000
0.000125
0.000000
0.000000
0.000043
0.000000
0.000000
0.000000
0.000000
0.000000
0.000000
0.000000
0.000000
0.000000
0.000000
0.000000
0.000000
0.000000
0.000000
0.000000
0.000000
0.000000
0.000000
0.000000
0.000552
0.000143
0.000000
0.000874
0.000073
0.000000
0.001127
0.000836
0.000000
0.000024
0.000000
0.000000
0.000078
0.000000
0.000000
0.000036
0.000000
0.000000
0.000000
0.000000
0.000000
0.000000
0.000000
0.000000
0.000000
0.000000
0.000000
0.000000
0.000000
0.000000
0.000000
0.000000
0.000000
0.000000
0.000000
0.000000
0.000000
0.000000
0.000448
0.000140
0.000728
0.000148
0.000160
0.000628
0.000455
0.000300
0.001224
0.000000
0.000000
0.000000
0.000000
0.000014
0.000000
0.000000
0.000027
0.000054
0.000000
0.000000
0.000000
0.000000
0.000000
0.000000
0.000000
0.000000
0.000000
0.000000
0.000000
0.000000
0.000000
0.000000
0.000000
0.000000
0.000000
0.000000
0.000000
0.000000
0.000000
0.000118
0.000000
0.000031
0.000000
0.000000
0.000000
0.000000
0.000000
0.000000
0.000445
0.000000
0.000060
0.000000
0.000000
0.000000
0.000009
0.000000
0.000000
0.000369
0.000000
0.000000
0.000000
0.000000
0.000000
0.000000
0.000000
0.000000
0.000000
0.000000
0.000000
0.000000
0.000000
0.000000
0.000000
0.000000
0.000000
0.000000
0.000000
0.000000
0.000000
0.000417
0.000019
0.000000
0.000000
0.000000
0.000000
0.000043
0.000000
0.000000
0.001218
0.000113
0.000000
0.000000
0.000000
0.000000
0.000029
0.000000
0.000894
0.000000
0.000000
0.000000
0.000000
0.000000
0.000000
0.000000
0.000000
0.000000
0.000000
0.000000
0.000000
0.000070
0.000000
0.000000
0.000019
0.000000
0.000000
0.000000
0.000000
0.000000
0.000000
0.000177
0.000000
0.000000
0.000000
0.000000
0.000000
0.000037
0.000027
0.000137
0.000084
0.000000
0.000000
0.000000
0.000000
0.000000
0.000000
0.000114
0.000000
0.000000
0.000000
0.000000
0.000000
0.000000
0.000000
0.000000
0.000000
0.000000
0.000000
0.000000
0.000000
0.000000
0.000000
0.000000
0.000000
0.000000
0.000000
0.000000
0.000000
0.000000
0.000000
0.000052
0.000000
0.000019
0.000019
0.000000
0.000000
0.000000
0.000000
0.000000
0.000179
0.000000
0.000050
0.000017
0.000000
0.000025
0.000208
0.000000
0.000000
0.000000
0.000000
0.000000
0.000000
0.000000
0.000000
0.000000
0.000000
0.000000
0.000000
0.000000
0.000000
0.000000
0.000000
0.000000
0.000000
0.000000
0.000000
0.000000
0.000000
0.000000
0.000000
0.000850
0.000017
0.000000
0.000213
0.000000
0.000000
0.000000
0.000000
0.000000
0.001764
0.000271
0.000000
0.000000
0.000000
0.001026
0.000000
0.000043
0.000000
0.000000
0.000000
0.000000
0.000000
0.000000
0.000000
0.000000
0.000000
0.000000
0.000000
0.000000
0.000000
0.000000
0.000000
0.000000
0.000000
0.000000
0.000000
0.000000
0.000000
0.000061
0.000013
0.000328
0.000000
0.000000
0.000014
0.000000
0.000000
0.000000
0.000047
0.000019
0.000051
0.000000
0.000000
0.000000
0.000192
0.000000
0.000000
0.000000
0.000000
0.000000
0.000000
0.000000
0.000000
0.000000
0.000000
0.000000
0.000000
0.000000
0.000000
0.000000
0.000000
0.000000
0.000000
0.000000
0.000000
0.000000
0.000000
0.000000
0.000000
0.000000
0.000000
0.000027
0.000000
0.000000
0.000000
0.000000
0.000000
0.000000
0.000000
0.000000
0.000040
0.000000
0.000000
0.000040
0.000000
0.000000
0.000000
0.000000
0.000000
0.000000
0.000000
0.000000
0.000000
0.000000
0.000000
0.000000
0.000000
0.000000
0.000000
0.000000
0.000000
0.000000
0.000000
0.000000
0.000000
0.000018
0.000000
0.000000
0.000016
0.000000
0.000000
0.000014
0.000016
0.000000
0.000036
0.000000
0.000000
0.000000
0.000000
0.000000
0.000047
0.000000
0.000075
0.000000
0.000000
0.000000
0.000000
0.000000
0.000000
0.000000
0.000000
0.000000
0.000000
0.000000
0.000000
0.000000
0.000000
0.000000
0.000000
0.000000
0.000000
0.000000
0.000000
0.000000
0.000000
0.000000
0.000000
0.000000
0.000000
0.000000
0.000000
0.000025
0.000014
0.000000
0.000000
0.000000
0.000013
0.000167
0.000000
0.000019
0.000000
0.000000
0.000000
0.000000
0.000000
0.000000
0.000000
0.000000
0.000000
0.000000
0.000000
0.000000
0.000000
0.000000
0.000000
0.000000
0.000000
0.000000
0.000000
0.000000
0.000000
0.000000
0.000000
0.000000
0.000000
0.000000
0.000000
0.000000
0.000000
0.000000
0.000000
0.000218
0.000621
0.000041
0.000158
0.001258
0.000057
0.000000
0.000034
0.000000
0.478870
0.000000
0.000016
0.000000
0.000000
0.000000
0.000000
0.000000
0.000000
0.000000
0.000000
0.000000
0.000650
0.001685
0.000147
0.001304
0.003536
0.000324
0.000016
0.000108
0.000017
0.000000
0.000000
0.000000
0.000000
0.000000
0.000000
0.000000
0.000000
0.000000
0.000000
0.000000
0.000000
0.000000
0.000028
0.000000
0.000000
0.000000
0.000000
0.000000
0.000016
0.000000
0.000000
0.000000
0.000000
0.000000
0.000000
0.000016
0.000000
0.000000
0.000000
0.000000
0.000000
0.000000
0.000000
0.000000
0.000000
0.000000
0.000000
0.000000
0.000188
0.000358
0.000170
0.000038
0.000289
0.000073
0.000028
0.000041
0.000043
0.000000
0.000000
0.000000
0.000000
0.000041
0.000000
0.000000
0.000000
0.000000
0.000000
0.000000
0.037696
0.000027
0.000125
0.000306
0.000065
0.000144
0.000117
0.000000
0.000098
0.000036
0.000033
0.000000
0.000000
0.000000
0.000000
0.000000
0.000000
0.000000
0.000000
0.000000
0.000000
0.000000
0.000000
0.000000
0.000000
0.000000
0.000000
0.000000
0.000000
0.000000
0.000000
0.000000
0.000000
0.000000
0.000000
0.000000
0.000000
0.000000
0.000000
0.000124
0.028141
0.000000
0.009219
0.000000
0.000000
0.000000
0.002884
0.000000
0.000886
0.000661
0.000000
0.000088
0.000000
0.000000
0.000000
0.000000
0.000000
0.000000
0.000000
0.000000
0.000000
0.000000
0.000000
0.000000
0.000000
0.000000
0.000000
0.000000
0.000000
0.000000
0.000000
0.000000
0.000000
0.000000
0.000000
0.000000
0.000000
0.000000
0.000427
0.000000
0.019508
0.007431
0.000000
0.000000
0.000000
0.000000
0.002228
0.000160
0.000000
0.003060
0.000072
0.000000
0.000000
0.000000
0.000000
0.000000
0.000000
0.000000
0.000000
0.000000
0.000000
0.000000
0.000000
0.000000
0.000000
0.000000
0.000000
0.000000
0.000000
0.000000
0.000000
0.000000
0.000000
0.000000
0.000000
0.000000
0.000000
0.000180
0.008143
0.010169
0.044131
0.000000
0.000000
0.000000
0.000558
0.000635
0.004150
0.000308
0.000303
0.000585
0.000000
0.000000
0.000000
0.000000
0.000035
0.000000
0.000000
0.000000
0.000000
0.000000
0.000000
0.000000
0.000000
0.000000
0.000000
0.000000
0.000000
0.000000
0.000000
0.000000
0.000000
0.000000
0.000000
0.000000
0.000000
0.000000
0.000054
0.000000
0.000000
0.000000
0.028693
0.000000
0.007733
0.003008
0.000000
0.001020
0.000000
0.000000
0.000000
0.000195
0.000000
0.000072
0.000000
0.000000
0.000000
0.000000
0.000000
0.000000
0.000000
0.000000
0.000000
0.000000
0.000000
0.000000
0.000000
0.000000
0.000000
0.000000
0.000000
0.000000
0.000000
0.000000
0.000000
0.000000
0.000000
0.000344
0.000000
0.000000
0.000000
0.000000
0.032599
0.008781
0.000000
0.002576
0.001639
0.000000
0.000000
0.000000
0.000000
0.001957
0.000000
0.000000
0.000055
0.000000
0.000000
0.000000
0.000000
0.000000
0.000000
0.000000
0.000000
0.000000
0.000000
0.000000
0.000000
0.000000
0.000000
0.000000
0.000000
0.000000
0.000000
0.000000
0.000000
0.000000
0.000266
0.000000
0.000000
0.000000
0.008426
0.007632
0.035239
0.001398
0.000526
0.004399
0.000000
0.000000
0.000000
0.000037
0.000626
0.000372
0.000000
0.000000
0.000000
0.000000
0.000000
0.000000
0.000000
0.000000
0.000000
0.000000
0.000000
0.000000
0.000000
0.000000
0.000000
0.000000
0.000000
0.000000
0.000000
0.000000
0.000000
0.000000
0.000000
0.000158
0.003873
0.000000
0.001533
0.001846
0.000000
0.000748
0.006967
0.000000
0.002196
0.000041
0.000000
0.000028
0.000143
0.000000
0.000000
0.000027
0.000000
0.000028
0.000000
0.000000
0.000000
0.000000
0.000000
0.000000
0.000000
0.000000
0.000000
0.000000
0.000000
0.000000
0.000000
0.000000
0.000000
0.000000
0.000000
0.000000
0.000000
0.000000
0.000033
0.000000
0.001619
0.000748
0.000000
0.003132
0.000774
0.000000
0.004606
0.001728
0.000000
0.000009
0.000000
0.000000
0.000049
0.000009
0.000000
0.000014
0.000000
0.000000
0.000000
0.000000
0.000000
0.000000
0.000000
0.000000
0.000000
0.000000
0.000000
0.000000
0.000000
0.000000
0.000000
0.000000
0.000000
0.000000
0.000000
0.000000
0.000000
0.000038
0.001303
0.000719
0.004767
0.000832
0.001372
0.002777
0.002477
0.001955
0.008139
0.000028
0.000027
0.000075
0.000031
0.000035
0.000031
0.000017
0.000077
0.000161
0.000000
0.000000
0.000000
0.000000
0.000000
0.000000
0.000000
0.000000
0.000000
0.000000
0.000000
0.000000
0.000000
0.000000
0.000000
0.000000
0.000000
0.000000
0.001255
0.000000
0.000000
0.000496
0.000000
0.000052
0.000000
0.000000
0.000000
0.000024
0.000000
0.000000
0.001175
0.000000
0.000078
0.000000
0.000000
0.000000
0.000000
0.000000
0.000000
0.000000
0.000000
0.000000
0.000000
0.000000
0.000000
0.000000
0.000000
0.000000
0.000000
0.000000
0.000000
0.000000
0.000052
0.000000
0.000000
0.000000
0.000000
0.003579
0.000000
0.000000
0.000000
0.000707
0.000469
0.000000
0.000000
0.000000
0.000000
0.000071
0.000069
0.000000
0.003992
0.000352
0.000000
0.000000
0.000000
0.000000
0.000054
0.000033
0.000000
0.000000
0.000000
0.000000
0.000000
0.000000
0.000000
0.000000
0.000000
0.000000
0.000000
0.000000
0.000000
0.000000
0.000000
0.000000
0.000000
0.000000
0.000401
0.000000
0.000000
0.000019
0.000009
0.000549
0.000000
0.000000
0.000000
0.000000
0.000000
0.000000
0.000227
0.000219
0.000235
0.000000
0.000000
0.000000
0.000000
0.000000
0.000000
0.000000
0.000000
0.000000
0.000000
0.000000
0.000000
0.000000
0.000000
0.000000
0.000000
0.000000
0.000000
0.000000
0.000027
0.000000
0.000000
0.000000
0.000000
0.000439
0.000000
0.000016
0.000000
0.000000
0.000000
0.000849
0.000000
0.000131
0.000139
0.000000
0.000000
0.000000
0.000000
0.000000
0.001102
0.000000
0.000087
0.000065
0.000000
0.000093
0.000000
0.000000
0.000000
0.000000
0.000000
0.000000
0.000000
0.000000
0.000000
0.000000
0.000000
0.000000
0.000025
0.000028
0.000038
0.000000
0.000000
0.000000
0.003035
0.000028
0.000013
0.000000
0.000000
0.000000
0.000000
0.001633
0.000908
0.000000
0.000000
0.000040
0.000000
0.000000
0.000000
0.000000
0.004217
0.000936
0.000000
0.000054
0.000078
0.000000
0.000000
0.000000
0.000000
0.000000
0.000000
0.000000
0.000000
0.000000
0.000000
0.000000
0.000000
0.000000
0.000000
0.000000
0.000000
0.000000
0.000000
0.000202
0.000000
0.000000
0.000000
0.000000
0.000000
0.000064
0.000000
0.001104
0.000000
0.000000
0.000122
0.000000
0.000000
0.000000
0.000032
0.000277
0.000227
0.000000
0.000000
0.000057
0.000000
0.000000
0.000000
0.000000
0.000000
0.000000
0.000000
0.000000
0.000000
0.000000
0.000000
0.000000
0.000000
0.000000
0.000000
0.000000
0.000000
0.000000
0.000017
0.000000
0.000000
0.000000
0.000000
0.000000
0.000000
0.000000
0.000000
0.000041
0.000000
0.000040
0.000000
0.000000
0.000000
0.000027
0.000000
0.000000
0.000000
0.000000
0.000000
0.000000
0.000000
0.000000
0.000000
0.000000
0.000000
0.000000
0.000000
0.000000
0.000000
0.000000
0.000000
0.000000
0.000000
0.000000
0.000000
0.000000
0.000000
0.000120
0.000000
0.000000
0.000000
0.000028
0.000000
0.000000
0.000055
0.000000
0.000000
0.000059
0.000073
0.000000
0.000012
0.000000
0.000000
0.000049
0.000000
0.000000
0.000135
0.000000
0.000000
0.000000
0.000000
0.000000
0.000000
0.000000
0.000000
0.000000
0.000000
0.000000
0.000000
0.000000
0.000000
0.000000
0.000000
0.000000
0.000000
0.000000
0.000000
0.000000
0.000000
0.000000
0.000000
0.000019
0.000000
0.000000
0.000000
0.000092
0.000000
0.000168
0.000000
0.000000
0.000000
0.000000
0.000161
0.000028
0.000000
0.000000
0.000000
