0.004660
0.009111
0.015758
0.002635
0.010558
0.010572
0.003138
0.003935
0.011754
0.001730
0.004623
0.001755
0.000668
0.006547
0.001899
0.000283
0.000859
0.001294
0.475574
0.000631
0.043961
0.019737
0.011197
0.077807
0.019220
0.024755
0.070062
0.015928
0.013395
0.071674
0.004713
0.015544
0.007407
0.004145
0.017664
0.009023
0.001033
0.001244
0.003506
0.001847
0.000000
0.001298
0.000000
0.000000
0.000000
0.000602
0.000000
0.000331
0.000426
0.000000
0.000135
0.000000
0.000000
0.000000
0.000000
0.000000
0.000000
0.000000
0.000000
0.000038
0.000000
0.000000
0.000000
0.000000
0.000000
0.000000
0.000000
0.000000
0.000000
0.000000
0.000000
0.000000
0.000000
0.000000
0.000000
0.000000
0.000000
0.000000
0.000000
0.006250
0.000786
0.000000
0.000000
0.000000
0.000000
0.000482
0.000508
0.000000
0.001113
0.000000
0.000000
0.000000
0.000000
0.000000
0.000000
0.000000
0.000000
0.000000
0.000000
0.000000
0.000000
0.000000
0.000000
0.000000
0.000000
0.000000
0.000000
0.000000
0.000000
0.000000
0.000000
0.000000
0.000000
0.000000
0.000000
0.000000
0.000000
0.001686
0.001707
0.009573
0.000000
0.000000
0.000000
0.000343
0.000426
0.001064
0.000054
0.000195
0.000528
0.000000
0.000000
0.000000
0.000000
0.000000
0.000026
0.000000
0.000000
0.000260
0.000000
0.000000
0.000000
0.000000
0.000000
0.000000
0.000000
0.000000
0.000000
0.000000
0.000000
0.000000
0.000000
0.000000
0.000000
0.000000
0.000000
0.000000
0.000000
0.000000
0.000000
0.001065
0.000000
0.001213
0.000242
0.000000
0.000092
0.000000
0.000000
0.000000
0.000000
0.000000
0.000036
0.000000
0.000000
0.000000
0.000000
0.000000
0.000000
0.000000
0.000000
0.000000
0.000000
0.000000
0.000000
0.000000
0.000000
0.000000
0.000000
0.000000
0.000000
0.000000
0.000000
0.000000
0.000000
0.000000
0.000000
0.000000
0.000000
0.000000
0.000000
0.007044
0.001043
0.000000
0.000264
0.000643
0.000000
0.000000
0.000000
0.000000
0.001086
0.000018
0.000000
0.000000
0.000000
0.000000
0.000031
0.000476
0.000000
0.000000
0.000000
0.000000
0.000000
0.000000
0.000000
0.000000
0.000000
0.000000
0.000000
0.000000
0.000000
0.000000
0.000000
0.000000
0.000000
0.000000
0.000000
0.000000
0.000000
0.000496
0.001461
0.006092
0.000244
0.000329
0.001249
0.000000
0.000000
0.000000
0.000115
0.000144
0.000179
0.000000
0.000000
0.000036
0.000000
0.000000
0.000220
0.000000
0.000000
0.000000
0.000000
0.000000
0.000000
0.000000
0.000000
0.000000
0.000000
0.000000
0.000000
0.000000
0.000000
0.000000
0.000000
0.000000
0.000000
0.000524
0.000000
0.000225
0.000207
0.000000
0.000065
0.001016
0.000000
0.000660
0.000000
0.000000
0.000000
0.000091
0.000000
0.000000
0.000115
0.000000
0.000249
0.000000
0.000000
0.000000
0.000000
0.000000
0.000000
0.000000
0.000000
0.000000
0.000000
0.000000
0.000000
0.000000
0.000000
0.000000
0.000000
0.000000
0.000000
0.000000
0.000000
0.000000
0.000000
0.000182
0.000468
0.000000
0.000722
0.000256
0.000000
0.000843
0.000928
0.000000
0.000000
0.000000
0.000000
0.000090
0.000000
0.000000
0.000120
0.000000
0.000000
0.000000
0.000027
0.000000
0.000000
0.000000
0.000000
0.000000
0.000000
0.000000
0.000000
0.000000
0.000000
0.000000
0.000000
0.000000
0.000000
0.000000
0.000000
0.000000
0.000000
0.000321
0.000201
0.002109
0.000490
0.000258
0.001321
0.000563
0.000706
0.005025
0.000000
0.000000
0.000133
0.000000
0.000082
0.000038
0.000000
0.000183
0.000310
0.000000
0.000000
0.000064
0.000000
0.000000
0.000000
0.000000
0.000000
0.000000
0.000000
0.000000
0.000000
0.000000
0.000000
0.000000
0.000000
0.000000
0.000000
0.000000
0.000000
0.000000
0.000161
0.000000
0.000070
0.000000
0.000000
0.000000
0.000000
0.000000
0.000000
0.000648
0.000000
0.000142
0.000000
0.000000
0.000000
0.000018
0.000000
0.000000
0.000614
0.000000
0.000000
0.000000
0.000000
0.000000
0.000000
0.000000
0.000000
0.000000
0.000000
0.000000
0.000000
0.000085
0.000000
0.000000
0.000000
0.000000
0.000000
0.000000
0.000000
0.000000
0.000424
0.000237
0.000000
0.000000
0.000000
0.000000
0.000067
0.000036
0.000000
0.001867
0.000154
0.000000
0.000000
0.000000
0.000000
0.000111
0.000000
0.001593
0.000137
0.000000
0.000000
0.000000
0.000000
0.000000
0.000000
0.000000
0.000000
0.000000
0.000000
0.000000
0.000027
0.000000
0.000000
0.000000
0.000000
0.000000
0.000000
0.000000
0.000000
0.000000
0.000369
0.000000
0.000000
0.000000
0.000000
0.000031
0.000074
0.000135
0.000343
0.000381
0.000000
0.000000
0.000000
0.000000
0.000000
0.000107
0.000282
0.000038
0.000000
0.000000
0.000000
0.000000
0.000000
0.000000
0.000000
0.000000
0.000000
0.000000
0.000000
0.000000
0.000000
0.000000
0.000000
0.000000
0.000000
0.000000
0.000000
0.000000
0.000000
0.000000
0.000026
0.000000
0.000000
0.000000
0.000000
0.000000
0.000000
0.000000
0.000000
0.000204
0.000000
0.000137
0.000072
0.000000
0.000000
0.000231
0.000000
0.000000
0.000000
0.000000
0.000000
0.000000
0.000000
0.000000
0.000000
0.000000
0.000000
0.000000
0.000000
0.000000
0.000000
0.000000
0.000000
0.000000
0.000000
0.000000
0.000000
0.000000
0.000000
0.000000
0.000945
0.000172
0.000000
0.000173
0.000140
0.000000
0.000000
0.000000
0.000000
0.002618
0.000145
0.000000
0.000162
0.000276
0.001804
0.000000
0.000000
0.000000
0.000000
0.000000
0.000000
0.000000
0.000000
0.000000
0.000000
0.000000
0.000000
0.000000
0.000000
0.000000
0.000061
0.000000
0.000000
0.000000
0.000000
0.000000
0.000000
0.000000
0.000365
0.000000
0.000306
0.000000
0.000000
0.000052
0.000000
0.000000
0.000000
0.000026
0.000180
0.000534
0.000000
0.000000
0.000058
0.000144
0.000000
0.000000
0.000000
0.000000
0.000000
0.000000
0.000000
0.000000
0.000000
0.000000
0.000000
0.000000
0.000000
0.000000
0.000000
0.000249
0.000000
0.000000
0.000000
0.000000
0.000000
0.000000
0.000000
0.000000
0.000000
0.000000
0.000038
0.000000
0.000052
0.000000
0.000000
0.000000
0.000000
0.000000
0.000000
0.000079
0.000000
0.000000
0.000115
0.000000
0.000000
0.000000
0.000000
0.000000
0.000000
0.000000
0.000000
0.000000
0.000000
0.000000
0.000000
0.000000
0.000000
0.000000
0.000000
0.000000
0.000000
0.000000
0.000000
0.000000
0.000036
0.000000
0.000000
0.000058
0.000000
0.000000
0.000135
0.000175
0.000000
0.000082
0.000000
0.000000
0.000165
0.000000
0.000000
0.000119
0.000000
0.000092
0.000000
0.000000
0.000000
0.000000
0.000000
0.000000
0.000000
0.000000
0.000000
0.000000
0.000000
0.000000
0.000000
0.000000
0.000000
0.000000
0.000000
0.000000
0.000000
0.000000
0.000000
0.000000
0.000000
0.000000
0.000000
0.000000
0.000102
0.000036
0.000371
0.000085
0.000000
0.000000
0.000000
0.000053
0.000274
0.000000
0.000036
0.000146
0.000199
0.000000
0.000000
0.000000
0.000000
0.000000
0.000000
0.000000
0.000000
0.000000
0.000000
0.000000
0.000000
0.000000
0.000000
0.000000
0.000000
0.000000
0.000000
0.000000
0.000000
0.000000
0.000000
0.000000
0.000000
0.000000
0.000000
0.000000
0.000000
0.000000
0.000391
0.000967
0.000284
0.000234
0.001626
0.000171
0.000000
0.000130
0.000027
0.454714
0.000000
0.000146
0.000000
0.000000
0.000000
0.000000
0.000000
0.000000
0.000000
0.000000
0.000000
0.001112
0.002690
0.000639
0.001592
0.005625
0.001777
0.000081
0.000299
0.000405
0.000000
0.000000
0.000000
0.000000
0.000000
0.000000
0.000000
0.000056
0.000074
0.000000
0.000000
0.000000
0.000000
0.000173
0.000000
0.000000
0.000000
0.000038
0.000000
0.000086
0.000000
0.000000
0.000000
0.000000
0.000000
0.000000
0.000031
0.000000
0.000000
0.000000
0.000000
0.000000
0.000053
0.000000
0.000038
0.000000
0.000000
0.000000
0.000085
0.000138
0.000384
0.000728
0.000000
0.000090
0.000154
0.000000
0.000419
0.000329
0.000000
0.000024
0.000000
0.000000
0.000112
0.000053
0.000000
0.000000
0.000000
0.000064
0.000000
0.039739
0.000000
0.000249
0.000250
0.000148
0.000181
0.000220
0.000053
0.000084
0.000590
0.000000
0.000035
0.000000
0.000000
0.000038
0.000000
0.000000
0.000000
0.000000
0.000000
0.000000
0.000000
0.000000
0.000000
0.000000
0.000000
0.000000
0.000000
0.000000
0.000000
0.000000
0.000000
0.000000
0.000000
0.000000
0.000000
0.000000
0.000000
0.000000
0.000091
0.010916
0.000000
0.004516
0.000000
0.000000
0.000000
0.002040
0.000000
0.001690
0.000393
0.000000
0.000191
0.000000
0.000000
0.000000
0.000000
0.000000
0.000069
0.000000
0.000000
0.000000
0.000000
0.000000
0.000000
0.000000
0.000000
0.000000
0.000000
0.000000
0.000000
0.000000
0.000000
0.000000
0.000000
0.000000
0.000000
0.000000
0.000000
0.000201
0.000000
0.004816
0.002370
0.000000
0.000000
0.000000
0.000000
0.001407
0.000293
0.000000
0.002056
0.000085
0.000000
0.000000
0.000000
0.000000
0.000027
0.000000
0.000000
0.000000
0.000000
0.000000
0.000000
0.000000
0.000000
0.000000
0.000000
0.000000
0.000000
0.000000
0.000000
0.000000
0.000000
0.000000
0.000000
0.000000
0.000000
0.000000
0.000690
0.005309
0.004103
0.051688
0.000000
0.000000
0.000000
0.000536
0.001386
0.008418
0.000202
0.002652
0.003145
0.000000
0.000000
0.000000
0.000000
0.000000
0.000139
0.000000
0.000000
0.000000
0.000000
0.000000
0.000000
0.000000
0.000000
0.000000
0.000000
0.000000
0.000000
0.000000
0.000000
0.000000
0.000000
0.000000
0.000000
0.000000
0.000000
0.000088
0.000000
0.000000
0.000000
0.010246
0.000000
0.005064
0.002610
0.000000
0.001001
0.000000
0.000000
0.000000
0.000115
0.000000
0.000248
0.000000
0.000000
0.000000
0.000000
0.000000
0.000000
0.000000
0.000000
0.000000
0.000000
0.000000
0.000000
0.000000
0.000000
0.000000
0.000000
0.000000
0.000000
0.000000
0.000000
0.000000
0.000000
0.000056
0.000144
0.000000
0.000000
0.000000
0.000000
0.013462
0.006316
0.000000
0.001162
0.001646
0.000000
0.000000
0.000000
0.000000
0.002024
0.000026
0.000000
0.000024
0.000038
0.000000
0.000000
0.000000
0.000000
0.000000
0.000000
0.000000
0.000000
0.000000
0.000000
0.000000
0.000000
0.000000
0.000000
0.000000
0.000000
0.000000
0.000000
0.000000
0.000000
0.000760
0.000000
0.000000
0.000000
0.006377
0.005070
0.041764
0.000856
0.000996
0.012251
0.000000
0.000000
0.000000
0.000105
0.000574
0.001547
0.000000
0.000000
0.000000
0.000000
0.000000
0.000000
0.000000
0.000000
0.000000
0.000000
0.000000
0.000000
0.000000
0.000000
0.000000
0.000000
0.000000
0.000000
0.000000
0.000000
0.000000
0.000000
0.000000
0.000106
0.001074
0.000000
0.002656
0.000796
0.000000
0.000588
0.005815
0.000000
0.004216
0.000187
0.000000
0.000000
0.000055
0.000000
0.000027
0.000402
0.000000
0.000170
0.000000
0.000000
0.000000
0.000000
0.000000
0.000000
0.000000
0.000000
0.000000
0.000000
0.000000
0.000000
0.000000
0.000000
0.000000
0.000000
0.000000
0.000000
0.000000
0.000000
0.000056
0.000000
0.001130
0.000584
0.000000
0.002215
0.000784
0.000000
0.004872
0.003179
0.000000
0.000323
0.000000
0.000000
0.000115
0.000038
0.000000
0.000171
0.000017
0.000000
0.000000
0.000000
0.000000
0.000000
0.000000
0.000000
0.000000
0.000000
0.000000
0.000000
0.000000
0.000000
0.000000
0.000000
0.000000
0.000000
0.000000
0.000000
0.000056
0.000685
0.002081
0.000424
0.013626
0.000473
0.001962
0.007843
0.003985
0.003097
0.035059
0.000249
0.000000
0.000378
0.000027
0.000784
0.000369
0.000126
0.000086
0.001004
0.000000
0.000000
0.000000
0.000000
0.000000
0.000000
0.000000
0.000000
0.000000
0.000000
0.000000
0.000000
0.000000
0.000000
0.000000
0.000000
0.000000
0.000000
0.002033
0.000000
0.000000
0.000410
0.000000
0.000281
0.000000
0.000000
0.000000
0.000000
0.000000
0.000124
0.001448
0.000148
0.000251
0.000000
0.000000
0.000000
0.000047
0.000000
0.000000
0.000000
0.000000
0.000000
0.000000
0.000000
0.000000
0.000000
0.000000
0.000000
0.000000
0.000036
0.000000
0.000000
0.000000
0.000000
0.000000
0.000000
0.000000
0.006528
0.000064
0.000000
0.000000
0.000515
0.000445
0.000000
0.000000
0.000000
0.000000
0.000036
0.000074
0.000000
0.005612
0.001541
0.000498
0.000000
0.000000
0.000000
0.000140
0.000199
0.000000
0.000000
0.000000
0.000000
0.000000
0.000000
0.000000
0.000000
0.000000
0.000000
0.000027
0.000000
0.000000
0.000000
0.000329
0.000000
0.000000
0.000031
0.000764
0.000038
0.000000
0.000034
0.000017
0.001664
0.000000
0.000000
0.000000
0.000000
0.000000
0.000768
0.000848
0.001963
0.000966
0.000000
0.000000
0.000000
0.000000
0.000000
0.000000
0.000000
0.000000
0.000000
0.000000
0.000000
0.000000
0.000000
0.000000
0.000000
0.000000
0.000000
0.000000
0.000000
0.000000
0.000000
0.000000
0.000000
0.000000
0.000746
0.000000
0.000031
0.000000
0.000000
0.000000
0.001226
0.000000
0.000257
0.000000
0.000000
0.000000
0.000000
0.000000
0.000000
0.001193
0.000000
0.000251
0.000249
0.000000
0.000227
0.000000
0.000000
0.000000
0.000000
0.000000
0.000000
0.000000
0.000000
0.000000
0.000000
0.000000
0.000000
0.000000
0.000249
0.000000
0.000000
0.000000
0.000000
0.005464
0.000000
0.000081
0.000000
0.000000
0.000000
0.000000
0.001546
0.001101
0.000000
0.000043
0.000194
0.000000
0.000000
0.000000
0.000000
0.005801
0.002872
0.000000
0.000024
0.000408
0.000000
0.000000
0.000000
0.000000
0.000000
0.000000
0.000000
0.000000
0.000000
0.000000
0.000000
0.000000
0.000000
0.000000
0.000000
0.000000
0.000000
0.000000
0.000674
0.000074
0.000081
0.000000
0.000000
0.000000
0.000105
0.000000
0.003952
0.000079
0.000000
0.000424
0.000000
0.000000
0.000000
0.000072
0.001641
0.001589
0.000000
0.000000
0.000385
0.000000
0.000000
0.000000
0.000000
0.000000
0.000000
0.000000
0.000000
0.000000
0.000000
0.000000
0.000000
0.000000
0.000000
0.000000
0.000000
0.000000
0.000000
0.000054
0.000053
0.000249
0.000081
0.000000
0.000000
0.000000
0.000000
0.000000
0.000000
0.000000
0.000047
0.000164
0.000000
0.000000
0.000310
0.000000
0.000000
0.000081
0.000000
0.000000
0.000000
0.000000
0.000000
0.000000
0.000000
0.000000
0.000000
0.000000
0.000000
0.000000
0.000000
0.000000
0.000000
0.000000
0.000000
0.000000
0.000000
0.000000
0.000286
0.000000
0.000000
0.000000
0.000000
0.000083
0.000000
0.000000
0.000055
0.000000
0.000024
0.000193
0.000000
0.000043
0.000000
0.000000
0.000129
0.000000
0.000000
0.000326
0.000107
0.000000
0.000000
0.000000
0.000000
0.000000
0.000000
0.000000
0.000000
0.000000
0.000000
0.000000
0.000000
0.000000
0.000000
0.000000
0.000000
0.000000
0.000000
0.000104
0.000000
0.000000
0.000000
0.000000
0.000246
0.000000
0.000000
0.000053
0.000118
0.000000
0.001398
0.000138
0.000054
0.000200
0.000061
0.000468
0.000208
0.000054
0.000151
0.000266
