0.003824
0.006791
0.013361
0.001279
0.006309
0.009507
0.001749
0.002389
0.007704
0.001422
0.004503
0.002540
0.000860
0.005124
0.002084
0.000307
0.000837
0.001201
0.439949
0.001456
0.032232
0.029764
0.015168
0.109753
0.021917
0.026265
0.073612
0.017147
0.010533
0.073226
0.004910
0.018543
0.013468
0.003486
0.017998
0.010127
0.001409
0.002068
0.005176
0.002347
0.000000
0.000912
0.000000
0.000000
0.000000
0.000269
0.000000
0.000139
0.000018
0.000000
0.000012
0.000000
0.000000
0.000000
0.000000
0.000000
0.000000
0.000000
0.000000
0.000142
0.000000
0.000000
0.000000
0.000000
0.000000
0.000000
0.000000
0.000000
0.000000
0.000000
0.000000
0.000000
0.000000
0.000000
0.000000
0.000000
0.000000
0.000000
0.000000
0.004378
0.001263
0.000000
0.000000
0.000000
0.000000
0.000331
0.000122
0.000000
0.000410
0.000050
0.000000
0.000000
0.000000
0.000000
0.000014
0.000000
0.000000
0.000008
0.000217
0.000000
0.000000
0.000000
0.000000
0.000000
0.000000
0.000000
0.000000
0.000000
0.000000
0.000000
0.000000
0.000000
0.000000
0.000000
0.000000
0.000000
0.000000
0.000894
0.001208
0.007915
0.000000
0.000000
0.000000
0.000247
0.000181
0.001131
0.000133
0.000319
0.000648
0.000000
0.000000
0.000000
0.000005
0.000015
0.000081
0.000000
0.000166
0.000338
0.000000
0.000000
0.000000
0.000000
0.000000
0.000000
0.000000
0.000000
0.000000
0.000000
0.000000
0.000000
0.000000
0.000000
0.000000
0.000000
0.000000
0.000000
0.000000
0.000000
0.000000
0.000546
0.000000
0.000486
0.000138
0.000000
0.000030
0.000000
0.000000
0.000000
0.000043
0.000000
0.000009
0.000000
0.000000
0.000009
0.000000
0.000000
0.000025
0.000000
0.000000
0.000000
0.000000
0.000000
0.000000
0.000000
0.000000
0.000000
0.000000
0.000000
0.000000
0.000000
0.000000
0.000000
0.000000
0.000000
0.000000
0.000000
0.000000
0.000000
0.000000
0.003539
0.001019
0.000000
0.000333
0.000234
0.000000
0.000000
0.000000
0.000000
0.000736
0.000040
0.000000
0.000057
0.000000
0.000000
0.000009
0.000168
0.000000
0.000000
0.000000
0.000000
0.000000
0.000000
0.000000
0.000000
0.000000
0.000000
0.000000
0.000000
0.000000
0.000000
0.000000
0.000000
0.000000
0.000000
0.000000
0.000000
0.000000
0.000386
0.001237
0.005840
0.000027
0.000107
0.000799
0.000000
0.000000
0.000000
0.000082
0.000311
0.000362
0.000006
0.000000
0.000025
0.000000
0.000006
0.000211
0.000000
0.000000
0.000000
0.000000
0.000000
0.000000
0.000000
0.000000
0.000000
0.000000
0.000000
0.000000
0.000000
0.000000
0.000000
0.000000
0.000000
0.000000
0.000144
0.000000
0.000124
0.000184
0.000000
0.000094
0.000553
0.000000
0.000475
0.000010
0.000000
0.000000
0.000014
0.000000
0.000007
0.000047
0.000000
0.000040
0.000000
0.000000
0.000063
0.000000
0.000000
0.000000
0.000000
0.000000
0.000000
0.000000
0.000000
0.000000
0.000000
0.000000
0.000000
0.000000
0.000000
0.000000
0.000000
0.000000
0.000000
0.000000
0.000325
0.000067
0.000000
0.000345
0.000051
0.000000
0.000792
0.000374
0.000000
0.000012
0.000000
0.000000
0.000112
0.000007
0.000000
0.000162
0.000000
0.000000
0.000000
0.000081
0.000000
0.000000
0.000000
0.000000
0.000000
0.000000
0.000000
0.000000
0.000000
0.000000
0.000000
0.000000
0.000000
0.000000
0.000000
0.000000
0.000000
0.000000
0.000120
0.000110
0.001061
0.000077
0.000305
0.000867
0.000349
0.000412
0.003351
0.000011
0.000008
0.000033
0.000013
0.000116
0.000118
0.000005
0.000133
0.000426
0.000000
0.000007
0.000212
0.000000
0.000000
0.000000
0.000000
0.000000
0.000000
0.000000
0.000000
0.000000
0.000000
0.000000
0.000000
0.000000
0.000000
0.000000
0.000000
0.000000
0.000000
0.000066
0.000000
0.000255
0.000000
0.000000
0.000000
0.000009
0.000000
0.000008
0.000519
0.000000
0.000069
0.000000
0.000000
0.000000
0.000070
0.000000
0.000009
0.000359
0.000000
0.000000
0.000000
0.000000
0.000000
0.000000
0.000000
0.000000
0.000000
0.000000
0.000000
0.000000
0.000000
0.000000
0.000000
0.000000
0.000000
0.000000
0.000000
0.000000
0.000000
0.000488
0.000401
0.000000
0.000000
0.000000
0.000000
0.000061
0.000011
0.000000
0.001446
0.000626
0.000000
0.000000
0.000000
0.000000
0.000067
0.000115
0.001094
0.000015
0.000164
0.000000
0.000000
0.000000
0.000000
0.000000
0.000000
0.000000
0.000000
0.000000
0.000007
0.000042
0.000013
0.000000
0.000000
0.000000
0.000000
0.000000
0.000000
0.000168
0.000014
0.000903
0.000000
0.000000
0.000000
0.000000
0.000000
0.000053
0.000129
0.000163
0.000579
0.000000
0.000000
0.000000
0.000000
0.000000
0.000015
0.000416
0.000050
0.000013
0.000000
0.000000
0.000000
0.000000
0.000000
0.000000
0.000000
0.000000
0.000000
0.000000
0.000054
0.000000
0.000000
0.000000
0.000000
0.000000
0.000000
0.000000
0.000000
0.000000
0.000000
0.000045
0.000000
0.000023
0.000027
0.000000
0.000000
0.000000
0.000000
0.000000
0.000234
0.000000
0.000126
0.000017
0.000000
0.000070
0.000177
0.000013
0.000000
0.000000
0.000000
0.000000
0.000000
0.000000
0.000000
0.000000
0.000000
0.000000
0.000000
0.000000
0.000000
0.000025
0.000000
0.000010
0.000000
0.000000
0.000000
0.000000
0.000000
0.000000
0.000000
0.000699
0.000168
0.000000
0.000054
0.000163
0.000000
0.000000
0.000000
0.000000
0.001902
0.000222
0.000000
0.000081
0.000100
0.001495
0.000113
0.000046
0.000000
0.000000
0.000000
0.000000
0.000000
0.000000
0.000000
0.000000
0.000000
0.000000
0.000000
0.000000
0.000000
0.000049
0.000006
0.000000
0.000000
0.000000
0.000000
0.000000
0.000000
0.000000
0.000022
0.000628
0.000000
0.000005
0.000129
0.000000
0.000000
0.000000
0.000157
0.000116
0.000376
0.000000
0.000000
0.000141
0.000397
0.000054
0.000012
0.000000
0.000000
0.000000
0.000000
0.000000
0.000000
0.000000
0.000000
0.000000
0.000000
0.000000
0.000000
0.000000
0.000006
0.000000
0.000000
0.000000
0.000000
0.000000
0.000000
0.000017
0.000000
0.000000
0.000045
0.000074
0.000000
0.000037
0.000032
0.000000
0.000000
0.000015
0.000000
0.000000
0.000061
0.000000
0.000000
0.000017
0.000000
0.000012
0.000000
0.000000
0.000000
0.000000
0.000000
0.000000
0.000000
0.000000
0.000000
0.000000
0.000000
0.000000
0.000000
0.000000
0.000000
0.000000
0.000000
0.000000
0.000000
0.000000
0.000007
0.000000
0.000011
0.000000
0.000000
0.000077
0.000143
0.000000
0.000104
0.000000
0.000000
0.000186
0.000000
0.000000
0.000093
0.000051
0.000131
0.000000
0.000000
0.000000
0.000000
0.000000
0.000000
0.000000
0.000000
0.000000
0.000000
0.000000
0.000000
0.000000
0.000000
0.000000
0.000000
0.000041
0.000000
0.000000
0.000000
0.000019
0.000000
0.000012
0.000000
0.000000
0.000032
0.000017
0.000000
0.000476
0.000087
0.000046
0.000044
0.000000
0.000087
0.000142
0.000000
0.000082
0.000044
0.000030
0.000013
0.000019
0.000000
0.000000
0.000000
0.000000
0.000000
0.000000
0.000000
0.000000
0.000000
0.000000
0.000000
0.000000
0.000000
0.000000
0.000000
0.000000
0.000000
0.000000
0.000000
0.000000
0.000000
0.000000
0.000000
0.000000
0.000000
0.000000
0.000000
0.000384
0.001490
0.000360
0.000223
0.001417
0.000421
0.000097
0.000120
0.000027
0.414718
0.000000
0.000160
0.000000
0.000000
0.000000
0.000000
0.000000
0.000000
0.000000
0.000000
0.000000
0.001408
0.004680
0.001958
0.001510
0.005242
0.001992
0.000164
0.000185
0.000306
0.000013
0.000000
0.000086
0.000000
0.000073
0.000015
0.000000
0.000006
0.000000
0.000014
0.000122
0.000061
0.000000
0.000031
0.000199
0.000000
0.000010
0.000032
0.000000
0.000359
0.000000
0.000000
0.000000
0.000088
0.000009
0.000000
0.000074
0.000000
0.000000
0.000000
0.000000
0.000062
0.000037
0.000000
0.000099
0.000027
0.000000
0.000013
0.000044
0.000077
0.000151
0.000370
0.000022
0.000086
0.000293
0.000051
0.000045
0.000097
0.000000
0.000034
0.000025
0.000000
0.000058
0.000016
0.000000
0.000000
0.000014
0.000043
0.000000
0.029063
0.000220
0.000040
0.000478
0.000144
0.000095
0.000377
0.000142
0.000026
0.000404
0.000013
0.000017
0.000024
0.000000
0.000025
0.000007
0.000008
0.000000
0.000000
0.000000
0.000000
0.000000
0.000000
0.000000
0.000000
0.000000
0.000000
0.000000
0.000000
0.000000
0.000000
0.000000
0.000000
0.000000
0.000000
0.000000
0.000000
0.000000
0.000000
0.000082
0.015692
0.000000
0.009838
0.000000
0.000000
0.000000
0.002121
0.000000
0.001328
0.000481
0.000000
0.000380
0.000000
0.000000
0.000000
0.000060
0.000000
0.000035
0.000000
0.000000
0.000000
0.000000
0.000000
0.000000
0.000000
0.000000
0.000000
0.000000
0.000000
0.000000
0.000000
0.000000
0.000000
0.000000
0.000000
0.000000
0.000000
0.000019
0.000150
0.000000
0.006917
0.003512
0.000000
0.000000
0.000000
0.000000
0.001617
0.000624
0.000000
0.002236
0.000140
0.000000
0.000000
0.000000
0.000000
0.000087
0.000000
0.000000
0.000000
0.000000
0.000000
0.000000
0.000000
0.000000
0.000000
0.000000
0.000000
0.000000
0.000000
0.000000
0.000000
0.000000
0.000000
0.000000
0.000000
0.000000
0.000064
0.000281
0.009783
0.005954
0.074164
0.000000
0.000000
0.000000
0.001283
0.001098
0.010875
0.000330
0.002171
0.004139
0.000000
0.000000
0.000000
0.000019
0.000061
0.000611
0.000000
0.000000
0.000000
0.000000
0.000000
0.000000
0.000000
0.000000
0.000000
0.000000
0.000000
0.000000
0.000000
0.000000
0.000000
0.000000
0.000000
0.000000
0.000000
0.000000
0.000076
0.000000
0.000000
0.000000
0.012803
0.000000
0.005948
0.001555
0.000000
0.001192
0.000000
0.000000
0.000000
0.000189
0.000000
0.000172
0.000019
0.000000
0.000097
0.000000
0.000000
0.000000
0.000000
0.000000
0.000000
0.000000
0.000000
0.000000
0.000000
0.000000
0.000000
0.000000
0.000000
0.000000
0.000000
0.000000
0.000000
0.000000
0.000025
0.000176
0.000000
0.000000
0.000000
0.000000
0.014136
0.007193
0.000000
0.000868
0.002078
0.000000
0.000000
0.000000
0.000000
0.001914
0.000012
0.000000
0.000005
0.000000
0.000000
0.000000
0.000000
0.000000
0.000000
0.000000
0.000000
0.000000
0.000000
0.000000
0.000000
0.000000
0.000000
0.000000
0.000000
0.000000
0.000000
0.000000
0.000000
0.000000
0.000195
0.000000
0.000000
0.000000
0.006119
0.005882
0.045018
0.001524
0.000525
0.011321
0.000000
0.000000
0.000000
0.000032
0.001449
0.001877
0.000011
0.000000
0.000116
0.000000
0.000000
0.000000
0.000000
0.000000
0.000000
0.000000
0.000000
0.000000
0.000000
0.000000
0.000000
0.000000
0.000000
0.000000
0.000000
0.000000
0.000000
0.000000
0.000000
0.000049
0.001283
0.000000
0.001970
0.001031
0.000000
0.001116
0.006218
0.000000
0.004484
0.000190
0.000000
0.000085
0.000086
0.000000
0.000101
0.000363
0.000000
0.000336
0.000000
0.000000
0.000000
0.000000
0.000000
0.000000
0.000000
0.000000
0.000000
0.000000
0.000000
0.000000
0.000000
0.000000
0.000000
0.000000
0.000000
0.000000
0.000000
0.000005
0.000089
0.000000
0.000878
0.000520
0.000000
0.002199
0.000926
0.000000
0.003437
0.001813
0.000000
0.000114
0.000000
0.000000
0.000255
0.000007
0.000000
0.000373
0.000000
0.000000
0.000000
0.000000
0.000000
0.000000
0.000000
0.000000
0.000000
0.000000
0.000000
0.000000
0.000000
0.000000
0.000000
0.000000
0.000000
0.000000
0.000000
0.000000
0.000080
0.000196
0.001752
0.000992
0.014528
0.000867
0.001523
0.006846
0.004030
0.002808
0.035968
0.000085
0.000348
0.000545
0.000022
0.000356
0.001062
0.000064
0.000504
0.001380
0.000000
0.000000
0.000000
0.000000
0.000000
0.000000
0.000000
0.000000
0.000000
0.000012
0.000069
0.000000
0.000000
0.000000
0.000000
0.000000
0.000000
0.000000
0.001497
0.000000
0.000009
0.000520
0.000000
0.000335
0.000000
0.000000
0.000000
0.000077
0.000000
0.000015
0.001777
0.000061
0.000438
0.000000
0.000000
0.000015
0.000112
0.000000
0.000014
0.000000
0.000000
0.000000
0.000000
0.000000
0.000000
0.000000
0.000000
0.000000
0.000008
0.000117
0.000051
0.000000
0.000000
0.000000
0.000000
0.000000
0.000000
0.007600
0.000076
0.000016
0.000000
0.000483
0.001199
0.000000
0.000000
0.000000
0.000000
0.000007
0.000104
0.000014
0.005536
0.002746
0.000000
0.000070
0.000000
0.000000
0.000131
0.000403
0.000000
0.000000
0.000000
0.000000
0.000000
0.000000
0.000000
0.000000
0.000000
0.000000
0.000060
0.000000
0.000000
0.000039
0.000000
0.000000
0.000000
0.000007
0.001629
0.000054
0.000039
0.000614
0.000023
0.003946
0.000000
0.000000
0.000000
0.000046
0.000000
0.000523
0.000442
0.003018
0.002934
0.000000
0.000000
0.000000
0.000000
0.000000
0.000211
0.000000
0.000000
0.000000
0.000000
0.000000
0.000000
0.000000
0.000000
0.000000
0.000000
0.000000
0.000007
0.000000
0.000011
0.000000
0.000000
0.000000
0.000000
0.000819
0.000010
0.000010
0.000000
0.000000
0.000000
0.000608
0.000000
0.000238
0.000054
0.000000
0.000036
0.000000
0.000006
0.000000
0.001087
0.000000
0.000269
0.000242
0.000000
0.000115
0.000000
0.000000
0.000000
0.000000
0.000000
0.000000
0.000000
0.000000
0.000000
0.000073
0.000061
0.000000
0.000000
0.000025
0.000000
0.000000
0.000012
0.000007
0.006402
0.000103
0.000025
0.000000
0.000000
0.000000
0.000000
0.001029
0.001484
0.000000
0.000058
0.000271
0.000000
0.000000
0.000000
0.000011
0.005639
0.002094
0.000000
0.000156
0.000505
0.000000
0.000000
0.000000
0.000000
0.000000
0.000000
0.000000
0.000000
0.000000
0.000000
0.000000
0.000000
0.000085
0.000011
0.000013
0.000000
0.000000
0.000000
0.001506
0.000103
0.000006
0.000000
0.000000
0.000000
0.000411
0.000100
0.003312
0.000000
0.000000
0.000501
0.000000
0.000000
0.000000
0.000257
0.001599
0.002033
0.000000
0.000000
0.000170
0.000000
0.000000
0.000000
0.000000
0.000000
0.000000
0.000000
0.000000
0.000000
0.000000
0.000000
0.000000
0.000000
0.000000
0.000000
0.000000
0.000000
0.000000
0.000327
0.000000
0.000000
0.000076
0.000000
0.000013
0.000036
0.000000
0.000042
0.000149
0.000000
0.000113
0.000126
0.000000
0.000000
0.000253
0.000007
0.000000
0.000180
0.000000
0.000101
0.000000
0.000000
0.000000
0.000000
0.000000
0.000000
0.000000
0.000000
0.000000
0.000000
0.000072
0.000000
0.000000
0.000000
0.000000
0.000000
0.000000
0.000000
0.000481
0.000050
0.000000
0.000000
0.000014
0.000010
0.000000
0.000000
0.000005
0.000000
0.000081
0.000274
0.000000
0.000169
0.000000
0.000000
0.000605
0.000000
0.000000
0.000169
0.000158
0.000000
0.000000
0.000000
0.000000
0.000000
0.000000
0.000000
0.000000
0.000000
0.000000
0.000000
0.000000
0.000000
0.000000
0.000000
0.000000
0.000000
0.000000
0.000323
0.000076
0.000014
0.000067
0.000000
0.000271
0.000000
0.000000
0.000116
0.000099
0.000000
0.001425
0.000064
0.000219
0.000158
0.000013
0.000747
0.000453
0.000182
0.000390
0.000611
