0.001326
0.007085
0.012854
0.001975
0.005492
0.005749
0.002099
0.001998
0.005270
0.001028
0.004037
0.001333
0.000786
0.003572
0.002505
0.000416
0.000220
0.000330
0.580589
0.000585
0.035540
0.026304
0.017536
0.061417
0.020217
0.015636
0.053571
0.018718
0.008406
0.046421
0.004112
0.012962
0.007837
0.006687
0.011699
0.008464
0.001141
0.001373
0.002712
0.000591
0.000000
0.000374
0.000000
0.000000
0.000000
0.000187
0.000000
0.000000
0.000042
0.000000
0.000000
0.000000
0.000000
0.000000
0.000000
0.000000
0.000000
0.000000
0.000000
0.000067
0.000000
0.000000
0.000000
0.000000
0.000000
0.000000
0.000000
0.000000
0.000000
0.000000
0.000000
0.000000
0.000000
0.000000
0.000000
0.000000
0.000000
0.000000
0.000000
0.004760
0.001015
0.000000
0.000000
0.000000
0.000000
0.000000
0.000576
0.000000
0.000542
0.000114
0.000000
0.000000
0.000000
0.000000
0.000000
0.000000
0.000000
0.000000
0.000138
0.000000
0.000000
0.000000
0.000000
0.000000
0.000000
0.000000
0.000000
0.000000
0.000000
0.000000
0.000000
0.000000
0.000000
0.000000
0.000000
0.000000
0.000000
0.000177
0.001138
0.008468
0.000000
0.000000
0.000000
0.000042
0.000071
0.001698
0.000081
0.000381
0.000242
0.000000
0.000000
0.000000
0.000000
0.000000
0.000039
0.000000
0.000000
0.000071
0.000000
0.000000
0.000000
0.000000
0.000000
0.000000
0.000000
0.000000
0.000000
0.000000
0.000000
0.000000
0.000000
0.000000
0.000000
0.000000
0.000000
0.000000
0.000000
0.000000
0.000000
0.000987
0.000000
0.000377
0.000329
0.000000
0.000110
0.000000
0.000000
0.000000
0.000174
0.000000
0.000000
0.000000
0.000000
0.000000
0.000000
0.000000
0.000000
0.000000
0.000000
0.000000
0.000000
0.000000
0.000000
0.000000
0.000000
0.000000
0.000000
0.000000
0.000000
0.000000
0.000000
0.000000
0.000000
0.000000
0.000000
0.000000
0.000000
0.000000
0.000000
0.003310
0.001070
0.000000
0.000085
0.000000
0.000000
0.000000
0.000000
0.000000
0.001060
0.000000
0.000000
0.000000
0.000000
0.000000
0.000000
0.000000
0.000000
0.000000
0.000000
0.000000
0.000000
0.000000
0.000000
0.000000
0.000000
0.000000
0.000000
0.000000
0.000000
0.000000
0.000000
0.000000
0.000000
0.000000
0.000000
0.000000
0.000000
0.000303
0.001184
0.002691
0.000081
0.000533
0.000163
0.000000
0.000000
0.000000
0.000039
0.000082
0.000666
0.000000
0.000000
0.000039
0.000000
0.000000
0.000000
0.000000
0.000000
0.000000
0.000000
0.000000
0.000000
0.000000
0.000000
0.000000
0.000000
0.000000
0.000000
0.000000
0.000000
0.000000
0.000000
0.000000
0.000000
0.000326
0.000000
0.000235
0.000387
0.000000
0.000050
0.000832
0.000000
0.000114
0.000078
0.000000
0.000000
0.000000
0.000000
0.000000
0.000081
0.000000
0.000000
0.000000
0.000000
0.000000
0.000000
0.000000
0.000000
0.000000
0.000000
0.000000
0.000000
0.000000
0.000000
0.000000
0.000000
0.000000
0.000000
0.000000
0.000000
0.000000
0.000000
0.000000
0.000000
0.000042
0.000576
0.000000
0.000605
0.000039
0.000000
0.000576
0.000071
0.000000
0.000039
0.000000
0.000000
0.000000
0.000000
0.000000
0.000000
0.000000
0.000000
0.000000
0.000071
0.000000
0.000000
0.000000
0.000000
0.000000
0.000000
0.000000
0.000000
0.000000
0.000000
0.000000
0.000000
0.000000
0.000000
0.000000
0.000000
0.000000
0.000000
0.000082
0.000067
0.000392
0.000042
0.000000
0.001036
0.000255
0.000715
0.002126
0.000000
0.000000
0.000000
0.000042
0.000000
0.000392
0.000039
0.000000
0.000121
0.000000
0.000000
0.000000
0.000000
0.000000
0.000000
0.000000
0.000000
0.000000
0.000000
0.000000
0.000000
0.000000
0.000000
0.000000
0.000000
0.000000
0.000000
0.000000
0.000000
0.000000
0.000153
0.000000
0.000118
0.000000
0.000000
0.000000
0.000000
0.000000
0.000000
0.000433
0.000000
0.000000
0.000000
0.000000
0.000000
0.000000
0.000000
0.000000
0.000325
0.000000
0.000000
0.000000
0.000000
0.000000
0.000000
0.000000
0.000000
0.000000
0.000000
0.000000
0.000000
0.000000
0.000000
0.000000
0.000000
0.000000
0.000000
0.000000
0.000000
0.000000
0.000396
0.000431
0.000000
0.000000
0.000000
0.000000
0.000000
0.000039
0.000000
0.001472
0.000429
0.000000
0.000000
0.000000
0.000000
0.000078
0.000039
0.001024
0.000103
0.000000
0.000000
0.000000
0.000000
0.000000
0.000000
0.000000
0.000000
0.000000
0.000000
0.000000
0.000000
0.000039
0.000000
0.000000
0.000000
0.000000
0.000000
0.000000
0.000000
0.000000
0.000319
0.000000
0.000000
0.000000
0.000000
0.000000
0.000224
0.000082
0.000160
0.000355
0.000000
0.000000
0.000000
0.000000
0.000000
0.000000
0.000156
0.000000
0.000000
0.000000
0.000000
0.000000
0.000000
0.000000
0.000000
0.000000
0.000000
0.000000
0.000000
0.000000
0.000000
0.000000
0.000039
0.000000
0.000000
0.000000
0.000000
0.000000
0.000000
0.000000
0.000081
0.000000
0.000000
0.000000
0.000000
0.000000
0.000000
0.000000
0.000000
0.000245
0.000000
0.000042
0.000043
0.000000
0.000000
0.000337
0.000000
0.000000
0.000000
0.000000
0.000000
0.000000
0.000000
0.000000
0.000000
0.000000
0.000000
0.000000
0.000000
0.000000
0.000000
0.000039
0.000000
0.000000
0.000000
0.000000
0.000000
0.000000
0.000000
0.000000
0.000175
0.000088
0.000000
0.000000
0.000000
0.000000
0.000000
0.000000
0.000000
0.001291
0.000455
0.000000
0.000000
0.000000
0.001050
0.000000
0.000000
0.000000
0.000000
0.000000
0.000000
0.000000
0.000000
0.000000
0.000000
0.000000
0.000000
0.000000
0.000000
0.000000
0.000533
0.000000
0.000000
0.000000
0.000000
0.000000
0.000000
0.000000
0.000039
0.000071
0.000430
0.000000
0.000000
0.000110
0.000000
0.000000
0.000000
0.000042
0.000442
0.000684
0.000000
0.000000
0.000054
0.000574
0.000000
0.000071
0.000000
0.000000
0.000000
0.000000
0.000000
0.000000
0.000000
0.000000
0.000000
0.000000
0.000000
0.000000
0.000000
0.000000
0.000000
0.000000
0.000000
0.000000
0.000000
0.000000
0.000000
0.000000
0.000000
0.000000
0.000186
0.000000
0.000000
0.000042
0.000000
0.000000
0.000078
0.000000
0.000000
0.000071
0.000000
0.000000
0.000039
0.000000
0.000000
0.000000
0.000000
0.000000
0.000000
0.000000
0.000000
0.000000
0.000000
0.000000
0.000000
0.000000
0.000000
0.000000
0.000000
0.000000
0.000000
0.000000
0.000000
0.000000
0.000071
0.000000
0.000000
0.000000
0.000000
0.000000
0.000039
0.000039
0.000000
0.000000
0.000000
0.000000
0.000000
0.000000
0.000000
0.000071
0.000000
0.000000
0.000000
0.000000
0.000000
0.000000
0.000000
0.000000
0.000000
0.000000
0.000000
0.000000
0.000000
0.000000
0.000000
0.000000
0.000000
0.000000
0.000000
0.000000
0.000000
0.000000
0.000000
0.000000
0.000000
0.000000
0.000000
0.000000
0.000054
0.000000
0.000039
0.000000
0.000000
0.000039
0.000000
0.000000
0.000000
0.000039
0.000000
0.000039
0.000082
0.000039
0.000000
0.000000
0.000000
0.000000
0.000000
0.000000
0.000000
0.000000
0.000000
0.000000
0.000000
0.000000
0.000000
0.000000
0.000000
0.000000
0.000000
0.000000
0.000000
0.000000
0.000000
0.000000
0.000000
0.000000
0.000000
0.000000
0.000000
0.000000
0.000232
0.001331
0.000156
0.000167
0.000676
0.000236
0.000143
0.000071
0.000000
0.562112
0.000000
0.000067
0.000000
0.000000
0.000000
0.000000
0.000000
0.000000
0.000000
0.000000
0.000000
0.000847
0.003384
0.001223
0.002284
0.004145
0.001139
0.000101
0.000287
0.000000
0.000000
0.000000
0.000000
0.000071
0.000000
0.000000
0.000067
0.000000
0.000000
0.000039
0.000042
0.000000
0.000000
0.000043
0.000042
0.000000
0.000000
0.000000
0.000000
0.000139
0.000000
0.000000
0.000000
0.000000
0.000000
0.000000
0.000000
0.000000
0.000000
0.000000
0.000000
0.000000
0.000103
0.000000
0.000000
0.000000
0.000000
0.000039
0.000000
0.000000
0.000671
0.000975
0.000067
0.000180
0.000000
0.000067
0.000000
0.000000
0.000000
0.000000
0.000000
0.000000
0.000000
0.000000
0.000000
0.000000
0.000000
0.000000
0.000000
0.032980
0.000000
0.000138
0.000205
0.000067
0.000000
0.000000
0.000214
0.000000
0.000138
0.000000
0.000000
0.000000
0.000000
0.000000
0.000000
0.000000
0.000000
0.000000
0.000000
0.000000
0.000000
0.000000
0.000000
0.000000
0.000000
0.000000
0.000000
0.000000
0.000000
0.000000
0.000000
0.000000
0.000000
0.000000
0.000000
0.000000
0.000000
0.000000
0.000147
0.017900
0.000000
0.005002
0.000000
0.000000
0.000000
0.001866
0.000000
0.000422
0.001009
0.000000
0.000156
0.000000
0.000000
0.000000
0.000000
0.000000
0.000000
0.000000
0.000000
0.000000
0.000000
0.000000
0.000000
0.000000
0.000000
0.000000
0.000000
0.000000
0.000000
0.000000
0.000000
0.000000
0.000000
0.000000
0.000000
0.000000
0.000000
0.000000
0.000000
0.010091
0.003698
0.000000
0.000000
0.000000
0.000000
0.001161
0.000660
0.000000
0.001916
0.000000
0.000000
0.000000
0.000000
0.000000
0.000103
0.000000
0.000000
0.000000
0.000000
0.000000
0.000000
0.000000
0.000000
0.000000
0.000000
0.000000
0.000000
0.000000
0.000000
0.000000
0.000000
0.000000
0.000000
0.000000
0.000000
0.000067
0.001131
0.004707
0.005211
0.038578
0.000000
0.000000
0.000000
0.000288
0.000860
0.005900
0.000263
0.001579
0.002752
0.000000
0.000000
0.000000
0.000000
0.000000
0.000440
0.000000
0.000000
0.000000
0.000000
0.000000
0.000000
0.000000
0.000000
0.000000
0.000000
0.000000
0.000000
0.000000
0.000000
0.000000
0.000000
0.000000
0.000000
0.000000
0.000000
0.000000
0.000000
0.000000
0.000000
0.010494
0.000000
0.006938
0.001469
0.000000
0.001098
0.000000
0.000000
0.000000
0.000177
0.000000
0.000157
0.000000
0.000000
0.000000
0.000000
0.000000
0.000000
0.000000
0.000000
0.000000
0.000000
0.000000
0.000000
0.000000
0.000000
0.000000
0.000000
0.000000
0.000000
0.000000
0.000000
0.000000
0.000000
0.000000
0.000000
0.000000
0.000000
0.000000
0.000000
0.009357
0.003791
0.000000
0.001016
0.000649
0.000000
0.000000
0.000000
0.000000
0.000712
0.000090
0.000000
0.000114
0.000000
0.000000
0.000000
0.000000
0.000000
0.000000
0.000000
0.000000
0.000000
0.000000
0.000000
0.000000
0.000000
0.000000
0.000000
0.000000
0.000000
0.000000
0.000000
0.000000
0.000071
0.000576
0.000000
0.000000
0.000000
0.004496
0.002599
0.031668
0.001561
0.000646
0.008718
0.000000
0.000000
0.000000
0.000849
0.000631
0.002185
0.000000
0.000000
0.000000
0.000000
0.000000
0.000000
0.000000
0.000000
0.000000
0.000000
0.000000
0.000000
0.000000
0.000000
0.000000
0.000000
0.000000
0.000000
0.000000
0.000000
0.000000
0.000000
0.000000
0.000138
0.002699
0.000000
0.001701
0.001823
0.000000
0.001636
0.008079
0.000000
0.002275
0.000000
0.000000
0.000141
0.000177
0.000000
0.000000
0.000042
0.000000
0.000136
0.000000
0.000000
0.000000
0.000000
0.000000
0.000000
0.000000
0.000000
0.000000
0.000000
0.000000
0.000000
0.000000
0.000000
0.000000
0.000000
0.000000
0.000000
0.000000
0.000000
0.000050
0.000000
0.000844
0.001253
0.000000
0.000999
0.000630
0.000000
0.003265
0.001294
0.000000
0.000000
0.000000
0.000000
0.000000
0.000000
0.000000
0.000113
0.000000
0.000000
0.000000
0.000000
0.000000
0.000000
0.000000
0.000000
0.000000
0.000000
0.000000
0.000000
0.000000
0.000000
0.000000
0.000000
0.000000
0.000000
0.000000
0.000000
0.000000
0.000067
0.000606
0.000494
0.009586
0.001164
0.000780
0.004337
0.004759
0.001191
0.021471
0.000000
0.000089
0.000213
0.000000
0.000207
0.000654
0.000263
0.000114
0.000701
0.000000
0.000000
0.000000
0.000000
0.000000
0.000000
0.000000
0.000000
0.000000
0.000000
0.000000
0.000000
0.000000
0.000000
0.000000
0.000000
0.000000
0.000000
0.001853
0.000000
0.000000
0.000232
0.000000
0.000000
0.000000
0.000000
0.000000
0.000103
0.000000
0.000000
0.001443
0.000000
0.000281
0.000000
0.000000
0.000000
0.000103
0.000000
0.000129
0.000000
0.000000
0.000000
0.000000
0.000000
0.000000
0.000000
0.000000
0.000000
0.000000
0.000039
0.000000
0.000000
0.000000
0.000000
0.000000
0.000000
0.000000
0.005743
0.000000
0.000000
0.000000
0.000850
0.000556
0.000000
0.000000
0.000000
0.000000
0.000000
0.000000
0.000000
0.003761
0.001753
0.000000
0.000000
0.000129
0.000000
0.000000
0.000226
0.000000
0.000000
0.000000
0.000000
0.000000
0.000000
0.000000
0.000000
0.000000
0.000000
0.000042
0.000000
0.000000
0.000000
0.000000
0.000000
0.000000
0.000000
0.000515
0.000042
0.000000
0.000295
0.000000
0.001142
0.000000
0.000000
0.000000
0.000000
0.000000
0.001907
0.000581
0.002041
0.001224
0.000000
0.000000
0.000000
0.000000
0.000000
0.000094
0.000000
0.000000
0.000000
0.000000
0.000000
0.000000
0.000000
0.000000
0.000000
0.000000
0.000000
0.000000
0.000000
0.000000
0.000000
0.000000
0.000000
0.000000
0.001621
0.000042
0.000000
0.000000
0.000000
0.000000
0.001554
0.000000
0.000114
0.000181
0.000000
0.000039
0.000000
0.000000
0.000000
0.002811
0.000000
0.000125
0.000182
0.000000
0.000089
0.000000
0.000000
0.000000
0.000000
0.000000
0.000000
0.000000
0.000000
0.000000
0.000000
0.000000
0.000000
0.000000
0.000000
0.000000
0.000000
0.000000
0.000000
0.004345
0.000039
0.000000
0.000000
0.000000
0.000000
0.000000
0.000383
0.000657
0.000000
0.000308
0.000171
0.000000
0.000000
0.000000
0.000000
0.002608
0.002716
0.000000
0.000232
0.000287
0.000000
0.000000
0.000000
0.000000
0.000000
0.000000
0.000000
0.000000
0.000000
0.000000
0.000000
0.000000
0.000000
0.000000
0.000000
0.000000
0.000000
0.000000
0.000350
0.000043
0.000138
0.000000
0.000000
0.000000
0.000697
0.000118
0.002551
0.000000
0.000000
0.000355
0.000000
0.000000
0.000000
0.000374
0.002318
0.001318
0.000000
0.000000
0.000250
0.000000
0.000000
0.000000
0.000000
0.000000
0.000000
0.000000
0.000000
0.000000
0.000000
0.000000
0.000000
0.000000
0.000000
0.000000
0.000000
0.000000
0.000000
0.000392
0.000000
0.000000
0.000062
0.000000
0.000000
0.000000
0.000000
0.000000
0.000209
0.000000
0.000114
0.000000
0.000000
0.000000
0.000042
0.000000
0.000000
0.000325
0.000000
0.000000
0.000000
0.000000
0.000000
0.000000
0.000000
0.000000
0.000000
0.000000
0.000000
0.000000
0.000000
0.000000
0.000000
0.000000
0.000000
0.000000
0.000000
0.000000
0.000331
0.000000
0.000000
0.000000
0.000000
0.000000
0.000000
0.000000
0.000043
0.000000
0.000000
0.000314
0.000000
0.000000
0.000000
0.000000
0.000227
0.000000
0.000000
0.000260
0.000201
0.000000
0.000000
0.000000
0.000000
0.000000
0.000000
0.000000
0.000000
0.000000
0.000000
0.000000
0.000000
0.000000
0.000000
0.000000
0.000000
0.000000
0.000000
0.000377
0.000000
0.000000
0.000000
0.000000
0.000054
0.000039
0.000000
0.000000
0.000051
0.000000
0.001172
0.000000
0.000285
0.000000
0.000043
0.000289
0.000000
0.000129
0.000114
0.000164
