0.010621
0.015850
0.011582
0.006288
0.017470
0.008924
0.003175
0.003732
0.004336
0.001029
0.002814
0.000593
0.000508
0.003786
0.000691
0.000107
0.000220
0.000237
0.502928
0.000060
0.040375
0.041575
0.032256
0.065829
0.037150
0.048474
0.055622
0.017341
0.012267
0.023514
0.003168
0.009278
0.001637
0.002774
0.010747
0.001916
0.000126
0.000531
0.000467
0.007079
0.000000
0.002177
0.000000
0.000000
0.000000
0.000679
0.000000
0.000283
0.000298
0.000000
0.000069
0.000000
0.000000
0.000000
0.000040
0.000000
0.000000
0.000000
0.000000
0.000019
0.000000
0.000000
0.000000
0.000000
0.000000
0.000000
0.000000
0.000000
0.000000
0.000000
0.000000
0.000000
0.000000
0.000000
0.000000
0.000000
0.000000
0.000000
0.000000
0.012437
0.001890
0.000000
0.000000
0.000000
0.000000
0.000666
0.000139
0.000000
0.000727
0.000000
0.000000
0.000000
0.000000
0.000000
0.000028
0.000000
0.000000
0.000000
0.000000
0.000000
0.000000
0.000000
0.000000
0.000000
0.000000
0.000000
0.000000
0.000000
0.000000
0.000000
0.000000
0.000000
0.000000
0.000000
0.000000
0.000000
0.000000
0.002226
0.001989
0.006099
0.000000
0.000000
0.000000
0.000065
0.000147
0.000644
0.000030
0.000059
0.000209
0.000000
0.000000
0.000000
0.000000
0.000000
0.000000
0.000000
0.000000
0.000146
0.000000
0.000000
0.000000
0.000000
0.000000
0.000000
0.000000
0.000000
0.000000
0.000000
0.000000
0.000000
0.000000
0.000000
0.000000
0.000000
0.000000
0.000000
0.000000
0.000000
0.000000
0.004217
0.000000
0.001358
0.000450
0.000000
0.000066
0.000000
0.000000
0.000000
0.000112
0.000000
0.000025
0.000000
0.000000
0.000000
0.000000
0.000000
0.000036
0.000000
0.000000
0.000000
0.000000
0.000000
0.000000
0.000000
0.000000
0.000000
0.000000
0.000000
0.000000
0.000000
0.000000
0.000000
0.000000
0.000000
0.000000
0.000000
0.000000
0.000000
0.000000
0.013603
0.001376
0.000000
0.001102
0.000266
0.000000
0.000000
0.000000
0.000000
0.000725
0.000019
0.000000
0.000000
0.000000
0.000000
0.000016
0.000213
0.000000
0.000000
0.000000
0.000000
0.000000
0.000000
0.000000
0.000000
0.000000
0.000000
0.000000
0.000000
0.000000
0.000000
0.000000
0.000000
0.000000
0.000000
0.000000
0.000000
0.000000
0.001268
0.001788
0.004937
0.000151
0.000092
0.000474
0.000000
0.000000
0.000000
0.000000
0.000059
0.000047
0.000000
0.000000
0.000033
0.000000
0.000000
0.000092
0.000000
0.000000
0.000000
0.000000
0.000000
0.000000
0.000000
0.000000
0.000000
0.000000
0.000000
0.000000
0.000000
0.000000
0.000000
0.000000
0.000000
0.000000
0.000588
0.000000
0.000161
0.000519
0.000000
0.000145
0.001306
0.000000
0.000275
0.000000
0.000000
0.000000
0.000018
0.000000
0.000000
0.000000
0.000000
0.000125
0.000000
0.000000
0.000043
0.000000
0.000000
0.000000
0.000000
0.000000
0.000000
0.000000
0.000000
0.000000
0.000000
0.000000
0.000000
0.000000
0.000000
0.000000
0.000000
0.000000
0.000000
0.000000
0.000552
0.000143
0.000000
0.000874
0.000073
0.000000
0.001127
0.000836
0.000000
0.000024
0.000000
0.000000
0.000078
0.000000
0.000000
0.000036
0.000000
0.000000
0.000000
0.000000
0.000000
0.000000
0.000000
0.000000
0.000000
0.000000
0.000000
0.000000
0.000000
0.000000
0.000000
0.000000
0.000000
0.000000
0.000000
0.000000
0.000000
0.000000
0.000448
0.000140
0.000728
0.000148
0.000160
0.000645
0.000455
0.000300
0.001224
0.000000
0.000000
0.000000
0.000000
0.000014
0.000000
0.000000
0.000027
0.000054
0.000000
0.000000
0.000000
0.000000
0.000000
0.000000
0.000000
0.000000
0.000000
0.000000
0.000000
0.000000
0.000000
0.000000
0.000000
0.000000
0.000000
0.000000
0.000000
0.000000
0.000000
0.000118
0.000000
0.000031
0.000000
0.000000
0.000000
0.000000
0.000000
0.000000
0.000445
0.000000
0.000060
0.000000
0.000000
0.000000
0.000009
0.000000
0.000000
0.000369
0.000000
0.000000
0.000000
0.000000
0.000000
0.000000
0.000000
0.000000
0.000000
0.000000
0.000000
0.000000
0.000000
0.000000
0.000000
0.000000
0.000000
0.000000
0.000000
0.000000
0.000000
0.000417
0.000019
0.000000
0.000000
0.000000
0.000000
0.000043
0.000000
0.000000
0.001218
0.000113
0.000000
0.000000
0.000000
0.000000
0.000029
0.000000
0.000894
0.000000
0.000000
0.000000
0.000000
0.000000
0.000000
0.000000
0.000000
0.000000
0.000000
0.000000
0.000000
0.000070
0.000000
0.000000
0.000019
0.000000
0.000000
0.000000
0.000000
0.000000
0.000000
0.000194
0.000000
0.000000
0.000000
0.000000
0.000000
0.000037
0.000027
0.000137
0.000084
0.000000
0.000000
0.000000
0.000000
0.000000
0.000000
0.000114
0.000000
0.000000
0.000000
0.000000
0.000000
0.000000
0.000000
0.000000
0.000000
0.000000
0.000000
0.000000
0.000000
0.000000
0.000000
0.000000
0.000000
0.000000
0.000000
0.000000
0.000000
0.000000
0.000000
0.000052
0.000000
0.000019
0.000019
0.000000
0.000000
0.000000
0.000000
0.000000
0.000148
0.000000
0.000050
0.000017
0.000000
0.000025
0.000177
0.000000
0.000000
0.000000
0.000000
0.000000
0.000000
0.000000
0.000000
0.000000
0.000000
0.000000
0.000000
0.000000
0.000000
0.000000
0.000000
0.000000
0.000000
0.000000
0.000000
0.000000
0.000000
0.000000
0.000000
0.000756
0.000017
0.000000
0.000213
0.000000
0.000000
0.000000
0.000000
0.000000
0.001577
0.000239
0.000000
0.000000
0.000000
0.000950
0.000000
0.000043
0.000000
0.000000
0.000000
0.000000
0.000000
0.000000
0.000000
0.000000
0.000000
0.000000
0.000000
0.000000
0.000000
0.000000
0.000000
0.000000
0.000000
0.000000
0.000000
0.000000
0.000000
0.000061
0.000013
0.000297
0.000000
0.000000
0.000014
0.000000
0.000000
0.000000
0.000047
0.000019
0.000051
0.000000
0.000000
0.000000
0.000192
0.000000
0.000000
0.000000
0.000000
0.000000
0.000000
0.000000
0.000000
0.000000
0.000000
0.000000
0.000000
0.000000
0.000000
0.000000
0.000000
0.000000
0.000000
0.000000
0.000000
0.000000
0.000000
0.000000
0.000000
0.000000
0.000000
0.000027
0.000000
0.000000
0.000000
0.000000
0.000000
0.000000
0.000000
0.000000
0.000040
0.000000
0.000000
0.000040
0.000000
0.000000
0.000000
0.000000
0.000000
0.000000
0.000000
0.000000
0.000000
0.000000
0.000000
0.000000
0.000000
0.000000
0.000000
0.000000
0.000000
0.000000
0.000000
0.000000
0.000000
0.000018
0.000000
0.000000
0.000016
0.000000
0.000000
0.000014
0.000016
0.000000
0.000036
0.000000
0.000000
0.000000
0.000000
0.000000
0.000047
0.000000
0.000075
0.000000
0.000000
0.000000
0.000000
0.000000
0.000000
0.000000
0.000000
0.000000
0.000000
0.000000
0.000000
0.000000
0.000000
0.000000
0.000000
0.000000
0.000000
0.000000
0.000000
0.000000
0.000000
0.000000
0.000000
0.000000
0.000000
0.000000
0.000000
0.000025
0.000014
0.000000
0.000000
0.000000
0.000013
0.000167
0.000000
0.000019
0.000000
0.000000
0.000000
0.000000
0.000000
0.000000
0.000000
0.000000
0.000000
0.000000
0.000000
0.000000
0.000000
0.000000
0.000000
0.000000
0.000000
0.000000
0.000000
0.000000
0.000000
0.000000
0.000000
0.000000
0.000000
0.000000
0.000000
0.000000
0.000000
0.000000
0.000000
0.000218
0.000621
0.000058
0.000158
0.001134
0.000057
0.000000
0.000034
0.000000
0.491697
0.000000
0.000016
0.000000
0.000000
0.000000
0.000000
0.000000
0.000000
0.000000
0.000000
0.000000
0.000704
0.001609
0.000165
0.001322
0.003394
0.000298
0.000016
0.000108
0.000017
0.000000
0.000000
0.000000
0.000000
0.000000
0.000000
0.000000
0.000000
0.000000
0.000000
0.000000
0.000000
0.000000
0.000028
0.000000
0.000000
0.000000
0.000000
0.000000
0.000016
0.000000
0.000000
0.000000
0.000000
0.000000
0.000000
0.000016
0.000000
0.000000
0.000000
0.000000
0.000000
0.000000
0.000000
0.000000
0.000000
0.000000
0.000000
0.000000
0.000188
0.000358
0.000170
0.000038
0.000289
0.000073
0.000028
0.000041
0.000043
0.000000
0.000000
0.000000
0.000000
0.000041
0.000000
0.000000
0.000000
0.000000
0.000000
0.000000
0.038218
0.000027
0.000144
0.000306
0.000065
0.000144
0.000117
0.000000
0.000098
0.000036
0.000033
0.000000
0.000000
0.000000
0.000000
0.000000
0.000000
0.000000
0.000000
0.000000
0.000000
0.000000
0.000000
0.000000
0.000000
0.000000
0.000000
0.000000
0.000000
0.000000
0.000000
0.000000
0.000000
0.000000
0.000000
0.000000
0.000000
0.000000
0.000000
0.000124
0.028293
0.000000
0.008932
0.000000
0.000000
0.000000
0.002894
0.000000
0.000836
0.000624
0.000000
0.000051
0.000000
0.000000
0.000000
0.000000
0.000000
0.000000
0.000000
0.000000
0.000000
0.000000
0.000000
0.000000
0.000000
0.000000
0.000000
0.000000
0.000000
0.000000
0.000000
0.000000
0.000000
0.000000
0.000000
0.000000
0.000000
0.000000
0.000427
0.000000
0.019345
0.007066
0.000000
0.000000
0.000000
0.000000
0.002036
0.000178
0.000000
0.003237
0.000072
0.000000
0.000000
0.000000
0.000000
0.000000
0.000000
0.000000
0.000000
0.000000
0.000000
0.000000
0.000000
0.000000
0.000000
0.000000
0.000000
0.000000
0.000000
0.000000
0.000000
0.000000
0.000000
0.000000
0.000000
0.000000
0.000000
0.000180
0.007673
0.009890
0.042074
0.000000
0.000000
0.000000
0.000527
0.000635
0.003958
0.000308
0.000198
0.000585
0.000000
0.000000
0.000000
0.000000
0.000035
0.000000
0.000000
0.000000
0.000000
0.000000
0.000000
0.000000
0.000000
0.000000
0.000000
0.000000
0.000000
0.000000
0.000000
0.000000
0.000000
0.000000
0.000000
0.000000
0.000000
0.000000
0.000072
0.000000
0.000000
0.000000
0.025649
0.000000
0.007523
0.002944
0.000000
0.000909
0.000000
0.000000
0.000000
0.000164
0.000000
0.000041
0.000000
0.000000
0.000000
0.000000
0.000000
0.000000
0.000000
0.000000
0.000000
0.000000
0.000000
0.000000
0.000000
0.000000
0.000000
0.000000
0.000000
0.000000
0.000000
0.000000
0.000000
0.000000
0.000000
0.000344
0.000000
0.000000
0.000000
0.000000
0.033503
0.008405
0.000000
0.002548
0.001639
0.000000
0.000000
0.000000
0.000000
0.002097
0.000000
0.000000
0.000055
0.000000
0.000000
0.000000
0.000000
0.000000
0.000000
0.000000
0.000000
0.000000
0.000000
0.000000
0.000000
0.000000
0.000000
0.000000
0.000000
0.000000
0.000000
0.000000
0.000000
0.000000
0.000266
0.000000
0.000000
0.000000
0.007897
0.007551
0.033164
0.001352
0.000489
0.004181
0.000000
0.000000
0.000000
0.000000
0.000613
0.000291
0.000000
0.000000
0.000000
0.000000
0.000000
0.000000
0.000000
0.000000
0.000000
0.000000
0.000000
0.000000
0.000000
0.000000
0.000000
0.000000
0.000000
0.000000
0.000000
0.000000
0.000000
0.000000
0.000000
0.000158
0.003869
0.000000
0.001550
0.001928
0.000000
0.000748
0.006901
0.000000
0.002004
0.000041
0.000000
0.000028
0.000143
0.000000
0.000000
0.000027
0.000000
0.000028
0.000000
0.000000
0.000000
0.000000
0.000000
0.000000
0.000000
0.000000
0.000000
0.000000
0.000000
0.000000
0.000000
0.000000
0.000000
0.000000
0.000000
0.000000
0.000000
0.000000
0.000033
0.000000
0.001585
0.000680
0.000000
0.002939
0.000774
0.000000
0.004473
0.001714
0.000000
0.000009
0.000000
0.000000
0.000049
0.000009
0.000000
0.000014
0.000000
0.000000
0.000000
0.000000
0.000000
0.000000
0.000000
0.000000
0.000000
0.000000
0.000000
0.000000
0.000000
0.000000
0.000000
0.000000
0.000000
0.000000
0.000000
0.000000
0.000000
0.000038
0.001303
0.000683
0.004439
0.000832
0.001372
0.002481
0.002494
0.001904
0.007646
0.000028
0.000027
0.000075
0.000000
0.000035
0.000000
0.000017
0.000077
0.000161
0.000000
0.000000
0.000000
0.000000
0.000000
0.000000
0.000000
0.000000
0.000000
0.000000
0.000000
0.000000
0.000000
0.000000
0.000000
0.000000
0.000000
0.000000
0.001218
0.000000
0.000000
0.000550
0.000000
0.000052
0.000000
0.000000
0.000000
0.000024
0.000000
0.000000
0.001211
0.000000
0.000078
0.000000
0.000000
0.000000
0.000000
0.000000
0.000000
0.000000
0.000000
0.000000
0.000000
0.000000
0.000000
0.000000
0.000000
0.000000
0.000000
0.000000
0.000000
0.000000
0.000052
0.000000
0.000000
0.000000
0.000000
0.003651
0.000000
0.000000
0.000000
0.000676
0.000407
0.000000
0.000000
0.000000
0.000000
0.000071
0.000069
0.000000
0.003936
0.000370
0.000000
0.000000
0.000000
0.000000
0.000054
0.000033
0.000000
0.000000
0.000000
0.000000
0.000000
0.000000
0.000000
0.000000
0.000000
0.000000
0.000000
0.000000
0.000000
0.000000
0.000000
0.000000
0.000000
0.000000
0.000364
0.000000
0.000000
0.000037
0.000009
0.000567
0.000000
0.000000
0.000000
0.000000
0.000000
0.000000
0.000227
0.000219
0.000216
0.000000
0.000000
0.000000
0.000000
0.000000
0.000000
0.000000
0.000000
0.000000
0.000000
0.000000
0.000000
0.000000
0.000000
0.000000
0.000000
0.000000
0.000000
0.000000
0.000027
0.000000
0.000000
0.000000
0.000000
0.000340
0.000000
0.000016
0.000000
0.000000
0.000000
0.000867
0.000000
0.000131
0.000139
0.000000
0.000000
0.000000
0.000000
0.000000
0.001020
0.000000
0.000087
0.000065
0.000000
0.000093
0.000000
0.000000
0.000000
0.000000
0.000000
0.000000
0.000000
0.000000
0.000000
0.000000
0.000000
0.000000
0.000025
0.000028
0.000038
0.000000
0.000000
0.000000
0.003081
0.000028
0.000013
0.000000
0.000000
0.000000
0.000000
0.001642
0.000722
0.000000
0.000000
0.000040
0.000000
0.000000
0.000000
0.000000
0.004061
0.000972
0.000000
0.000054
0.000078
0.000000
0.000000
0.000000
0.000000
0.000000
0.000000
0.000000
0.000000
0.000000
0.000000
0.000000
0.000000
0.000000
0.000000
0.000000
0.000000
0.000000
0.000000
0.000140
0.000000
0.000000
0.000000
0.000000
0.000000
0.000064
0.000000
0.001096
0.000018
0.000000
0.000122
0.000000
0.000000
0.000000
0.000032
0.000196
0.000196
0.000000
0.000000
0.000057
0.000000
0.000000
0.000000
0.000000
0.000000
0.000000
0.000000
0.000000
0.000000
0.000000
0.000000
0.000000
0.000000
0.000000
0.000000
0.000000
0.000000
0.000000
0.000017
0.000000
0.000000
0.000000
0.000000
0.000000
0.000000
0.000000
0.000000
0.000041
0.000000
0.000040
0.000000
0.000000
0.000000
0.000027
0.000000
0.000000
0.000000
0.000000
0.000000
0.000000
0.000000
0.000000
0.000000
0.000000
0.000000
0.000000
0.000000
0.000000
0.000000
0.000000
0.000000
0.000000
0.000000
0.000000
0.000000
0.000000
0.000000
0.000120
0.000000
0.000000
0.000000
0.000028
0.000000
0.000000
0.000055
0.000000
0.000000
0.000059
0.000073
0.000000
0.000012
0.000000
0.000000
0.000049
0.000000
0.000000
0.000135
0.000000
0.000000
0.000000
0.000000
0.000000
0.000000
0.000000
0.000000
0.000000
0.000000
0.000000
0.000000
0.000000
0.000000
0.000000
0.000000
0.000000
0.000000
0.000000
0.000000
0.000000
0.000000
0.000000
0.000000
0.000019
0.000000
0.000000
0.000000
0.000092
0.000000
0.000168
0.000000
0.000000
0.000000
0.000000
0.000161
0.000028
0.000000
0.000000
0.000000
