0.007702
0.011634
0.010610
0.003198
0.011157
0.007666
0.001913
0.002104
0.002884
0.000842
0.002918
0.000727
0.000719
0.003325
0.000617
0.000098
0.000164
0.000053
0.467010
0.000382
0.029176
0.061300
0.038700
0.091061
0.043408
0.048318
0.059126
0.017478
0.010906
0.027097
0.003012
0.012232
0.003455
0.002299
0.012258
0.002675
0.000485
0.000690
0.000601
0.005396
0.000000
0.001409
0.000000
0.000000
0.000000
0.000477
0.000000
0.000212
0.000090
0.000000
0.000034
0.000000
0.000000
0.000000
0.000006
0.000000
0.000000
0.000000
0.000000
0.000102
0.000000
0.000000
0.000000
0.000000
0.000000
0.000000
0.000000
0.000000
0.000000
0.000000
0.000000
0.000000
0.000000
0.000000
0.000000
0.000000
0.000000
0.000000
0.000000
0.008736
0.001586
0.000000
0.000000
0.000000
0.000000
0.000532
0.000038
0.000000
0.000439
0.000003
0.000000
0.000000
0.000000
0.000000
0.000005
0.000000
0.000000
0.000045
0.000264
0.000000
0.000000
0.000000
0.000000
0.000000
0.000000
0.000000
0.000000
0.000000
0.000000
0.000000
0.000000
0.000000
0.000000
0.000000
0.000000
0.000000
0.000000
0.001583
0.001628
0.006277
0.000000
0.000000
0.000000
0.000064
0.000055
0.000499
0.000017
0.000122
0.000243
0.000000
0.000000
0.000000
0.000000
0.000000
0.000000
0.000000
0.000006
0.000144
0.000000
0.000000
0.000000
0.000000
0.000000
0.000000
0.000000
0.000000
0.000000
0.000000
0.000000
0.000000
0.000000
0.000000
0.000000
0.000000
0.000000
0.000000
0.000000
0.000000
0.000000
0.002014
0.000000
0.000789
0.000212
0.000000
0.000031
0.000000
0.000000
0.000000
0.000092
0.000000
0.000003
0.000003
0.000000
0.000000
0.000000
0.000000
0.000063
0.000000
0.000000
0.000000
0.000000
0.000000
0.000000
0.000000
0.000000
0.000000
0.000000
0.000000
0.000000
0.000000
0.000000
0.000000
0.000000
0.000000
0.000000
0.000000
0.000000
0.000000
0.000000
0.008355
0.001298
0.000000
0.000421
0.000117
0.000000
0.000000
0.000000
0.000000
0.000682
0.000026
0.000000
0.000020
0.000003
0.000000
0.000000
0.000112
0.000000
0.000000
0.000000
0.000000
0.000000
0.000000
0.000000
0.000000
0.000000
0.000000
0.000000
0.000000
0.000000
0.000000
0.000000
0.000000
0.000000
0.000000
0.000000
0.000000
0.000000
0.000731
0.001489
0.004403
0.000106
0.000078
0.000486
0.000000
0.000000
0.000000
0.000053
0.000055
0.000147
0.000000
0.000000
0.000000
0.000000
0.000005
0.000058
0.000000
0.000000
0.000000
0.000000
0.000000
0.000000
0.000000
0.000000
0.000000
0.000000
0.000000
0.000000
0.000000
0.000000
0.000000
0.000000
0.000000
0.000000
0.000302
0.000000
0.000084
0.000253
0.000000
0.000211
0.000778
0.000000
0.000248
0.000006
0.000000
0.000000
0.000005
0.000000
0.000003
0.000013
0.000000
0.000007
0.000000
0.000000
0.000011
0.000000
0.000000
0.000000
0.000000
0.000000
0.000000
0.000000
0.000000
0.000000
0.000000
0.000000
0.000000
0.000000
0.000000
0.000000
0.000000
0.000000
0.000000
0.000000
0.000323
0.000076
0.000000
0.000403
0.000096
0.000000
0.000662
0.000240
0.000000
0.000053
0.000000
0.000000
0.000086
0.000000
0.000000
0.000058
0.000000
0.000000
0.000000
0.000022
0.000000
0.000000
0.000000
0.000000
0.000000
0.000000
0.000000
0.000000
0.000000
0.000000
0.000000
0.000000
0.000000
0.000000
0.000000
0.000000
0.000000
0.000000
0.000137
0.000069
0.000538
0.000059
0.000148
0.000364
0.000172
0.000238
0.000920
0.000000
0.000000
0.000005
0.000006
0.000043
0.000083
0.000033
0.000022
0.000005
0.000000
0.000000
0.000029
0.000000
0.000000
0.000000
0.000000
0.000000
0.000000
0.000000
0.000000
0.000000
0.000000
0.000000
0.000000
0.000000
0.000000
0.000000
0.000000
0.000000
0.000000
0.000191
0.000000
0.000025
0.000000
0.000000
0.000000
0.000029
0.000000
0.000000
0.000288
0.000000
0.000043
0.000000
0.000000
0.000000
0.000025
0.000000
0.000004
0.000243
0.000000
0.000000
0.000000
0.000000
0.000000
0.000000
0.000000
0.000000
0.000000
0.000000
0.000000
0.000000
0.000000
0.000000
0.000000
0.000000
0.000000
0.000000
0.000000
0.000000
0.000000
0.000643
0.000251
0.000000
0.000000
0.000000
0.000000
0.000027
0.000012
0.000000
0.001089
0.000113
0.000000
0.000000
0.000000
0.000000
0.000016
0.000000
0.000709
0.000030
0.000017
0.000000
0.000000
0.000000
0.000000
0.000000
0.000000
0.000000
0.000000
0.000000
0.000000
0.000025
0.000000
0.000000
0.000000
0.000000
0.000000
0.000000
0.000000
0.000027
0.000013
0.000253
0.000000
0.000000
0.000000
0.000005
0.000000
0.000007
0.000079
0.000108
0.000124
0.000000
0.000000
0.000000
0.000000
0.000000
0.000000
0.000109
0.000000
0.000005
0.000000
0.000000
0.000000
0.000000
0.000000
0.000000
0.000000
0.000000
0.000000
0.000000
0.000000
0.000000
0.000000
0.000000
0.000000
0.000000
0.000000
0.000000
0.000000
0.000000
0.000000
0.000075
0.000000
0.000079
0.000027
0.000000
0.000000
0.000000
0.000000
0.000000
0.000268
0.000000
0.000091
0.000004
0.000000
0.000000
0.000164
0.000000
0.000007
0.000000
0.000000
0.000000
0.000000
0.000000
0.000000
0.000000
0.000000
0.000000
0.000000
0.000000
0.000000
0.000000
0.000007
0.000000
0.000000
0.000000
0.000000
0.000000
0.000000
0.000000
0.000000
0.000668
0.000121
0.000000
0.000060
0.000009
0.000000
0.000000
0.000000
0.000000
0.001287
0.000079
0.000000
0.000017
0.000024
0.000975
0.000027
0.000017
0.000000
0.000000
0.000000
0.000000
0.000000
0.000000
0.000000
0.000000
0.000000
0.000000
0.000000
0.000000
0.000000
0.000008
0.000004
0.000000
0.000000
0.000000
0.000000
0.000000
0.000000
0.000015
0.000008
0.000207
0.000000
0.000000
0.000039
0.000000
0.000000
0.000000
0.000034
0.000141
0.000084
0.000000
0.000000
0.000003
0.000084
0.000003
0.000000
0.000000
0.000000
0.000000
0.000000
0.000000
0.000000
0.000000
0.000000
0.000000
0.000000
0.000000
0.000000
0.000000
0.000000
0.000000
0.000000
0.000000
0.000000
0.000000
0.000000
0.000000
0.000000
0.000000
0.000000
0.000031
0.000000
0.000000
0.000040
0.000000
0.000000
0.000003
0.000000
0.000000
0.000009
0.000000
0.000003
0.000009
0.000004
0.000000
0.000000
0.000000
0.000000
0.000000
0.000000
0.000000
0.000000
0.000000
0.000000
0.000000
0.000000
0.000000
0.000000
0.000000
0.000000
0.000000
0.000000
0.000000
0.000000
0.000000
0.000000
0.000000
0.000000
0.000000
0.000000
0.000036
0.000003
0.000000
0.000033
0.000000
0.000000
0.000043
0.000000
0.000000
0.000020
0.000000
0.000029
0.000000
0.000000
0.000000
0.000000
0.000000
0.000000
0.000000
0.000000
0.000000
0.000000
0.000000
0.000000
0.000000
0.000000
0.000000
0.000000
0.000000
0.000000
0.000000
0.000000
0.000013
0.000000
0.000003
0.000000
0.000000
0.000000
0.000000
0.000000
0.000020
0.000007
0.000000
0.000000
0.000000
0.000000
0.000000
0.000000
0.000000
0.000003
0.000000
0.000007
0.000000
0.000000
0.000000
0.000000
0.000000
0.000000
0.000000
0.000000
0.000000
0.000000
0.000000
0.000000
0.000000
0.000000
0.000000
0.000000
0.000000
0.000000
0.000000
0.000000
0.000000
0.000000
0.000000
0.000000
0.000000
0.000000
0.000000
0.000000
0.000301
0.001019
0.000145
0.000227
0.000874
0.000092
0.000006
0.000006
0.000000
0.453503
0.000000
0.000023
0.000000
0.000000
0.000000
0.000000
0.000000
0.000000
0.000000
0.000000
0.000000
0.000908
0.002869
0.000557
0.000941
0.003430
0.000362
0.000055
0.000050
0.000034
0.000000
0.000035
0.000000
0.000000
0.000006
0.000000
0.000000
0.000005
0.000000
0.000007
0.000034
0.000004
0.000000
0.000070
0.000005
0.000000
0.000000
0.000000
0.000000
0.000093
0.000000
0.000000
0.000021
0.000020
0.000005
0.000004
0.000000
0.000000
0.000000
0.000000
0.000000
0.000034
0.000000
0.000000
0.000006
0.000000
0.000000
0.000006
0.000030
0.000061
0.000148
0.000132
0.000046
0.000096
0.000101
0.000020
0.000000
0.000016
0.000000
0.000004
0.000013
0.000000
0.000006
0.000000
0.000000
0.000000
0.000000
0.000022
0.000000
0.027631
0.000150
0.000052
0.000205
0.000115
0.000089
0.000176
0.000080
0.000003
0.000090
0.000006
0.000009
0.000000
0.000000
0.000013
0.000000
0.000000
0.000000
0.000000
0.000000
0.000000
0.000000
0.000000
0.000000
0.000000
0.000000
0.000000
0.000000
0.000000
0.000000
0.000000
0.000000
0.000000
0.000000
0.000000
0.000000
0.000000
0.000000
0.000000
0.000065
0.042289
0.000000
0.014292
0.000000
0.000000
0.000000
0.003191
0.000000
0.000957
0.000591
0.000000
0.000157
0.000000
0.000000
0.000000
0.000034
0.000000
0.000015
0.000000
0.000000
0.000000
0.000000
0.000000
0.000000
0.000000
0.000000
0.000000
0.000000
0.000000
0.000000
0.000000
0.000000
0.000000
0.000000
0.000000
0.000000
0.000000
0.000035
0.000094
0.000000
0.023219
0.009405
0.000000
0.000000
0.000000
0.000000
0.002101
0.000888
0.000000
0.002966
0.000075
0.000000
0.000000
0.000000
0.000000
0.000097
0.000000
0.000000
0.000000
0.000000
0.000000
0.000000
0.000000
0.000000
0.000000
0.000000
0.000000
0.000000
0.000000
0.000000
0.000000
0.000000
0.000000
0.000000
0.000000
0.000000
0.000007
0.000164
0.013603
0.012169
0.057745
0.000000
0.000000
0.000000
0.000823
0.000888
0.004064
0.000127
0.000922
0.000935
0.000000
0.000000
0.000000
0.000006
0.000010
0.000047
0.000000
0.000000
0.000000
0.000000
0.000000
0.000000
0.000000
0.000000
0.000000
0.000000
0.000000
0.000000
0.000000
0.000000
0.000000
0.000000
0.000000
0.000000
0.000000
0.000000
0.000061
0.000000
0.000000
0.000000
0.030882
0.000000
0.008220
0.003045
0.000000
0.001039
0.000000
0.000000
0.000000
0.000200
0.000000
0.000085
0.000016
0.000000
0.000000
0.000000
0.000000
0.000000
0.000000
0.000000
0.000000
0.000000
0.000000
0.000000
0.000000
0.000000
0.000000
0.000000
0.000000
0.000000
0.000000
0.000000
0.000000
0.000000
0.000010
0.000139
0.000000
0.000000
0.000000
0.000000
0.033541
0.009037
0.000000
0.001642
0.001726
0.000000
0.000000
0.000000
0.000000
0.002345
0.000016
0.000000
0.000005
0.000000
0.000000
0.000000
0.000000
0.000000
0.000000
0.000000
0.000000
0.000000
0.000000
0.000000
0.000000
0.000000
0.000000
0.000000
0.000000
0.000000
0.000000
0.000000
0.000000
0.000005
0.000086
0.000000
0.000000
0.000000
0.008614
0.007798
0.035570
0.000952
0.000691
0.004200
0.000000
0.000000
0.000000
0.000059
0.000578
0.000754
0.000010
0.000000
0.000012
0.000000
0.000000
0.000000
0.000000
0.000000
0.000000
0.000000
0.000000
0.000000
0.000000
0.000000
0.000000
0.000000
0.000000
0.000000
0.000000
0.000000
0.000000
0.000000
0.000000
0.000017
0.003030
0.000000
0.001706
0.002338
0.000000
0.001006
0.006948
0.000000
0.002242
0.000017
0.000000
0.000006
0.000053
0.000000
0.000032
0.000121
0.000000
0.000056
0.000000
0.000000
0.000000
0.000000
0.000000
0.000000
0.000000
0.000000
0.000000
0.000000
0.000000
0.000000
0.000000
0.000000
0.000000
0.000000
0.000000
0.000000
0.000000
0.000000
0.000030
0.000000
0.001409
0.000811
0.000000
0.002481
0.000502
0.000000
0.003609
0.001610
0.000000
0.000049
0.000008
0.000000
0.000199
0.000024
0.000000
0.000191
0.000029
0.000000
0.000000
0.000000
0.000000
0.000000
0.000000
0.000000
0.000000
0.000000
0.000000
0.000000
0.000000
0.000000
0.000000
0.000000
0.000000
0.000000
0.000000
0.000000
0.000000
0.000024
0.001617
0.000688
0.005305
0.000873
0.001131
0.002976
0.002322
0.001770
0.009880
0.000004
0.000050
0.000051
0.000006
0.000134
0.000149
0.000040
0.000057
0.000148
0.000000
0.000000
0.000000
0.000000
0.000000
0.000000
0.000000
0.000000
0.000000
0.000000
0.000000
0.000000
0.000000
0.000000
0.000000
0.000000
0.000000
0.000000
0.000970
0.000000
0.000000
0.000526
0.000000
0.000173
0.000000
0.000000
0.000000
0.000028
0.000000
0.000000
0.001066
0.000000
0.000210
0.000000
0.000000
0.000000
0.000041
0.000000
0.000009
0.000000
0.000000
0.000000
0.000000
0.000000
0.000000
0.000000
0.000000
0.000000
0.000007
0.000027
0.000000
0.000000
0.000000
0.000000
0.000000
0.000000
0.000000
0.004572
0.000004
0.000000
0.000000
0.001265
0.000666
0.000000
0.000000
0.000000
0.000000
0.000047
0.000011
0.000027
0.004695
0.000773
0.000000
0.000000
0.000000
0.000000
0.000115
0.000036
0.000000
0.000000
0.000000
0.000000
0.000000
0.000000
0.000000
0.000000
0.000000
0.000000
0.000000
0.000000
0.000000
0.000000
0.000000
0.000000
0.000000
0.000000
0.000396
0.000027
0.000020
0.000364
0.000045
0.001101
0.000000
0.000000
0.000000
0.000000
0.000000
0.000036
0.000174
0.000592
0.000698
0.000000
0.000000
0.000000
0.000000
0.000000
0.000012
0.000000
0.000000
0.000000
0.000000
0.000000
0.000000
0.000000
0.000000
0.000000
0.000000
0.000000
0.000000
0.000000
0.000000
0.000000
0.000000
0.000000
0.000000
0.000510
0.000000
0.000000
0.000000
0.000000
0.000000
0.000501
0.000000
0.000127
0.000123
0.000000
0.000018
0.000000
0.000000
0.000000
0.000845
0.000000
0.000124
0.000028
0.000000
0.000020
0.000000
0.000000
0.000000
0.000000
0.000000
0.000000
0.000000
0.000000
0.000000
0.000000
0.000000
0.000005
0.000033
0.000052
0.000005
0.000000
0.000000
0.000003
0.003994
0.000070
0.000050
0.000000
0.000000
0.000000
0.000000
0.001713
0.000715
0.000000
0.000083
0.000112
0.000000
0.000000
0.000000
0.000000
0.004604
0.000692
0.000000
0.000055
0.000066
0.000000
0.000000
0.000000
0.000000
0.000000
0.000000
0.000000
0.000000
0.000000
0.000000
0.000000
0.000000
0.000000
0.000000
0.000000
0.000000
0.000000
0.000000
0.000351
0.000007
0.000000
0.000000
0.000000
0.000000
0.000192
0.000053
0.000900
0.000010
0.000004
0.000043
0.000000
0.000000
0.000000
0.000126
0.000562
0.000393
0.000000
0.000000
0.000020
0.000000
0.000000
0.000000
0.000000
0.000000
0.000000
0.000000
0.000000
0.000000
0.000000
0.000000
0.000000
0.000000
0.000000
0.000000
0.000000
0.000000
0.000000
0.000098
0.000000
0.000000
0.000006
0.000000
0.000023
0.000023
0.000000
0.000000
0.000030
0.000000
0.000022
0.000096
0.000000
0.000000
0.000073
0.000000
0.000019
0.000089
0.000000
0.000007
0.000000
0.000000
0.000000
0.000000
0.000000
0.000000
0.000000
0.000000
0.000000
0.000000
0.000000
0.000000
0.000000
0.000000
0.000000
0.000000
0.000000
0.000000
0.000084
0.000000
0.000000
0.000000
0.000012
0.000012
0.000000
0.000009
0.000006
0.000000
0.000089
0.000099
0.000000
0.000011
0.000000
0.000000
0.000270
0.000002
0.000000
0.000087
0.000012
0.000000
0.000000
0.000000
0.000000
0.000000
0.000000
0.000000
0.000000
0.000000
0.000000
0.000000
0.000000
0.000000
0.000000
0.000000
0.000000
0.000000
0.000000
0.000032
0.000000
0.000000
0.000000
0.000000
0.000050
0.000000
0.000000
0.000061
0.000013
0.000000
0.000122
0.000000
0.000068
0.000000
0.000003
0.000130
0.000019
0.000049
0.000007
0.000052
