0.007943
0.011904
0.010922
0.003276
0.011647
0.008218
0.002027
0.002181
0.003034
0.000856
0.002981
0.000730
0.000707
0.003460
0.000639
0.000098
0.000184
0.000057
0.464820
0.000389
0.029697
0.061414
0.037985
0.090320
0.043449
0.049570
0.059087
0.017450
0.010593
0.026913
0.002858
0.012085
0.003328
0.002310
0.012487
0.002660
0.000457
0.000662
0.000604
0.005597
0.000000
0.001451
0.000000
0.000000
0.000000
0.000477
0.000000
0.000212
0.000087
0.000000
0.000034
0.000000
0.000000
0.000000
0.000006
0.000000
0.000000
0.000000
0.000000
0.000102
0.000000
0.000000
0.000000
0.000000
0.000000
0.000000
0.000000
0.000000
0.000000
0.000000
0.000000
0.000000
0.000000
0.000000
0.000000
0.000000
0.000000
0.000000
0.000000
0.008941
0.001614
0.000000
0.000000
0.000000
0.000000
0.000532
0.000038
0.000000
0.000457
0.000003
0.000000
0.000000
0.000000
0.000000
0.000009
0.000000
0.000000
0.000045
0.000280
0.000000
0.000000
0.000000
0.000000
0.000000
0.000000
0.000000
0.000000
0.000000
0.000000
0.000000
0.000000
0.000000
0.000000
0.000000
0.000000
0.000000
0.000000
0.001604
0.001663
0.006467
0.000000
0.000000
0.000000
0.000064
0.000055
0.000557
0.000017
0.000119
0.000239
0.000000
0.000000
0.000000
0.000000
0.000000
0.000000
0.000000
0.000013
0.000135
0.000000
0.000000
0.000000
0.000000
0.000000
0.000000
0.000000
0.000000
0.000000
0.000000
0.000000
0.000000
0.000000
0.000000
0.000000
0.000000
0.000000
0.000000
0.000000
0.000000
0.000000
0.002034
0.000000
0.000847
0.000213
0.000000
0.000031
0.000000
0.000000
0.000000
0.000091
0.000000
0.000003
0.000003
0.000000
0.000000
0.000000
0.000000
0.000063
0.000000
0.000000
0.000000
0.000000
0.000000
0.000000
0.000000
0.000000
0.000000
0.000000
0.000000
0.000000
0.000000
0.000000
0.000000
0.000000
0.000000
0.000000
0.000000
0.000000
0.000000
0.000000
0.008717
0.001324
0.000000
0.000453
0.000120
0.000000
0.000000
0.000000
0.000000
0.000720
0.000026
0.000000
0.000020
0.000003
0.000000
0.000000
0.000135
0.000000
0.000000
0.000000
0.000000
0.000000
0.000000
0.000000
0.000000
0.000000
0.000000
0.000000
0.000000
0.000000
0.000000
0.000000
0.000000
0.000000
0.000000
0.000000
0.000000
0.000000
0.000746
0.001580
0.004820
0.000111
0.000078
0.000510
0.000000
0.000000
0.000000
0.000053
0.000061
0.000145
0.000000
0.000000
0.000000
0.000000
0.000005
0.000058
0.000000
0.000000
0.000000
0.000000
0.000000
0.000000
0.000000
0.000000
0.000000
0.000000
0.000000
0.000000
0.000000
0.000000
0.000000
0.000000
0.000000
0.000000
0.000308
0.000000
0.000084
0.000265
0.000000
0.000228
0.000860
0.000000
0.000249
0.000003
0.000000
0.000000
0.000005
0.000000
0.000003
0.000013
0.000000
0.000007
0.000000
0.000000
0.000011
0.000000
0.000000
0.000000
0.000000
0.000000
0.000000
0.000000
0.000000
0.000000
0.000000
0.000000
0.000000
0.000000
0.000000
0.000000
0.000000
0.000000
0.000000
0.000000
0.000349
0.000072
0.000000
0.000436
0.000096
0.000000
0.000680
0.000244
0.000000
0.000053
0.000000
0.000000
0.000086
0.000000
0.000000
0.000058
0.000000
0.000000
0.000000
0.000022
0.000000
0.000000
0.000000
0.000000
0.000000
0.000000
0.000000
0.000000
0.000000
0.000000
0.000000
0.000000
0.000000
0.000000
0.000000
0.000000
0.000000
0.000000
0.000151
0.000069
0.000564
0.000059
0.000148
0.000380
0.000189
0.000267
0.000963
0.000007
0.000000
0.000005
0.000006
0.000043
0.000083
0.000033
0.000022
0.000005
0.000000
0.000000
0.000029
0.000000
0.000000
0.000000
0.000000
0.000000
0.000000
0.000000
0.000000
0.000000
0.000000
0.000000
0.000000
0.000000
0.000000
0.000000
0.000000
0.000000
0.000000
0.000186
0.000000
0.000029
0.000000
0.000000
0.000000
0.000033
0.000000
0.000000
0.000295
0.000000
0.000043
0.000000
0.000000
0.000000
0.000025
0.000000
0.000004
0.000247
0.000000
0.000000
0.000000
0.000000
0.000000
0.000000
0.000000
0.000000
0.000000
0.000000
0.000000
0.000000
0.000000
0.000000
0.000000
0.000000
0.000000
0.000000
0.000000
0.000000
0.000000
0.000647
0.000267
0.000000
0.000000
0.000000
0.000000
0.000027
0.000012
0.000000
0.001115
0.000123
0.000000
0.000000
0.000000
0.000000
0.000016
0.000000
0.000717
0.000030
0.000017
0.000000
0.000000
0.000000
0.000000
0.000000
0.000000
0.000000
0.000000
0.000000
0.000000
0.000025
0.000000
0.000000
0.000000
0.000000
0.000000
0.000000
0.000000
0.000033
0.000013
0.000254
0.000000
0.000000
0.000000
0.000005
0.000000
0.000007
0.000083
0.000101
0.000124
0.000000
0.000000
0.000000
0.000000
0.000000
0.000000
0.000109
0.000000
0.000005
0.000000
0.000000
0.000000
0.000000
0.000000
0.000000
0.000000
0.000000
0.000000
0.000000
0.000000
0.000000
0.000000
0.000000
0.000000
0.000000
0.000000
0.000000
0.000000
0.000000
0.000000
0.000075
0.000000
0.000076
0.000027
0.000000
0.000000
0.000000
0.000000
0.000000
0.000264
0.000000
0.000091
0.000004
0.000000
0.000000
0.000160
0.000000
0.000007
0.000000
0.000000
0.000000
0.000000
0.000000
0.000000
0.000000
0.000000
0.000000
0.000000
0.000000
0.000000
0.000000
0.000007
0.000000
0.000000
0.000000
0.000000
0.000000
0.000000
0.000000
0.000000
0.000674
0.000128
0.000000
0.000057
0.000009
0.000000
0.000000
0.000000
0.000000
0.001339
0.000103
0.000000
0.000017
0.000024
0.000990
0.000027
0.000017
0.000000
0.000000
0.000000
0.000000
0.000000
0.000000
0.000000
0.000000
0.000000
0.000000
0.000000
0.000000
0.000000
0.000008
0.000004
0.000000
0.000000
0.000000
0.000000
0.000000
0.000000
0.000015
0.000008
0.000220
0.000000
0.000000
0.000056
0.000000
0.000000
0.000000
0.000031
0.000139
0.000078
0.000000
0.000000
0.000003
0.000088
0.000003
0.000000
0.000000
0.000000
0.000000
0.000000
0.000000
0.000000
0.000000
0.000000
0.000000
0.000000
0.000000
0.000000
0.000000
0.000000
0.000000
0.000000
0.000000
0.000000
0.000000
0.000000
0.000000
0.000000
0.000000
0.000000
0.000031
0.000000
0.000000
0.000040
0.000000
0.000000
0.000003
0.000000
0.000000
0.000009
0.000000
0.000003
0.000009
0.000004
0.000000
0.000000
0.000000
0.000000
0.000000
0.000000
0.000000
0.000000
0.000000
0.000000
0.000000
0.000000
0.000000
0.000000
0.000000
0.000000
0.000000
0.000000
0.000000
0.000000
0.000000
0.000006
0.000000
0.000000
0.000000
0.000000
0.000036
0.000003
0.000000
0.000033
0.000000
0.000000
0.000047
0.000000
0.000000
0.000027
0.000004
0.000029
0.000000
0.000000
0.000000
0.000000
0.000000
0.000000
0.000000
0.000000
0.000000
0.000000
0.000000
0.000000
0.000000
0.000000
0.000000
0.000000
0.000000
0.000000
0.000000
0.000000
0.000013
0.000000
0.000007
0.000000
0.000000
0.000000
0.000000
0.000000
0.000020
0.000007
0.000000
0.000000
0.000000
0.000000
0.000000
0.000000
0.000000
0.000003
0.000000
0.000007
0.000000
0.000000
0.000000
0.000000
0.000000
0.000000
0.000000
0.000000
0.000000
0.000000
0.000000
0.000000
0.000000
0.000000
0.000000
0.000000
0.000000
0.000000
0.000000
0.000000
0.000000
0.000000
0.000000
0.000000
0.000000
0.000000
0.000000
0.000000
0.000304
0.001048
0.000143
0.000225
0.000908
0.000098
0.000006
0.000015
0.000000
0.451344
0.000000
0.000023
0.000000
0.000000
0.000000
0.000000
0.000000
0.000000
0.000000
0.000000
0.000000
0.000868
0.002799
0.000527
0.000926
0.003520
0.000357
0.000055
0.000047
0.000034
0.000000
0.000035
0.000000
0.000000
0.000006
0.000000
0.000000
0.000005
0.000000
0.000007
0.000034
0.000004
0.000000
0.000070
0.000005
0.000000
0.000000
0.000000
0.000000
0.000093
0.000000
0.000000
0.000021
0.000020
0.000005
0.000004
0.000000
0.000000
0.000000
0.000000
0.000000
0.000034
0.000000
0.000000
0.000006
0.000000
0.000000
0.000013
0.000030
0.000061
0.000148
0.000132
0.000081
0.000096
0.000105
0.000026
0.000000
0.000016
0.000000
0.000004
0.000013
0.000000
0.000006
0.000000
0.000000
0.000000
0.000000
0.000022
0.000000
0.028081
0.000150
0.000046
0.000198
0.000115
0.000089
0.000182
0.000103
0.000000
0.000107
0.000006
0.000009
0.000000
0.000000
0.000013
0.000000
0.000000
0.000000
0.000000
0.000000
0.000000
0.000000
0.000000
0.000000
0.000000
0.000000
0.000000
0.000000
0.000000
0.000000
0.000000
0.000000
0.000000
0.000000
0.000000
0.000000
0.000000
0.000000
0.000000
0.000065
0.042442
0.000000
0.014305
0.000000
0.000000
0.000000
0.003184
0.000000
0.000934
0.000574
0.000000
0.000152
0.000000
0.000000
0.000000
0.000034
0.000000
0.000015
0.000000
0.000000
0.000000
0.000000
0.000000
0.000000
0.000000
0.000000
0.000000
0.000000
0.000000
0.000000
0.000000
0.000000
0.000000
0.000000
0.000000
0.000000
0.000000
0.000035
0.000101
0.000000
0.022746
0.009177
0.000000
0.000000
0.000000
0.000000
0.002077
0.000885
0.000000
0.002972
0.000072
0.000000
0.000000
0.000000
0.000000
0.000097
0.000000
0.000000
0.000000
0.000000
0.000000
0.000000
0.000000
0.000000
0.000000
0.000000
0.000000
0.000000
0.000000
0.000000
0.000000
0.000000
0.000000
0.000000
0.000000
0.000000
0.000007
0.000164
0.013640
0.012030
0.057225
0.000000
0.000000
0.000000
0.000816
0.000904
0.004004
0.000114
0.000920
0.000883
0.000000
0.000000
0.000000
0.000006
0.000010
0.000042
0.000000
0.000000
0.000000
0.000000
0.000000
0.000000
0.000000
0.000000
0.000000
0.000000
0.000000
0.000000
0.000000
0.000000
0.000000
0.000000
0.000000
0.000000
0.000000
0.000000
0.000061
0.000000
0.000000
0.000000
0.030994
0.000000
0.008177
0.003015
0.000000
0.001050
0.000000
0.000000
0.000000
0.000193
0.000000
0.000085
0.000016
0.000000
0.000000
0.000000
0.000000
0.000000
0.000000
0.000000
0.000000
0.000000
0.000000
0.000000
0.000000
0.000000
0.000000
0.000000
0.000000
0.000000
0.000000
0.000000
0.000000
0.000000
0.000010
0.000173
0.000000
0.000000
0.000000
0.000000
0.034701
0.009116
0.000000
0.001570
0.001697
0.000000
0.000000
0.000000
0.000000
0.002436
0.000016
0.000000
0.000005
0.000000
0.000000
0.000000
0.000000
0.000000
0.000000
0.000000
0.000000
0.000000
0.000000
0.000000
0.000000
0.000000
0.000000
0.000000
0.000000
0.000000
0.000000
0.000000
0.000000
0.000005
0.000083
0.000000
0.000000
0.000000
0.008598
0.007869
0.035529
0.000954
0.000638
0.004191
0.000000
0.000000
0.000000
0.000069
0.000575
0.000762
0.000010
0.000000
0.000012
0.000000
0.000000
0.000000
0.000000
0.000000
0.000000
0.000000
0.000000
0.000000
0.000000
0.000000
0.000000
0.000000
0.000000
0.000000
0.000000
0.000000
0.000000
0.000000
0.000000
0.000017
0.002967
0.000000
0.001733
0.002313
0.000000
0.001005
0.006970
0.000000
0.002269
0.000012
0.000000
0.000006
0.000076
0.000000
0.000027
0.000093
0.000000
0.000056
0.000000
0.000000
0.000000
0.000000
0.000000
0.000000
0.000000
0.000000
0.000000
0.000000
0.000000
0.000000
0.000000
0.000000
0.000000
0.000000
0.000000
0.000000
0.000000
0.000000
0.000030
0.000000
0.001375
0.000708
0.000000
0.002447
0.000487
0.000000
0.003497
0.001605
0.000000
0.000049
0.000008
0.000000
0.000187
0.000024
0.000000
0.000191
0.000029
0.000000
0.000000
0.000000
0.000000
0.000000
0.000000
0.000000
0.000000
0.000000
0.000000
0.000000
0.000000
0.000000
0.000000
0.000000
0.000000
0.000000
0.000000
0.000000
0.000000
0.000030
0.001620
0.000685
0.005396
0.000846
0.001163
0.002891
0.002290
0.001720
0.009792
0.000004
0.000050
0.000046
0.000006
0.000134
0.000125
0.000040
0.000057
0.000148
0.000000
0.000000
0.000000
0.000000
0.000000
0.000000
0.000000
0.000000
0.000000
0.000000
0.000000
0.000000
0.000000
0.000000
0.000000
0.000000
0.000000
0.000000
0.000905
0.000000
0.000000
0.000510
0.000000
0.000167
0.000000
0.000000
0.000000
0.000028
0.000000
0.000000
0.001011
0.000000
0.000199
0.000000
0.000000
0.000000
0.000041
0.000000
0.000009
0.000000
0.000000
0.000000
0.000000
0.000000
0.000000
0.000000
0.000000
0.000000
0.000007
0.000027
0.000000
0.000000
0.000000
0.000000
0.000000
0.000000
0.000000
0.004547
0.000004
0.000000
0.000000
0.001206
0.000677
0.000000
0.000000
0.000000
0.000000
0.000040
0.000011
0.000027
0.004643
0.000786
0.000000
0.000000
0.000000
0.000000
0.000088
0.000036
0.000000
0.000000
0.000000
0.000000
0.000000
0.000000
0.000000
0.000000
0.000000
0.000000
0.000000
0.000000
0.000000
0.000000
0.000000
0.000000
0.000000
0.000000
0.000362
0.000027
0.000020
0.000365
0.000042
0.001074
0.000000
0.000000
0.000000
0.000000
0.000000
0.000036
0.000172
0.000563
0.000664
0.000000
0.000000
0.000000
0.000000
0.000000
0.000012
0.000000
0.000000
0.000000
0.000000
0.000000
0.000000
0.000000
0.000000
0.000000
0.000000
0.000000
0.000000
0.000000
0.000000
0.000000
0.000000
0.000000
0.000000
0.000529
0.000000
0.000000
0.000000
0.000000
0.000000
0.000500
0.000000
0.000114
0.000123
0.000000
0.000018
0.000000
0.000000
0.000000
0.000851
0.000000
0.000124
0.000028
0.000000
0.000020
0.000000
0.000000
0.000000
0.000000
0.000000
0.000000
0.000000
0.000000
0.000000
0.000000
0.000000
0.000005
0.000033
0.000052
0.000005
0.000000
0.000000
0.000003
0.004052
0.000070
0.000050
0.000000
0.000000
0.000000
0.000000
0.001723
0.000755
0.000000
0.000083
0.000112
0.000000
0.000000
0.000000
0.000000
0.004687
0.000723
0.000000
0.000050
0.000078
0.000000
0.000000
0.000000
0.000000
0.000000
0.000000
0.000000
0.000000
0.000000
0.000000
0.000000
0.000000
0.000000
0.000000
0.000000
0.000000
0.000000
0.000000
0.000348
0.000007
0.000000
0.000000
0.000000
0.000000
0.000192
0.000048
0.000930
0.000010
0.000004
0.000043
0.000000
0.000000
0.000000
0.000126
0.000544
0.000374
0.000000
0.000000
0.000020
0.000000
0.000000
0.000000
0.000000
0.000000
0.000000
0.000000
0.000000
0.000000
0.000000
0.000000
0.000000
0.000000
0.000000
0.000000
0.000000
0.000000
0.000000
0.000098
0.000000
0.000000
0.000006
0.000000
0.000023
0.000023
0.000000
0.000000
0.000030
0.000000
0.000022
0.000075
0.000000
0.000000
0.000067
0.000000
0.000019
0.000089
0.000000
0.000007
0.000000
0.000000
0.000000
0.000000
0.000000
0.000000
0.000000
0.000000
0.000000
0.000000
0.000000
0.000000
0.000000
0.000000
0.000000
0.000000
0.000000
0.000000
0.000084
0.000000
0.000000
0.000000
0.000012
0.000012
0.000000
0.000009
0.000012
0.000000
0.000081
0.000072
0.000000
0.000011
0.000000
0.000000
0.000270
0.000002
0.000000
0.000087
0.000012
0.000000
0.000000
0.000000
0.000000
0.000000
0.000000
0.000000
0.000000
0.000000
0.000000
0.000000
0.000000
0.000000
0.000000
0.000000
0.000000
0.000000
0.000000
0.000027
0.000000
0.000000
0.000000
0.000000
0.000056
0.000000
0.000000
0.000061
0.000013
0.000000
0.000128
0.000000
0.000068
0.000000
0.000003
0.000130
0.000019
0.000049
0.000007
0.000047
