0.010404
0.015527
0.011345
0.006251
0.017479
0.008772
0.003110
0.003656
0.004248
0.001008
0.002757
0.000581
0.000559
0.004105
0.000708
0.000105
0.000216
0.000232
0.499918
0.000058
0.039551
0.042938
0.032090
0.067111
0.039923
0.047238
0.056444
0.017546
0.011462
0.023725
0.003139
0.008897
0.001675
0.002912
0.011083
0.002126
0.000123
0.000520
0.000457
0.006935
0.000000
0.002133
0.000000
0.000000
0.000000
0.000665
0.000000
0.000278
0.000292
0.000000
0.000068
0.000000
0.000000
0.000000
0.000039
0.000000
0.000000
0.000000
0.000000
0.000019
0.000000
0.000000
0.000000
0.000000
0.000000
0.000000
0.000000
0.000000
0.000000
0.000000
0.000000
0.000000
0.000000
0.000000
0.000000
0.000000
0.000000
0.000000
0.000000
0.012183
0.001852
0.000000
0.000000
0.000000
0.000000
0.000653
0.000136
0.000000
0.000712
0.000000
0.000000
0.000000
0.000000
0.000000
0.000028
0.000000
0.000000
0.000000
0.000000
0.000000
0.000000
0.000000
0.000000
0.000000
0.000000
0.000000
0.000000
0.000000
0.000000
0.000000
0.000000
0.000000
0.000000
0.000000
0.000000
0.000000
0.000000
0.002180
0.001948
0.005975
0.000000
0.000000
0.000000
0.000064
0.000144
0.000631
0.000029
0.000058
0.000204
0.000000
0.000000
0.000000
0.000000
0.000000
0.000000
0.000000
0.000000
0.000143
0.000000
0.000000
0.000000
0.000000
0.000000
0.000000
0.000000
0.000000
0.000000
0.000000
0.000000
0.000000
0.000000
0.000000
0.000000
0.000000
0.000000
0.000000
0.000000
0.000000
0.000000
0.004192
0.000000
0.001330
0.000440
0.000000
0.000065
0.000000
0.000000
0.000000
0.000140
0.000000
0.000025
0.000000
0.000000
0.000000
0.000000
0.000000
0.000036
0.000000
0.000000
0.000000
0.000000
0.000000
0.000000
0.000000
0.000000
0.000000
0.000000
0.000000
0.000000
0.000000
0.000000
0.000000
0.000000
0.000000
0.000000
0.000000
0.000000
0.000000
0.000000
0.013599
0.001348
0.000000
0.001079
0.000261
0.000000
0.000000
0.000000
0.000000
0.000801
0.000019
0.000000
0.000000
0.000000
0.000000
0.000015
0.000209
0.000000
0.000000
0.000000
0.000000
0.000000
0.000000
0.000000
0.000000
0.000000
0.000000
0.000000
0.000000
0.000000
0.000000
0.000000
0.000000
0.000000
0.000000
0.000000
0.000000
0.000000
0.001272
0.001752
0.004837
0.000148
0.000090
0.000465
0.000000
0.000000
0.000000
0.000000
0.000058
0.000046
0.000000
0.000000
0.000032
0.000000
0.000000
0.000091
0.000000
0.000000
0.000000
0.000000
0.000000
0.000000
0.000000
0.000000
0.000000
0.000000
0.000000
0.000000
0.000000
0.000000
0.000000
0.000000
0.000000
0.000000
0.000576
0.000000
0.000158
0.000508
0.000000
0.000142
0.001280
0.000000
0.000270
0.000000
0.000000
0.000000
0.000018
0.000000
0.000000
0.000000
0.000000
0.000123
0.000000
0.000000
0.000042
0.000000
0.000000
0.000000
0.000000
0.000000
0.000000
0.000000
0.000000
0.000000
0.000000
0.000000
0.000000
0.000000
0.000000
0.000000
0.000000
0.000000
0.000000
0.000000
0.000541
0.000140
0.000000
0.000857
0.000072
0.000000
0.001104
0.000819
0.000000
0.000024
0.000000
0.000000
0.000076
0.000000
0.000000
0.000035
0.000000
0.000000
0.000000
0.000000
0.000000
0.000000
0.000000
0.000000
0.000000
0.000000
0.000000
0.000000
0.000000
0.000000
0.000000
0.000000
0.000000
0.000000
0.000000
0.000000
0.000000
0.000000
0.000439
0.000137
0.000713
0.000145
0.000157
0.000632
0.000446
0.000294
0.001199
0.000000
0.000000
0.000000
0.000000
0.000014
0.000000
0.000000
0.000027
0.000053
0.000000
0.000000
0.000000
0.000000
0.000000
0.000000
0.000000
0.000000
0.000000
0.000000
0.000000
0.000000
0.000000
0.000000
0.000000
0.000000
0.000000
0.000000
0.000000
0.000000
0.000000
0.000115
0.000000
0.000030
0.000000
0.000000
0.000000
0.000000
0.000000
0.000000
0.000436
0.000000
0.000058
0.000000
0.000000
0.000000
0.000009
0.000000
0.000000
0.000361
0.000000
0.000000
0.000000
0.000000
0.000000
0.000000
0.000000
0.000000
0.000000
0.000000
0.000000
0.000000
0.000000
0.000000
0.000000
0.000000
0.000000
0.000000
0.000000
0.000000
0.000000
0.000408
0.000019
0.000000
0.000000
0.000000
0.000000
0.000042
0.000000
0.000000
0.001193
0.000111
0.000000
0.000000
0.000000
0.000000
0.000029
0.000000
0.000876
0.000000
0.000000
0.000000
0.000000
0.000000
0.000000
0.000000
0.000000
0.000000
0.000000
0.000000
0.000000
0.000068
0.000000
0.000000
0.000019
0.000000
0.000000
0.000000
0.000000
0.000000
0.000000
0.000190
0.000000
0.000000
0.000000
0.000000
0.000000
0.000037
0.000026
0.000134
0.000082
0.000000
0.000000
0.000000
0.000000
0.000000
0.000000
0.000112
0.000000
0.000000
0.000000
0.000000
0.000000
0.000000
0.000000
0.000000
0.000000
0.000000
0.000000
0.000000
0.000000
0.000000
0.000000
0.000000
0.000000
0.000000
0.000000
0.000000
0.000000
0.000000
0.000000
0.000051
0.000000
0.000019
0.000019
0.000000
0.000000
0.000000
0.000000
0.000000
0.000175
0.000000
0.000049
0.000017
0.000000
0.000025
0.000204
0.000000
0.000000
0.000000
0.000000
0.000000
0.000000
0.000000
0.000000
0.000000
0.000000
0.000000
0.000000
0.000000
0.000000
0.000000
0.000000
0.000000
0.000000
0.000000
0.000000
0.000000
0.000000
0.000000
0.000000
0.000832
0.000017
0.000000
0.000208
0.000000
0.000000
0.000000
0.000000
0.000000
0.001728
0.000265
0.000000
0.000000
0.000000
0.001022
0.000000
0.000042
0.000000
0.000000
0.000000
0.000000
0.000000
0.000000
0.000000
0.000000
0.000000
0.000000
0.000000
0.000000
0.000000
0.000000
0.000000
0.000000
0.000000
0.000000
0.000000
0.000000
0.000000
0.000060
0.000013
0.000322
0.000000
0.000000
0.000013
0.000000
0.000000
0.000000
0.000046
0.000019
0.000049
0.000000
0.000000
0.000000
0.000188
0.000000
0.000000
0.000000
0.000000
0.000000
0.000000
0.000000
0.000000
0.000000
0.000000
0.000000
0.000000
0.000000
0.000000
0.000000
0.000000
0.000000
0.000000
0.000000
0.000000
0.000000
0.000000
0.000000
0.000000
0.000000
0.000000
0.000026
0.000000
0.000000
0.000000
0.000000
0.000000
0.000000
0.000000
0.000000
0.000039
0.000000
0.000000
0.000039
0.000000
0.000000
0.000000
0.000000
0.000000
0.000000
0.000000
0.000000
0.000000
0.000000
0.000000
0.000000
0.000000
0.000000
0.000000
0.000000
0.000000
0.000000
0.000000
0.000000
0.000000
0.000018
0.000000
0.000000
0.000015
0.000000
0.000000
0.000013
0.000015
0.000000
0.000035
0.000000
0.000000
0.000000
0.000000
0.000000
0.000046
0.000000
0.000073
0.000000
0.000000
0.000000
0.000000
0.000000
0.000000
0.000000
0.000000
0.000000
0.000000
0.000000
0.000000
0.000000
0.000000
0.000000
0.000000
0.000000
0.000000
0.000000
0.000000
0.000000
0.000000
0.000000
0.000000
0.000000
0.000000
0.000000
0.000000
0.000025
0.000013
0.000000
0.000000
0.000000
0.000013
0.000163
0.000000
0.000019
0.000000
0.000000
0.000000
0.000000
0.000000
0.000000
0.000000
0.000000
0.000000
0.000000
0.000000
0.000000
0.000000
0.000000
0.000000
0.000000
0.000000
0.000000
0.000000
0.000000
0.000000
0.000000
0.000000
0.000000
0.000000
0.000000
0.000000
0.000000
0.000000
0.000000
0.000000
0.000213
0.000609
0.000057
0.000155
0.001233
0.000056
0.000000
0.000033
0.000000
0.488522
0.000000
0.000015
0.000000
0.000000
0.000000
0.000000
0.000000
0.000000
0.000000
0.000000
0.000000
0.000690
0.001668
0.000162
0.001295
0.003523
0.000353
0.000015
0.000106
0.000017
0.000000
0.000000
0.000000
0.000000
0.000000
0.000000
0.000000
0.000000
0.000000
0.000000
0.000000
0.000000
0.000000
0.000028
0.000000
0.000000
0.000000
0.000000
0.000000
0.000015
0.000000
0.000000
0.000000
0.000000
0.000000
0.000000
0.000015
0.000000
0.000000
0.000000
0.000000
0.000000
0.000000
0.000000
0.000000
0.000000
0.000000
0.000000
0.000000
0.000184
0.000351
0.000167
0.000037
0.000283
0.000072
0.000028
0.000040
0.000042
0.000000
0.000000
0.000000
0.000000
0.000041
0.000000
0.000000
0.000000
0.000000
0.000000
0.000000
0.037438
0.000026
0.000141
0.000300
0.000063
0.000141
0.000115
0.000000
0.000096
0.000036
0.000032
0.000000
0.000000
0.000000
0.000000
0.000000
0.000000
0.000000
0.000000
0.000000
0.000000
0.000000
0.000000
0.000000
0.000000
0.000000
0.000000
0.000000
0.000000
0.000000
0.000000
0.000000
0.000000
0.000000
0.000000
0.000000
0.000000
0.000000
0.000000
0.000122
0.029454
0.000000
0.009025
0.000000
0.000000
0.000000
0.002896
0.000000
0.000885
0.000647
0.000000
0.000086
0.000000
0.000000
0.000000
0.000000
0.000000
0.000000
0.000000
0.000000
0.000000
0.000000
0.000000
0.000000
0.000000
0.000000
0.000000
0.000000
0.000000
0.000000
0.000000
0.000000
0.000000
0.000000
0.000000
0.000000
0.000000
0.000000
0.000418
0.000000
0.019405
0.007296
0.000000
0.000000
0.000000
0.000000
0.001944
0.000174
0.000000
0.002879
0.000070
0.000000
0.000000
0.000000
0.000000
0.000000
0.000000
0.000000
0.000000
0.000000
0.000000
0.000000
0.000000
0.000000
0.000000
0.000000
0.000000
0.000000
0.000000
0.000000
0.000000
0.000000
0.000000
0.000000
0.000000
0.000000
0.000000
0.000176
0.007901
0.009879
0.042926
0.000000
0.000000
0.000000
0.000547
0.000622
0.004083
0.000302
0.000297
0.000573
0.000000
0.000000
0.000000
0.000000
0.000035
0.000000
0.000000
0.000000
0.000000
0.000000
0.000000
0.000000
0.000000
0.000000
0.000000
0.000000
0.000000
0.000000
0.000000
0.000000
0.000000
0.000000
0.000000
0.000000
0.000000
0.000000
0.000070
0.000000
0.000000
0.000000
0.028397
0.000000
0.007580
0.002907
0.000000
0.000853
0.000000
0.000000
0.000000
0.000191
0.000000
0.000070
0.000000
0.000000
0.000000
0.000000
0.000000
0.000000
0.000000
0.000000
0.000000
0.000000
0.000000
0.000000
0.000000
0.000000
0.000000
0.000000
0.000000
0.000000
0.000000
0.000000
0.000000
0.000000
0.000000
0.000337
0.000000
0.000000
0.000000
0.000000
0.032762
0.008115
0.000000
0.002412
0.001606
0.000000
0.000000
0.000000
0.000000
0.002054
0.000000
0.000000
0.000054
0.000000
0.000000
0.000000
0.000000
0.000000
0.000000
0.000000
0.000000
0.000000
0.000000
0.000000
0.000000
0.000000
0.000000
0.000000
0.000000
0.000000
0.000000
0.000000
0.000000
0.000000
0.000261
0.000000
0.000000
0.000000
0.007932
0.007116
0.034193
0.001421
0.000515
0.004087
0.000000
0.000000
0.000000
0.000036
0.000631
0.000382
0.000000
0.000000
0.000000
0.000000
0.000000
0.000000
0.000000
0.000000
0.000000
0.000000
0.000000
0.000000
0.000000
0.000000
0.000000
0.000000
0.000000
0.000000
0.000000
0.000000
0.000000
0.000000
0.000000
0.000155
0.003882
0.000000
0.001554
0.001950
0.000000
0.000732
0.007071
0.000000
0.002023
0.000040
0.000000
0.000028
0.000140
0.000000
0.000000
0.000027
0.000000
0.000028
0.000000
0.000000
0.000000
0.000000
0.000000
0.000000
0.000000
0.000000
0.000000
0.000000
0.000000
0.000000
0.000000
0.000000
0.000000
0.000000
0.000000
0.000000
0.000000
0.000000
0.000032
0.000000
0.001474
0.000732
0.000000
0.002975
0.000612
0.000000
0.003999
0.001563
0.000000
0.000009
0.000000
0.000000
0.000048
0.000009
0.000000
0.000013
0.000000
0.000000
0.000000
0.000000
0.000000
0.000000
0.000000
0.000000
0.000000
0.000000
0.000000
0.000000
0.000000
0.000000
0.000000
0.000000
0.000000
0.000000
0.000000
0.000000
0.000000
0.000037
0.001277
0.000559
0.004448
0.000815
0.001344
0.002592
0.002479
0.001786
0.008008
0.000028
0.000027
0.000073
0.000031
0.000035
0.000031
0.000017
0.000075
0.000158
0.000000
0.000000
0.000000
0.000000
0.000000
0.000000
0.000000
0.000000
0.000000
0.000000
0.000000
0.000000
0.000000
0.000000
0.000000
0.000000
0.000000
0.000000
0.001230
0.000000
0.000000
0.000539
0.000000
0.000051
0.000000
0.000000
0.000000
0.000024
0.000000
0.000000
0.001186
0.000000
0.000076
0.000000
0.000000
0.000000
0.000000
0.000000
0.000000
0.000000
0.000000
0.000000
0.000000
0.000000
0.000000
0.000000
0.000000
0.000000
0.000000
0.000000
0.000000
0.000000
0.000051
0.000000
0.000000
0.000000
0.000000
0.003387
0.000000
0.000000
0.000000
0.000692
0.000460
0.000000
0.000000
0.000000
0.000000
0.000070
0.000067
0.000000
0.003758
0.000363
0.000000
0.000000
0.000000
0.000000
0.000053
0.000032
0.000000
0.000000
0.000000
0.000000
0.000000
0.000000
0.000000
0.000000
0.000000
0.000000
0.000000
0.000000
0.000000
0.000000
0.000000
0.000000
0.000000
0.000000
0.000393
0.000000
0.000000
0.000036
0.000009
0.000556
0.000000
0.000000
0.000000
0.000000
0.000000
0.000000
0.000223
0.000215
0.000248
0.000000
0.000000
0.000000
0.000000
0.000000
0.000000
0.000000
0.000000
0.000000
0.000000
0.000000
0.000000
0.000000
0.000000
0.000000
0.000000
0.000000
0.000000
0.000000
0.000026
0.000000
0.000000
0.000000
0.000000
0.000430
0.000000
0.000015
0.000000
0.000000
0.000000
0.000849
0.000000
0.000128
0.000136
0.000000
0.000000
0.000000
0.000000
0.000000
0.001096
0.000000
0.000085
0.000064
0.000000
0.000091
0.000000
0.000000
0.000000
0.000000
0.000000
0.000000
0.000000
0.000000
0.000000
0.000000
0.000000
0.000000
0.000025
0.000028
0.000037
0.000000
0.000000
0.000000
0.003146
0.000028
0.000013
0.000000
0.000000
0.000000
0.000000
0.001736
0.000778
0.000000
0.000000
0.000040
0.000000
0.000000
0.000000
0.000000
0.004207
0.000952
0.000000
0.000053
0.000076
0.000000
0.000000
0.000000
0.000000
0.000000
0.000000
0.000000
0.000000
0.000000
0.000000
0.000000
0.000000
0.000000
0.000000
0.000000
0.000000
0.000000
0.000000
0.000198
0.000000
0.000000
0.000000
0.000000
0.000000
0.000063
0.000000
0.001134
0.000018
0.000000
0.000119
0.000000
0.000000
0.000000
0.000032
0.000289
0.000222
0.000000
0.000000
0.000056
0.000000
0.000000
0.000000
0.000000
0.000000
0.000000
0.000000
0.000000
0.000000
0.000000
0.000000
0.000000
0.000000
0.000000
0.000000
0.000000
0.000000
0.000000
0.000017
0.000000
0.000000
0.000000
0.000000
0.000000
0.000000
0.000000
0.000000
0.000041
0.000000
0.000039
0.000000
0.000000
0.000000
0.000027
0.000000
0.000000
0.000000
0.000000
0.000000
0.000000
0.000000
0.000000
0.000000
0.000000
0.000000
0.000000
0.000000
0.000000
0.000000
0.000000
0.000000
0.000000
0.000000
0.000000
0.000000
0.000000
0.000000
0.000117
0.000000
0.000000
0.000000
0.000028
0.000000
0.000000
0.000054
0.000000
0.000000
0.000058
0.000072
0.000000
0.000012
0.000000
0.000000
0.000048
0.000000
0.000000
0.000132
0.000000
0.000000
0.000000
0.000000
0.000000
0.000000
0.000000
0.000000
0.000000
0.000000
0.000000
0.000000
0.000000
0.000000
0.000000
0.000000
0.000000
0.000000
0.000000
0.000000
0.000000
0.000000
0.000000
0.000000
0.000019
0.000000
0.000000
0.000000
0.000090
0.000000
0.000164
0.000000
0.000000
0.000000
0.000000
0.000158
0.000028
0.000000
0.000000
0.000000
