0.004757
0.009603
0.016087
0.003042
0.011029
0.011262
0.003285
0.004118
0.012066
0.001766
0.004820
0.001757
0.000833
0.006901
0.002040
0.000289
0.000877
0.001387
0.465876
0.000694
0.044300
0.019777
0.011519
0.079078
0.019869
0.024244
0.070930
0.016468
0.013791
0.072850
0.004883
0.015513
0.007468
0.004600
0.017283
0.009071
0.001054
0.001270
0.003543
0.001885
0.000000
0.001325
0.000000
0.000000
0.000000
0.000614
0.000000
0.000338
0.000435
0.000000
0.000138
0.000000
0.000000
0.000000
0.000000
0.000000
0.000000
0.000000
0.000000
0.000038
0.000000
0.000000
0.000000
0.000000
0.000000
0.000000
0.000000
0.000000
0.000000
0.000000
0.000000
0.000000
0.000000
0.000000
0.000000
0.000000
0.000000
0.000000
0.000000
0.006633
0.000802
0.000000
0.000000
0.000000
0.000000
0.000492
0.000518
0.000000
0.001187
0.000000
0.000000
0.000000
0.000000
0.000000
0.000000
0.000000
0.000000
0.000000
0.000000
0.000000
0.000000
0.000000
0.000000
0.000000
0.000000
0.000000
0.000000
0.000000
0.000000
0.000000
0.000000
0.000000
0.000000
0.000000
0.000000
0.000000
0.000000
0.001721
0.001743
0.009772
0.000000
0.000000
0.000000
0.000350
0.000435
0.001087
0.000055
0.000199
0.000539
0.000000
0.000000
0.000000
0.000000
0.000000
0.000026
0.000000
0.000000
0.000265
0.000000
0.000000
0.000000
0.000000
0.000000
0.000000
0.000000
0.000000
0.000000
0.000000
0.000000
0.000000
0.000000
0.000000
0.000000
0.000000
0.000000
0.000000
0.000000
0.000000
0.000000
0.001289
0.000000
0.001339
0.000247
0.000000
0.000094
0.000000
0.000000
0.000000
0.000050
0.000000
0.000037
0.000000
0.000000
0.000000
0.000000
0.000000
0.000000
0.000000
0.000000
0.000000
0.000000
0.000000
0.000000
0.000000
0.000000
0.000000
0.000000
0.000000
0.000000
0.000000
0.000000
0.000000
0.000000
0.000000
0.000000
0.000000
0.000000
0.000000
0.000000
0.007292
0.001065
0.000000
0.000319
0.000707
0.000000
0.000000
0.000000
0.000000
0.001159
0.000019
0.000000
0.000000
0.000000
0.000000
0.000031
0.000486
0.000000
0.000000
0.000000
0.000000
0.000000
0.000000
0.000000
0.000000
0.000000
0.000000
0.000000
0.000000
0.000000
0.000000
0.000000
0.000000
0.000000
0.000000
0.000000
0.000000
0.000000
0.000608
0.001542
0.006521
0.000249
0.000336
0.001275
0.000000
0.000000
0.000000
0.000118
0.000113
0.000233
0.000000
0.000000
0.000037
0.000000
0.000000
0.000225
0.000000
0.000000
0.000000
0.000000
0.000000
0.000000
0.000000
0.000000
0.000000
0.000000
0.000000
0.000000
0.000000
0.000000
0.000000
0.000000
0.000000
0.000000
0.000535
0.000000
0.000230
0.000261
0.000000
0.000066
0.001104
0.000000
0.000640
0.000000
0.000000
0.000000
0.000092
0.000000
0.000000
0.000117
0.000000
0.000254
0.000000
0.000000
0.000000
0.000000
0.000000
0.000000
0.000000
0.000000
0.000000
0.000000
0.000000
0.000000
0.000000
0.000000
0.000000
0.000000
0.000000
0.000000
0.000000
0.000000
0.000000
0.000000
0.000236
0.000477
0.000000
0.000737
0.000262
0.000000
0.000911
0.000948
0.000000
0.000000
0.000000
0.000000
0.000092
0.000000
0.000000
0.000123
0.000000
0.000000
0.000000
0.000027
0.000000
0.000000
0.000000
0.000000
0.000000
0.000000
0.000000
0.000000
0.000000
0.000000
0.000000
0.000000
0.000000
0.000000
0.000000
0.000000
0.000000
0.000000
0.000328
0.000205
0.002153
0.000500
0.000263
0.001364
0.000575
0.000721
0.005180
0.000000
0.000000
0.000136
0.000000
0.000084
0.000039
0.000000
0.000187
0.000316
0.000000
0.000000
0.000066
0.000000
0.000000
0.000000
0.000000
0.000000
0.000000
0.000000
0.000000
0.000000
0.000000
0.000000
0.000000
0.000000
0.000000
0.000000
0.000000
0.000000
0.000000
0.000165
0.000000
0.000071
0.000000
0.000000
0.000000
0.000000
0.000000
0.000000
0.000661
0.000000
0.000145
0.000000
0.000000
0.000000
0.000019
0.000000
0.000000
0.000627
0.000000
0.000000
0.000000
0.000000
0.000000
0.000000
0.000000
0.000000
0.000000
0.000000
0.000000
0.000000
0.000086
0.000000
0.000000
0.000000
0.000000
0.000000
0.000000
0.000000
0.000000
0.000433
0.000242
0.000000
0.000000
0.000000
0.000000
0.000068
0.000037
0.000000
0.001957
0.000157
0.000000
0.000000
0.000000
0.000000
0.000114
0.000000
0.001676
0.000140
0.000000
0.000000
0.000000
0.000000
0.000000
0.000000
0.000000
0.000000
0.000000
0.000000
0.000000
0.000027
0.000000
0.000000
0.000000
0.000000
0.000000
0.000000
0.000000
0.000000
0.000000
0.000376
0.000000
0.000000
0.000000
0.000000
0.000031
0.000075
0.000138
0.000350
0.000389
0.000000
0.000000
0.000000
0.000000
0.000000
0.000075
0.000288
0.000039
0.000000
0.000000
0.000000
0.000000
0.000000
0.000000
0.000000
0.000000
0.000000
0.000000
0.000000
0.000000
0.000000
0.000000
0.000000
0.000000
0.000000
0.000000
0.000000
0.000000
0.000000
0.000000
0.000026
0.000000
0.000000
0.000050
0.000000
0.000000
0.000000
0.000000
0.000000
0.000259
0.000000
0.000140
0.000073
0.000000
0.000000
0.000287
0.000000
0.000000
0.000000
0.000000
0.000000
0.000000
0.000000
0.000000
0.000000
0.000000
0.000000
0.000000
0.000000
0.000000
0.000000
0.000000
0.000000
0.000000
0.000000
0.000000
0.000000
0.000000
0.000000
0.000000
0.001066
0.000176
0.000000
0.000177
0.000142
0.000000
0.000000
0.000000
0.000000
0.002774
0.000148
0.000000
0.000166
0.000282
0.001858
0.000000
0.000000
0.000000
0.000000
0.000000
0.000000
0.000000
0.000000
0.000000
0.000000
0.000000
0.000000
0.000000
0.000000
0.000000
0.000062
0.000000
0.000000
0.000000
0.000000
0.000000
0.000000
0.000000
0.000373
0.000000
0.000313
0.000000
0.000000
0.000054
0.000000
0.000000
0.000000
0.000026
0.000184
0.000596
0.000000
0.000000
0.000059
0.000198
0.000000
0.000000
0.000000
0.000000
0.000000
0.000000
0.000000
0.000000
0.000000
0.000000
0.000000
0.000000
0.000000
0.000000
0.000000
0.000254
0.000000
0.000000
0.000000
0.000000
0.000000
0.000000
0.000000
0.000000
0.000000
0.000000
0.000039
0.000000
0.000053
0.000000
0.000000
0.000000
0.000000
0.000000
0.000000
0.000080
0.000000
0.000000
0.000117
0.000000
0.000000
0.000000
0.000000
0.000000
0.000000
0.000000
0.000000
0.000000
0.000000
0.000000
0.000000
0.000000
0.000000
0.000000
0.000000
0.000000
0.000000
0.000000
0.000000
0.000000
0.000037
0.000000
0.000000
0.000059
0.000000
0.000000
0.000137
0.000179
0.000000
0.000084
0.000000
0.000000
0.000169
0.000000
0.000000
0.000121
0.000000
0.000094
0.000000
0.000000
0.000000
0.000000
0.000000
0.000000
0.000000
0.000000
0.000000
0.000000
0.000000
0.000000
0.000000
0.000000
0.000000
0.000000
0.000000
0.000000
0.000000
0.000000
0.000000
0.000000
0.000000
0.000000
0.000000
0.000050
0.000070
0.000037
0.000379
0.000086
0.000000
0.000000
0.000000
0.000054
0.000280
0.000000
0.000037
0.000199
0.000203
0.000000
0.000000
0.000000
0.000000
0.000000
0.000000
0.000000
0.000000
0.000000
0.000000
0.000000
0.000000
0.000000
0.000000
0.000000
0.000000
0.000000
0.000000
0.000000
0.000000
0.000000
0.000000
0.000000
0.000000
0.000000
0.000000
0.000000
0.000000
0.000000
0.000400
0.000987
0.000256
0.000239
0.001760
0.000174
0.000000
0.000132
0.000078
0.444624
0.000000
0.000149
0.000000
0.000000
0.000000
0.000000
0.000000
0.000000
0.000000
0.000000
0.000000
0.001178
0.002710
0.000667
0.001894
0.005359
0.001742
0.000083
0.000305
0.000413
0.000000
0.000000
0.000000
0.000000
0.000000
0.000000
0.000000
0.000057
0.000076
0.000000
0.000000
0.000000
0.000050
0.000176
0.000000
0.000000
0.000000
0.000038
0.000000
0.000088
0.000000
0.000000
0.000000
0.000000
0.000000
0.000000
0.000031
0.000000
0.000000
0.000000
0.000000
0.000000
0.000054
0.000000
0.000039
0.000000
0.000000
0.000000
0.000086
0.000141
0.000392
0.000743
0.000000
0.000092
0.000157
0.000000
0.000428
0.000336
0.000000
0.000025
0.000000
0.000000
0.000114
0.000055
0.000000
0.000000
0.000000
0.000066
0.000000
0.040025
0.000000
0.000254
0.000255
0.000152
0.000185
0.000224
0.000054
0.000085
0.000602
0.000000
0.000000
0.000000
0.000000
0.000038
0.000000
0.000000
0.000000
0.000000
0.000000
0.000000
0.000000
0.000000
0.000000
0.000000
0.000000
0.000000
0.000000
0.000000
0.000000
0.000000
0.000000
0.000000
0.000000
0.000000
0.000000
0.000000
0.000000
0.000000
0.000093
0.010787
0.000000
0.004537
0.000000
0.000000
0.000000
0.002090
0.000000
0.001776
0.000401
0.000000
0.000195
0.000000
0.000000
0.000000
0.000000
0.000000
0.000071
0.000000
0.000000
0.000000
0.000000
0.000000
0.000000
0.000000
0.000000
0.000000
0.000000
0.000000
0.000000
0.000000
0.000000
0.000000
0.000000
0.000000
0.000000
0.000000
0.000000
0.000205
0.000000
0.005020
0.002385
0.000000
0.000000
0.000000
0.000000
0.001529
0.000299
0.000000
0.002026
0.000087
0.000000
0.000000
0.000000
0.000000
0.000027
0.000000
0.000000
0.000000
0.000000
0.000000
0.000000
0.000000
0.000000
0.000000
0.000000
0.000000
0.000000
0.000000
0.000000
0.000000
0.000000
0.000000
0.000000
0.000000
0.000000
0.000000
0.000704
0.005398
0.004143
0.052598
0.000000
0.000000
0.000000
0.000548
0.001415
0.008522
0.000206
0.002699
0.003175
0.000000
0.000000
0.000000
0.000000
0.000000
0.000142
0.000000
0.000000
0.000000
0.000000
0.000000
0.000000
0.000000
0.000000
0.000000
0.000000
0.000000
0.000000
0.000000
0.000000
0.000000
0.000000
0.000000
0.000000
0.000000
0.000000
0.000054
0.000000
0.000000
0.000000
0.010515
0.000000
0.005241
0.002809
0.000000
0.001036
0.000000
0.000000
0.000000
0.000117
0.000000
0.000253
0.000000
0.000000
0.000000
0.000000
0.000000
0.000000
0.000000
0.000000
0.000000
0.000000
0.000000
0.000000
0.000000
0.000000
0.000000
0.000000
0.000000
0.000000
0.000000
0.000000
0.000000
0.000000
0.000057
0.000147
0.000000
0.000000
0.000000
0.000000
0.012889
0.006365
0.000000
0.001152
0.001680
0.000000
0.000000
0.000000
0.000000
0.002009
0.000026
0.000000
0.000024
0.000038
0.000000
0.000000
0.000000
0.000000
0.000000
0.000000
0.000000
0.000000
0.000000
0.000000
0.000000
0.000000
0.000000
0.000000
0.000000
0.000000
0.000000
0.000000
0.000000
0.000000
0.000776
0.000000
0.000000
0.000000
0.006581
0.005168
0.042068
0.000924
0.001017
0.012360
0.000000
0.000000
0.000000
0.000108
0.000514
0.001658
0.000000
0.000000
0.000000
0.000000
0.000000
0.000000
0.000000
0.000000
0.000000
0.000000
0.000000
0.000000
0.000000
0.000000
0.000000
0.000000
0.000000
0.000000
0.000000
0.000000
0.000000
0.000000
0.000000
0.000108
0.001061
0.000000
0.002756
0.000820
0.000000
0.000614
0.006001
0.000000
0.004419
0.000191
0.000000
0.000000
0.000057
0.000000
0.000027
0.000410
0.000000
0.000174
0.000000
0.000000
0.000000
0.000000
0.000000
0.000000
0.000000
0.000000
0.000000
0.000000
0.000000
0.000000
0.000000
0.000000
0.000000
0.000000
0.000000
0.000000
0.000000
0.000000
0.000057
0.000000
0.001119
0.000596
0.000000
0.002304
0.000851
0.000000
0.005033
0.003245
0.000000
0.000329
0.000000
0.000000
0.000118
0.000039
0.000000
0.000175
0.000018
0.000000
0.000000
0.000000
0.000000
0.000000
0.000000
0.000000
0.000000
0.000000
0.000000
0.000000
0.000000
0.000000
0.000000
0.000000
0.000000
0.000000
0.000000
0.000000
0.000057
0.000699
0.002124
0.000499
0.013846
0.000483
0.002002
0.007985
0.004012
0.003161
0.035547
0.000254
0.000000
0.000386
0.000027
0.000800
0.000376
0.000128
0.000087
0.001025
0.000000
0.000000
0.000000
0.000000
0.000000
0.000000
0.000000
0.000000
0.000000
0.000000
0.000000
0.000000
0.000000
0.000000
0.000000
0.000000
0.000000
0.000000
0.002075
0.000000
0.000000
0.000461
0.000000
0.000287
0.000000
0.000000
0.000000
0.000000
0.000000
0.000126
0.001507
0.000152
0.000256
0.000000
0.000000
0.000000
0.000048
0.000000
0.000000
0.000000
0.000000
0.000000
0.000000
0.000000
0.000000
0.000000
0.000000
0.000000
0.000000
0.000037
0.000000
0.000000
0.000000
0.000000
0.000000
0.000000
0.000000
0.006511
0.000066
0.000000
0.000000
0.000526
0.000454
0.000000
0.000000
0.000000
0.000000
0.000037
0.000076
0.000000
0.005563
0.001537
0.000508
0.000000
0.000000
0.000000
0.000143
0.000203
0.000000
0.000000
0.000000
0.000000
0.000000
0.000000
0.000000
0.000000
0.000000
0.000000
0.000027
0.000000
0.000000
0.000000
0.000336
0.000000
0.000000
0.000031
0.000780
0.000038
0.000000
0.000035
0.000018
0.001677
0.000000
0.000000
0.000000
0.000000
0.000000
0.000784
0.000865
0.001968
0.000950
0.000000
0.000000
0.000000
0.000000
0.000000
0.000000
0.000000
0.000000
0.000000
0.000000
0.000000
0.000000
0.000000
0.000000
0.000000
0.000000
0.000000
0.000000
0.000000
0.000000
0.000000
0.000000
0.000000
0.000000
0.000762
0.000000
0.000031
0.000000
0.000000
0.000000
0.001403
0.000000
0.000312
0.000000
0.000000
0.000000
0.000000
0.000000
0.000000
0.001319
0.000000
0.000323
0.000254
0.000000
0.000231
0.000000
0.000000
0.000000
0.000000
0.000000
0.000000
0.000000
0.000000
0.000000
0.000000
0.000000
0.000000
0.000000
0.000254
0.000000
0.000000
0.000000
0.000000
0.005513
0.000050
0.000083
0.000000
0.000000
0.000000
0.000000
0.001370
0.001089
0.000000
0.000044
0.000198
0.000000
0.000000
0.000000
0.000000
0.005605
0.002755
0.000000
0.000025
0.000416
0.000000
0.000000
0.000000
0.000000
0.000000
0.000000
0.000000
0.000000
0.000000
0.000000
0.000000
0.000000
0.000000
0.000000
0.000000
0.000000
0.000000
0.000000
0.000688
0.000076
0.000083
0.000000
0.000000
0.000000
0.000071
0.000000
0.003960
0.000081
0.000000
0.000397
0.000000
0.000000
0.000000
0.000074
0.001754
0.001586
0.000000
0.000000
0.000357
0.000000
0.000000
0.000000
0.000000
0.000000
0.000000
0.000000
0.000000
0.000000
0.000000
0.000000
0.000000
0.000000
0.000000
0.000000
0.000000
0.000000
0.000000
0.000055
0.000054
0.000254
0.000083
0.000000
0.000000
0.000000
0.000000
0.000000
0.000000
0.000000
0.000048
0.000168
0.000000
0.000000
0.000317
0.000000
0.000000
0.000083
0.000000
0.000000
0.000000
0.000000
0.000000
0.000000
0.000000
0.000000
0.000000
0.000000
0.000000
0.000000
0.000000
0.000000
0.000000
0.000000
0.000000
0.000000
0.000000
0.000000
0.000292
0.000000
0.000000
0.000000
0.000000
0.000085
0.000000
0.000000
0.000057
0.000000
0.000025
0.000197
0.000000
0.000044
0.000000
0.000000
0.000132
0.000000
0.000000
0.000333
0.000110
0.000000
0.000000
0.000000
0.000000
0.000000
0.000000
0.000000
0.000000
0.000000
0.000000
0.000000
0.000000
0.000000
0.000000
0.000000
0.000000
0.000000
0.000000
0.000106
0.000000
0.000000
0.000000
0.000000
0.000215
0.000000
0.000000
0.000054
0.000120
0.000000
0.001427
0.000141
0.000055
0.000204
0.000062
0.000478
0.000213
0.000055
0.000154
0.000272
