0.001442
0.001807
0.008155
0.001604
0.001910
0.002595
0.001912
0.000223
0.003237
0.001117
0.003786
0.000925
0.000854
0.001882
0.001889
0.000219
0.000084
0.000300
0.585477
0.000481
0.016932
0.024158
0.019929
0.075984
0.022898
0.017421
0.052196
0.021708
0.009408
0.056958
0.004100
0.016302
0.008075
0.007814
0.011655
0.008433
0.001240
0.001589
0.003299
0.000642
0.000000
0.000406
0.000000
0.000000
0.000000
0.000203
0.000000
0.000000
0.000046
0.000000
0.000000
0.000000
0.000000
0.000000
0.000000
0.000000
0.000000
0.000000
0.000000
0.000073
0.000000
0.000000
0.000000
0.000000
0.000000
0.000000
0.000000
0.000000
0.000000
0.000000
0.000000
0.000000
0.000000
0.000000
0.000000
0.000000
0.000000
0.000000
0.000000
0.000764
0.000369
0.000000
0.000000
0.000000
0.000000
0.000000
0.000047
0.000000
0.000434
0.000046
0.000000
0.000000
0.000000
0.000000
0.000000
0.000000
0.000000
0.000000
0.000150
0.000000
0.000000
0.000000
0.000000
0.000000
0.000000
0.000000
0.000000
0.000000
0.000000
0.000000
0.000000
0.000000
0.000000
0.000000
0.000000
0.000000
0.000000
0.000192
0.000346
0.005757
0.000000
0.000000
0.000000
0.000046
0.000000
0.001188
0.000088
0.000337
0.000204
0.000000
0.000000
0.000000
0.000000
0.000000
0.000042
0.000000
0.000000
0.000000
0.000000
0.000000
0.000000
0.000000
0.000000
0.000000
0.000000
0.000000
0.000000
0.000000
0.000000
0.000000
0.000000
0.000000
0.000000
0.000000
0.000000
0.000000
0.000000
0.000000
0.000000
0.000917
0.000000
0.000176
0.000280
0.000000
0.000042
0.000000
0.000000
0.000000
0.000189
0.000000
0.000000
0.000000
0.000000
0.000000
0.000000
0.000000
0.000000
0.000000
0.000000
0.000000
0.000000
0.000000
0.000000
0.000000
0.000000
0.000000
0.000000
0.000000
0.000000
0.000000
0.000000
0.000000
0.000000
0.000000
0.000000
0.000000
0.000000
0.000000
0.000000
0.001267
0.000272
0.000000
0.000093
0.000000
0.000000
0.000000
0.000000
0.000000
0.000280
0.000000
0.000000
0.000000
0.000000
0.000000
0.000000
0.000000
0.000000
0.000000
0.000000
0.000000
0.000000
0.000000
0.000000
0.000000
0.000000
0.000000
0.000000
0.000000
0.000000
0.000000
0.000000
0.000000
0.000000
0.000000
0.000000
0.000000
0.000000
0.000096
0.000319
0.001180
0.000088
0.000000
0.000177
0.000000
0.000000
0.000000
0.000042
0.000089
0.000568
0.000000
0.000000
0.000042
0.000000
0.000000
0.000000
0.000000
0.000000
0.000000
0.000000
0.000000
0.000000
0.000000
0.000000
0.000000
0.000000
0.000000
0.000000
0.000000
0.000000
0.000000
0.000000
0.000000
0.000000
0.000354
0.000000
0.000119
0.000343
0.000000
0.000054
0.000826
0.000000
0.000046
0.000084
0.000000
0.000000
0.000000
0.000000
0.000000
0.000088
0.000000
0.000000
0.000000
0.000000
0.000000
0.000000
0.000000
0.000000
0.000000
0.000000
0.000000
0.000000
0.000000
0.000000
0.000000
0.000000
0.000000
0.000000
0.000000
0.000000
0.000000
0.000000
0.000000
0.000000
0.000046
0.000047
0.000000
0.000000
0.000042
0.000000
0.000046
0.000000
0.000000
0.000042
0.000000
0.000000
0.000000
0.000000
0.000000
0.000000
0.000000
0.000000
0.000000
0.000000
0.000000
0.000000
0.000000
0.000000
0.000000
0.000000
0.000000
0.000000
0.000000
0.000000
0.000000
0.000000
0.000000
0.000000
0.000000
0.000000
0.000000
0.000000
0.000089
0.000073
0.000115
0.000046
0.000000
0.000468
0.000278
0.000042
0.001498
0.000000
0.000000
0.000000
0.000046
0.000000
0.000426
0.000042
0.000000
0.000131
0.000000
0.000000
0.000000
0.000000
0.000000
0.000000
0.000000
0.000000
0.000000
0.000000
0.000000
0.000000
0.000000
0.000000
0.000000
0.000000
0.000000
0.000000
0.000000
0.000000
0.000000
0.000166
0.000000
0.000128
0.000000
0.000000
0.000000
0.000000
0.000000
0.000000
0.000471
0.000000
0.000000
0.000000
0.000000
0.000000
0.000000
0.000000
0.000000
0.000354
0.000000
0.000000
0.000000
0.000000
0.000000
0.000000
0.000000
0.000000
0.000000
0.000000
0.000000
0.000000
0.000000
0.000000
0.000000
0.000000
0.000000
0.000000
0.000000
0.000000
0.000000
0.000430
0.000468
0.000000
0.000000
0.000000
0.000000
0.000000
0.000042
0.000000
0.001445
0.000311
0.000000
0.000000
0.000000
0.000000
0.000084
0.000042
0.000821
0.000111
0.000000
0.000000
0.000000
0.000000
0.000000
0.000000
0.000000
0.000000
0.000000
0.000000
0.000000
0.000000
0.000043
0.000000
0.000000
0.000000
0.000000
0.000000
0.000000
0.000000
0.000000
0.000269
0.000000
0.000000
0.000000
0.000000
0.000000
0.000088
0.000089
0.000115
0.000230
0.000000
0.000000
0.000000
0.000000
0.000000
0.000000
0.000092
0.000000
0.000000
0.000000
0.000000
0.000000
0.000000
0.000000
0.000000
0.000000
0.000000
0.000000
0.000000
0.000000
0.000000
0.000000
0.000042
0.000000
0.000000
0.000000
0.000000
0.000000
0.000000
0.000000
0.000088
0.000000
0.000000
0.000000
0.000000
0.000000
0.000000
0.000000
0.000000
0.000266
0.000000
0.000046
0.000047
0.000000
0.000000
0.000366
0.000000
0.000000
0.000000
0.000000
0.000000
0.000000
0.000000
0.000000
0.000000
0.000000
0.000000
0.000000
0.000000
0.000000
0.000000
0.000042
0.000000
0.000000
0.000000
0.000000
0.000000
0.000000
0.000000
0.000000
0.000131
0.000096
0.000000
0.000000
0.000000
0.000000
0.000000
0.000000
0.000000
0.000550
0.000262
0.000000
0.000000
0.000000
0.000849
0.000000
0.000000
0.000000
0.000000
0.000000
0.000000
0.000000
0.000000
0.000000
0.000000
0.000000
0.000000
0.000000
0.000000
0.000000
0.000000
0.000000
0.000000
0.000000
0.000000
0.000000
0.000000
0.000000
0.000042
0.000000
0.000312
0.000000
0.000000
0.000042
0.000000
0.000000
0.000000
0.000046
0.000480
0.000511
0.000000
0.000000
0.000000
0.000468
0.000000
0.000000
0.000000
0.000000
0.000000
0.000000
0.000000
0.000000
0.000000
0.000000
0.000000
0.000000
0.000000
0.000000
0.000000
0.000000
0.000000
0.000000
0.000000
0.000000
0.000000
0.000000
0.000000
0.000000
0.000000
0.000000
0.000047
0.000000
0.000000
0.000046
0.000000
0.000000
0.000084
0.000000
0.000000
0.000000
0.000000
0.000000
0.000042
0.000000
0.000000
0.000000
0.000000
0.000000
0.000000
0.000000
0.000000
0.000000
0.000000
0.000000
0.000000
0.000000
0.000000
0.000000
0.000000
0.000000
0.000000
0.000000
0.000000
0.000000
0.000000
0.000000
0.000000
0.000000
0.000000
0.000000
0.000042
0.000042
0.000000
0.000000
0.000000
0.000000
0.000000
0.000000
0.000000
0.000000
0.000000
0.000000
0.000000
0.000000
0.000000
0.000000
0.000000
0.000000
0.000000
0.000000
0.000000
0.000000
0.000000
0.000000
0.000000
0.000000
0.000000
0.000000
0.000000
0.000000
0.000000
0.000000
0.000000
0.000000
0.000000
0.000000
0.000000
0.000000
0.000000
0.000000
0.000042
0.000000
0.000000
0.000042
0.000000
0.000000
0.000000
0.000042
0.000000
0.000042
0.000089
0.000042
0.000000
0.000000
0.000000
0.000000
0.000000
0.000000
0.000000
0.000000
0.000000
0.000000
0.000000
0.000000
0.000000
0.000000
0.000000
0.000000
0.000000
0.000000
0.000000
0.000000
0.000000
0.000000
0.000000
0.000000
0.000000
0.000000
0.000000
0.000000
0.000252
0.001291
0.000092
0.000181
0.000442
0.000042
0.000000
0.000000
0.000000
0.566045
0.000000
0.000073
0.000000
0.000000
0.000000
0.000000
0.000000
0.000000
0.000000
0.000000
0.000000
0.000707
0.003856
0.001329
0.002839
0.004328
0.001102
0.000110
0.000253
0.000157
0.000000
0.000000
0.000000
0.000000
0.000000
0.000000
0.000073
0.000000
0.000000
0.000043
0.000046
0.000000
0.000000
0.000047
0.000046
0.000000
0.000000
0.000000
0.000000
0.000073
0.000000
0.000000
0.000000
0.000000
0.000000
0.000000
0.000000
0.000000
0.000000
0.000000
0.000000
0.000000
0.000111
0.000000
0.000000
0.000000
0.000000
0.000042
0.000000
0.000000
0.000150
0.000480
0.000073
0.000196
0.000000
0.000073
0.000000
0.000000
0.000000
0.000000
0.000000
0.000000
0.000000
0.000000
0.000000
0.000000
0.000000
0.000000
0.000000
0.015278
0.000000
0.000150
0.000222
0.000073
0.000000
0.000000
0.000000
0.000000
0.000150
0.000000
0.000000
0.000000
0.000000
0.000000
0.000000
0.000000
0.000000
0.000000
0.000000
0.000000
0.000000
0.000000
0.000000
0.000000
0.000000
0.000000
0.000000
0.000000
0.000000
0.000000
0.000000
0.000000
0.000000
0.000000
0.000000
0.000000
0.000000
0.000000
0.000160
0.014837
0.000000
0.005074
0.000000
0.000000
0.000000
0.001795
0.000000
0.001208
0.001097
0.000000
0.000169
0.000000
0.000000
0.000000
0.000000
0.000000
0.000000
0.000000
0.000000
0.000000
0.000000
0.000000
0.000000
0.000000
0.000000
0.000000
0.000000
0.000000
0.000000
0.000000
0.000000
0.000000
0.000000
0.000000
0.000000
0.000000
0.000000
0.000000
0.000000
0.010916
0.004217
0.000000
0.000000
0.000000
0.000000
0.001202
0.000485
0.000000
0.003126
0.000000
0.000000
0.000000
0.000000
0.000000
0.000111
0.000000
0.000000
0.000000
0.000000
0.000000
0.000000
0.000000
0.000000
0.000000
0.000000
0.000000
0.000000
0.000000
0.000000
0.000000
0.000000
0.000000
0.000000
0.000000
0.000000
0.000073
0.000649
0.005209
0.006633
0.050455
0.000000
0.000000
0.000000
0.000313
0.000875
0.007198
0.000286
0.001817
0.002283
0.000000
0.000000
0.000000
0.000000
0.000000
0.000635
0.000000
0.000000
0.000000
0.000000
0.000000
0.000000
0.000000
0.000000
0.000000
0.000000
0.000000
0.000000
0.000000
0.000000
0.000000
0.000000
0.000000
0.000000
0.000000
0.000000
0.000000
0.000000
0.000000
0.000000
0.013088
0.000000
0.005815
0.001677
0.000000
0.002100
0.000000
0.000000
0.000000
0.000193
0.000000
0.000170
0.000000
0.000000
0.000000
0.000000
0.000000
0.000000
0.000000
0.000000
0.000000
0.000000
0.000000
0.000000
0.000000
0.000000
0.000000
0.000000
0.000000
0.000000
0.000000
0.000000
0.000000
0.000000
0.000000
0.000000
0.000000
0.000000
0.000000
0.000000
0.010227
0.004454
0.000000
0.001203
0.000705
0.000000
0.000000
0.000000
0.000000
0.000717
0.000098
0.000000
0.000124
0.000000
0.000000
0.000000
0.000000
0.000000
0.000000
0.000000
0.000000
0.000000
0.000000
0.000000
0.000000
0.000000
0.000000
0.000000
0.000000
0.000000
0.000000
0.000000
0.000000
0.000000
0.000046
0.000000
0.000000
0.000000
0.004099
0.003004
0.029906
0.001680
0.000702
0.009135
0.000000
0.000000
0.000000
0.000923
0.000686
0.002375
0.000000
0.000000
0.000000
0.000000
0.000000
0.000000
0.000000
0.000000
0.000000
0.000000
0.000000
0.000000
0.000000
0.000000
0.000000
0.000000
0.000000
0.000000
0.000000
0.000000
0.000000
0.000000
0.000000
0.000150
0.003151
0.000000
0.002799
0.001593
0.000000
0.001779
0.008877
0.000000
0.003008
0.000000
0.000000
0.000154
0.000192
0.000000
0.000000
0.000046
0.000000
0.000148
0.000000
0.000000
0.000000
0.000000
0.000000
0.000000
0.000000
0.000000
0.000000
0.000000
0.000000
0.000000
0.000000
0.000000
0.000000
0.000000
0.000000
0.000000
0.000000
0.000000
0.000054
0.000000
0.000957
0.001362
0.000000
0.001399
0.000684
0.000000
0.003528
0.001347
0.000000
0.000000
0.000000
0.000000
0.000000
0.000000
0.000000
0.000122
0.000000
0.000000
0.000000
0.000000
0.000000
0.000000
0.000000
0.000000
0.000000
0.000000
0.000000
0.000000
0.000000
0.000000
0.000000
0.000000
0.000000
0.000000
0.000000
0.000000
0.000000
0.000073
0.000659
0.000537
0.010116
0.001267
0.000848
0.005366
0.006890
0.001608
0.027718
0.000000
0.000097
0.000154
0.000000
0.000225
0.000633
0.000286
0.000124
0.000762
0.000000
0.000000
0.000000
0.000000
0.000000
0.000000
0.000000
0.000000
0.000000
0.000000
0.000000
0.000000
0.000000
0.000000
0.000000
0.000000
0.000000
0.000000
0.002014
0.000000
0.000000
0.000097
0.000000
0.000000
0.000000
0.000000
0.000000
0.000111
0.000000
0.000000
0.001413
0.000000
0.000247
0.000000
0.000000
0.000000
0.000111
0.000000
0.000140
0.000000
0.000000
0.000000
0.000000
0.000000
0.000000
0.000000
0.000000
0.000000
0.000000
0.000042
0.000000
0.000000
0.000000
0.000000
0.000000
0.000000
0.000000
0.006444
0.000000
0.000000
0.000000
0.000864
0.000604
0.000000
0.000000
0.000000
0.000000
0.000000
0.000000
0.000000
0.005803
0.002298
0.000000
0.000000
0.000140
0.000000
0.000000
0.000246
0.000000
0.000000
0.000000
0.000000
0.000000
0.000000
0.000000
0.000000
0.000000
0.000000
0.000046
0.000000
0.000000
0.000000
0.000000
0.000000
0.000000
0.000000
0.000560
0.000046
0.000000
0.000321
0.000000
0.001576
0.000000
0.000000
0.000000
0.000000
0.000000
0.002073
0.000632
0.001433
0.001330
0.000000
0.000000
0.000000
0.000000
0.000000
0.000102
0.000000
0.000000
0.000000
0.000000
0.000000
0.000000
0.000000
0.000000
0.000000
0.000000
0.000000
0.000000
0.000000
0.000000
0.000000
0.000000
0.000000
0.000000
0.001762
0.000046
0.000000
0.000000
0.000000
0.000000
0.001888
0.000000
0.000124
0.000197
0.000000
0.000043
0.000000
0.000000
0.000000
0.003254
0.000000
0.000293
0.000197
0.000000
0.000097
0.000000
0.000000
0.000000
0.000000
0.000000
0.000000
0.000000
0.000000
0.000000
0.000000
0.000000
0.000000
0.000000
0.000000
0.000000
0.000000
0.000000
0.000000
0.004588
0.000043
0.000000
0.000000
0.000000
0.000000
0.000000
0.000298
0.000714
0.000000
0.000335
0.000186
0.000000
0.000000
0.000000
0.000000
0.002659
0.002313
0.000000
0.000253
0.000312
0.000000
0.000000
0.000000
0.000000
0.000000
0.000000
0.000000
0.000000
0.000000
0.000000
0.000000
0.000000
0.000000
0.000000
0.000000
0.000000
0.000000
0.000000
0.000380
0.000047
0.000150
0.000000
0.000000
0.000000
0.000680
0.000128
0.002350
0.000000
0.000000
0.000327
0.000000
0.000000
0.000000
0.000406
0.002442
0.001355
0.000000
0.000000
0.000213
0.000000
0.000000
0.000000
0.000000
0.000000
0.000000
0.000000
0.000000
0.000000
0.000000
0.000000
0.000000
0.000000
0.000000
0.000000
0.000000
0.000000
0.000000
0.000426
0.000000
0.000000
0.000068
0.000000
0.000000
0.000000
0.000000
0.000000
0.000227
0.000000
0.000124
0.000000
0.000000
0.000000
0.000046
0.000000
0.000000
0.000354
0.000000
0.000000
0.000000
0.000000
0.000000
0.000000
0.000000
0.000000
0.000000
0.000000
0.000000
0.000000
0.000000
0.000000
0.000000
0.000000
0.000000
0.000000
0.000000
0.000000
0.000517
0.000000
0.000000
0.000000
0.000000
0.000000
0.000000
0.000000
0.000047
0.000000
0.000000
0.000341
0.000000
0.000000
0.000000
0.000000
0.000247
0.000000
0.000000
0.000282
0.000160
0.000000
0.000000
0.000000
0.000000
0.000000
0.000000
0.000000
0.000000
0.000000
0.000000
0.000000
0.000000
0.000000
0.000000
0.000000
0.000000
0.000000
0.000000
0.000410
0.000000
0.000000
0.000000
0.000000
0.000000
0.000199
0.000000
0.000000
0.000055
0.000000
0.001215
0.000000
0.000310
0.000000
0.000047
0.000314
0.000000
0.000140
0.000281
0.000336
