0.007940
0.011906
0.011043
0.003188
0.011533
0.008187
0.002031
0.002181
0.003036
0.000871
0.003011
0.000735
0.000708
0.003457
0.000652
0.000097
0.000176
0.000056
0.463035
0.000386
0.029513
0.061403
0.038536
0.091226
0.042966
0.049403
0.059190
0.017169
0.011144
0.027569
0.002963
0.012078
0.003322
0.002338
0.012507
0.002671
0.000477
0.000687
0.000609
0.005586
0.000000
0.001461
0.000000
0.000000
0.000000
0.000477
0.000000
0.000210
0.000089
0.000000
0.000033
0.000000
0.000000
0.000000
0.000005
0.000000
0.000000
0.000000
0.000000
0.000101
0.000000
0.000000
0.000000
0.000000
0.000000
0.000000
0.000000
0.000000
0.000000
0.000000
0.000000
0.000000
0.000000
0.000000
0.000000
0.000000
0.000000
0.000000
0.000000
0.008921
0.001632
0.000000
0.000000
0.000000
0.000000
0.000532
0.000038
0.000000
0.000456
0.000003
0.000000
0.000000
0.000000
0.000000
0.000009
0.000000
0.000000
0.000045
0.000285
0.000000
0.000000
0.000000
0.000000
0.000000
0.000000
0.000000
0.000000
0.000000
0.000000
0.000000
0.000000
0.000000
0.000000
0.000000
0.000000
0.000000
0.000000
0.001612
0.001675
0.006548
0.000000
0.000000
0.000000
0.000063
0.000057
0.000560
0.000017
0.000121
0.000245
0.000000
0.000000
0.000000
0.000000
0.000000
0.000000
0.000000
0.000013
0.000143
0.000000
0.000000
0.000000
0.000000
0.000000
0.000000
0.000000
0.000000
0.000000
0.000000
0.000000
0.000000
0.000000
0.000000
0.000000
0.000000
0.000000
0.000000
0.000000
0.000000
0.000000
0.001954
0.000000
0.000838
0.000218
0.000000
0.000030
0.000000
0.000000
0.000000
0.000089
0.000000
0.000003
0.000003
0.000000
0.000000
0.000000
0.000000
0.000063
0.000000
0.000000
0.000000
0.000000
0.000000
0.000000
0.000000
0.000000
0.000000
0.000000
0.000000
0.000000
0.000000
0.000000
0.000000
0.000000
0.000000
0.000000
0.000000
0.000000
0.000000
0.000000
0.008617
0.001316
0.000000
0.000453
0.000119
0.000000
0.000000
0.000000
0.000000
0.000718
0.000026
0.000000
0.000020
0.000003
0.000000
0.000000
0.000134
0.000000
0.000000
0.000000
0.000000
0.000000
0.000000
0.000000
0.000000
0.000000
0.000000
0.000000
0.000000
0.000000
0.000000
0.000000
0.000000
0.000000
0.000000
0.000000
0.000000
0.000000
0.000742
0.001572
0.004802
0.000110
0.000071
0.000510
0.000000
0.000000
0.000000
0.000053
0.000061
0.000153
0.000000
0.000000
0.000000
0.000000
0.000005
0.000058
0.000000
0.000000
0.000000
0.000000
0.000000
0.000000
0.000000
0.000000
0.000000
0.000000
0.000000
0.000000
0.000000
0.000000
0.000000
0.000000
0.000000
0.000000
0.000306
0.000000
0.000090
0.000266
0.000000
0.000227
0.000857
0.000000
0.000250
0.000006
0.000000
0.000000
0.000005
0.000000
0.000003
0.000013
0.000000
0.000006
0.000000
0.000000
0.000011
0.000000
0.000000
0.000000
0.000000
0.000000
0.000000
0.000000
0.000000
0.000000
0.000000
0.000000
0.000000
0.000000
0.000000
0.000000
0.000000
0.000000
0.000000
0.000000
0.000352
0.000075
0.000000
0.000436
0.000096
0.000000
0.000681
0.000246
0.000000
0.000052
0.000000
0.000000
0.000086
0.000000
0.000000
0.000051
0.000000
0.000000
0.000000
0.000022
0.000000
0.000000
0.000000
0.000000
0.000000
0.000000
0.000000
0.000000
0.000000
0.000000
0.000000
0.000000
0.000000
0.000000
0.000000
0.000000
0.000000
0.000000
0.000150
0.000068
0.000563
0.000059
0.000147
0.000381
0.000194
0.000269
0.000963
0.000007
0.000000
0.000005
0.000006
0.000042
0.000083
0.000033
0.000022
0.000005
0.000000
0.000000
0.000029
0.000000
0.000000
0.000000
0.000000
0.000000
0.000000
0.000000
0.000000
0.000000
0.000000
0.000000
0.000000
0.000000
0.000000
0.000000
0.000000
0.000000
0.000000
0.000190
0.000000
0.000029
0.000000
0.000000
0.000000
0.000033
0.000000
0.000000
0.000301
0.000000
0.000042
0.000000
0.000000
0.000000
0.000025
0.000000
0.000004
0.000252
0.000000
0.000000
0.000000
0.000000
0.000000
0.000000
0.000000
0.000000
0.000000
0.000000
0.000000
0.000000
0.000000
0.000000
0.000000
0.000000
0.000000
0.000000
0.000000
0.000000
0.000000
0.000655
0.000272
0.000000
0.000000
0.000000
0.000000
0.000027
0.000012
0.000000
0.001132
0.000122
0.000000
0.000000
0.000000
0.000000
0.000016
0.000000
0.000718
0.000030
0.000017
0.000000
0.000000
0.000000
0.000000
0.000000
0.000000
0.000000
0.000000
0.000000
0.000000
0.000025
0.000000
0.000000
0.000000
0.000000
0.000000
0.000000
0.000000
0.000033
0.000013
0.000255
0.000000
0.000000
0.000000
0.000005
0.000000
0.000007
0.000082
0.000108
0.000123
0.000000
0.000000
0.000000
0.000000
0.000000
0.000000
0.000109
0.000000
0.000005
0.000000
0.000000
0.000000
0.000000
0.000000
0.000000
0.000000
0.000000
0.000000
0.000000
0.000000
0.000000
0.000000
0.000000
0.000000
0.000000
0.000000
0.000000
0.000000
0.000000
0.000000
0.000075
0.000000
0.000078
0.000027
0.000000
0.000000
0.000000
0.000000
0.000000
0.000264
0.000000
0.000091
0.000003
0.000000
0.000000
0.000160
0.000000
0.000007
0.000000
0.000000
0.000000
0.000000
0.000000
0.000000
0.000000
0.000000
0.000000
0.000000
0.000000
0.000000
0.000000
0.000006
0.000000
0.000000
0.000000
0.000000
0.000000
0.000000
0.000000
0.000000
0.000671
0.000127
0.000000
0.000059
0.000009
0.000000
0.000000
0.000000
0.000000
0.001341
0.000102
0.000000
0.000017
0.000024
0.000989
0.000027
0.000017
0.000000
0.000000
0.000000
0.000000
0.000000
0.000000
0.000000
0.000000
0.000000
0.000000
0.000000
0.000000
0.000000
0.000008
0.000004
0.000000
0.000000
0.000000
0.000000
0.000000
0.000000
0.000015
0.000008
0.000221
0.000000
0.000000
0.000056
0.000000
0.000000
0.000000
0.000034
0.000140
0.000083
0.000000
0.000000
0.000003
0.000090
0.000003
0.000000
0.000000
0.000000
0.000000
0.000000
0.000000
0.000000
0.000000
0.000000
0.000000
0.000000
0.000000
0.000000
0.000000
0.000000
0.000000
0.000000
0.000000
0.000000
0.000000
0.000000
0.000000
0.000000
0.000000
0.000000
0.000030
0.000000
0.000000
0.000039
0.000000
0.000000
0.000003
0.000000
0.000000
0.000009
0.000000
0.000003
0.000009
0.000004
0.000000
0.000000
0.000000
0.000000
0.000000
0.000000
0.000000
0.000000
0.000000
0.000000
0.000000
0.000000
0.000000
0.000000
0.000000
0.000000
0.000000
0.000000
0.000000
0.000000
0.000000
0.000006
0.000000
0.000000
0.000000
0.000000
0.000036
0.000002
0.000000
0.000027
0.000000
0.000000
0.000046
0.000000
0.000000
0.000026
0.000004
0.000029
0.000000
0.000000
0.000000
0.000000
0.000000
0.000000
0.000000
0.000000
0.000000
0.000000
0.000000
0.000000
0.000000
0.000000
0.000000
0.000000
0.000000
0.000000
0.000000
0.000000
0.000013
0.000000
0.000007
0.000000
0.000000
0.000000
0.000000
0.000000
0.000020
0.000007
0.000000
0.000000
0.000000
0.000000
0.000000
0.000000
0.000000
0.000003
0.000000
0.000006
0.000000
0.000000
0.000000
0.000000
0.000000
0.000000
0.000000
0.000000
0.000000
0.000000
0.000000
0.000000
0.000000
0.000000
0.000000
0.000000
0.000000
0.000000
0.000000
0.000000
0.000000
0.000000
0.000000
0.000000
0.000000
0.000000
0.000000
0.000000
0.000308
0.001061
0.000144
0.000226
0.000906
0.000100
0.000006
0.000015
0.000000
0.449457
0.000000
0.000023
0.000000
0.000000
0.000000
0.000000
0.000000
0.000000
0.000000
0.000000
0.000000
0.000878
0.002896
0.000520
0.000932
0.003495
0.000353
0.000054
0.000050
0.000034
0.000000
0.000035
0.000000
0.000000
0.000005
0.000000
0.000000
0.000005
0.000000
0.000007
0.000033
0.000004
0.000000
0.000069
0.000005
0.000000
0.000000
0.000000
0.000000
0.000092
0.000000
0.000000
0.000021
0.000020
0.000005
0.000004
0.000000
0.000000
0.000000
0.000000
0.000000
0.000034
0.000000
0.000000
0.000006
0.000000
0.000000
0.000013
0.000030
0.000061
0.000147
0.000131
0.000074
0.000095
0.000107
0.000026
0.000000
0.000016
0.000000
0.000004
0.000012
0.000000
0.000006
0.000000
0.000000
0.000000
0.000000
0.000022
0.000000
0.027896
0.000149
0.000052
0.000204
0.000114
0.000088
0.000181
0.000102
0.000003
0.000106
0.000006
0.000009
0.000000
0.000000
0.000013
0.000000
0.000000
0.000000
0.000000
0.000000
0.000000
0.000000
0.000000
0.000000
0.000000
0.000000
0.000000
0.000000
0.000000
0.000000
0.000000
0.000000
0.000000
0.000000
0.000000
0.000000
0.000000
0.000000
0.000000
0.000065
0.042384
0.000000
0.014315
0.000000
0.000000
0.000000
0.003162
0.000000
0.000969
0.000596
0.000000
0.000156
0.000000
0.000000
0.000000
0.000033
0.000000
0.000015
0.000000
0.000000
0.000000
0.000000
0.000000
0.000000
0.000000
0.000000
0.000000
0.000000
0.000000
0.000000
0.000000
0.000000
0.000000
0.000000
0.000000
0.000000
0.000000
0.000035
0.000100
0.000000
0.022967
0.009547
0.000000
0.000000
0.000000
0.000000
0.002127
0.000893
0.000000
0.002876
0.000075
0.000000
0.000000
0.000000
0.000000
0.000097
0.000000
0.000000
0.000000
0.000000
0.000000
0.000000
0.000000
0.000000
0.000000
0.000000
0.000000
0.000000
0.000000
0.000000
0.000000
0.000000
0.000000
0.000000
0.000000
0.000000
0.000007
0.000157
0.013695
0.012151
0.057721
0.000000
0.000000
0.000000
0.000820
0.000928
0.004178
0.000126
0.000923
0.000905
0.000000
0.000000
0.000000
0.000006
0.000010
0.000047
0.000000
0.000000
0.000000
0.000000
0.000000
0.000000
0.000000
0.000000
0.000000
0.000000
0.000000
0.000000
0.000000
0.000000
0.000000
0.000000
0.000000
0.000000
0.000000
0.000000
0.000061
0.000000
0.000000
0.000000
0.030563
0.000000
0.008164
0.002976
0.000000
0.001043
0.000000
0.000000
0.000000
0.000199
0.000000
0.000084
0.000015
0.000000
0.000000
0.000000
0.000000
0.000000
0.000000
0.000000
0.000000
0.000000
0.000000
0.000000
0.000000
0.000000
0.000000
0.000000
0.000000
0.000000
0.000000
0.000000
0.000000
0.000000
0.000010
0.000172
0.000000
0.000000
0.000000
0.000000
0.034468
0.009053
0.000000
0.001684
0.001718
0.000000
0.000000
0.000000
0.000000
0.002424
0.000016
0.000000
0.000005
0.000000
0.000000
0.000000
0.000000
0.000000
0.000000
0.000000
0.000000
0.000000
0.000000
0.000000
0.000000
0.000000
0.000000
0.000000
0.000000
0.000000
0.000000
0.000000
0.000000
0.000005
0.000086
0.000000
0.000000
0.000000
0.008582
0.007783
0.035608
0.000948
0.000664
0.004291
0.000000
0.000000
0.000000
0.000068
0.000554
0.000783
0.000010
0.000000
0.000012
0.000000
0.000000
0.000000
0.000000
0.000000
0.000000
0.000000
0.000000
0.000000
0.000000
0.000000
0.000000
0.000000
0.000000
0.000000
0.000000
0.000000
0.000000
0.000000
0.000000
0.000017
0.002962
0.000000
0.001686
0.002270
0.000000
0.000996
0.006762
0.000000
0.002263
0.000017
0.000000
0.000006
0.000075
0.000000
0.000031
0.000120
0.000000
0.000055
0.000000
0.000000
0.000000
0.000000
0.000000
0.000000
0.000000
0.000000
0.000000
0.000000
0.000000
0.000000
0.000000
0.000000
0.000000
0.000000
0.000000
0.000000
0.000000
0.000000
0.000030
0.000000
0.001493
0.000796
0.000000
0.002542
0.000510
0.000000
0.003719
0.001603
0.000000
0.000048
0.000008
0.000000
0.000198
0.000024
0.000000
0.000190
0.000029
0.000000
0.000000
0.000000
0.000000
0.000000
0.000000
0.000000
0.000000
0.000000
0.000000
0.000000
0.000000
0.000000
0.000000
0.000000
0.000000
0.000000
0.000000
0.000000
0.000000
0.000030
0.001643
0.000689
0.005407
0.000875
0.001179
0.003032
0.002281
0.001818
0.010111
0.000004
0.000050
0.000050
0.000006
0.000133
0.000148
0.000040
0.000057
0.000147
0.000000
0.000000
0.000000
0.000000
0.000000
0.000000
0.000000
0.000000
0.000000
0.000000
0.000000
0.000000
0.000000
0.000000
0.000000
0.000000
0.000000
0.000000
0.000973
0.000000
0.000000
0.000509
0.000000
0.000151
0.000000
0.000000
0.000000
0.000028
0.000000
0.000000
0.001060
0.000000
0.000209
0.000000
0.000000
0.000000
0.000036
0.000000
0.000009
0.000000
0.000000
0.000000
0.000000
0.000000
0.000000
0.000000
0.000000
0.000000
0.000007
0.000027
0.000000
0.000000
0.000000
0.000000
0.000000
0.000000
0.000000
0.004480
0.000004
0.000000
0.000000
0.001286
0.000670
0.000000
0.000000
0.000000
0.000000
0.000046
0.000011
0.000027
0.004608
0.000777
0.000000
0.000000
0.000000
0.000000
0.000114
0.000036
0.000000
0.000000
0.000000
0.000000
0.000000
0.000000
0.000000
0.000000
0.000000
0.000000
0.000000
0.000000
0.000000
0.000000
0.000000
0.000000
0.000000
0.000000
0.000399
0.000027
0.000020
0.000341
0.000045
0.001074
0.000000
0.000000
0.000000
0.000000
0.000000
0.000036
0.000157
0.000589
0.000632
0.000000
0.000000
0.000000
0.000000
0.000000
0.000012
0.000000
0.000000
0.000000
0.000000
0.000000
0.000000
0.000000
0.000000
0.000000
0.000000
0.000000
0.000000
0.000000
0.000000
0.000000
0.000000
0.000000
0.000000
0.000535
0.000000
0.000000
0.000000
0.000000
0.000000
0.000498
0.000000
0.000127
0.000122
0.000000
0.000018
0.000000
0.000000
0.000000
0.000867
0.000000
0.000121
0.000028
0.000000
0.000019
0.000000
0.000000
0.000000
0.000000
0.000000
0.000000
0.000000
0.000000
0.000000
0.000000
0.000000
0.000005
0.000033
0.000052
0.000005
0.000000
0.000000
0.000003
0.004068
0.000069
0.000049
0.000000
0.000000
0.000000
0.000000
0.001751
0.000751
0.000000
0.000083
0.000112
0.000000
0.000000
0.000000
0.000000
0.004718
0.000678
0.000000
0.000050
0.000077
0.000000
0.000000
0.000000
0.000000
0.000000
0.000000
0.000000
0.000000
0.000000
0.000000
0.000000
0.000000
0.000000
0.000000
0.000000
0.000000
0.000000
0.000000
0.000359
0.000007
0.000000
0.000000
0.000000
0.000000
0.000176
0.000052
0.000890
0.000010
0.000004
0.000043
0.000000
0.000000
0.000000
0.000123
0.000585
0.000389
0.000000
0.000000
0.000019
0.000000
0.000000
0.000000
0.000000
0.000000
0.000000
0.000000
0.000000
0.000000
0.000000
0.000000
0.000000
0.000000
0.000000
0.000000
0.000000
0.000000
0.000000
0.000097
0.000000
0.000000
0.000006
0.000000
0.000023
0.000018
0.000000
0.000000
0.000029
0.000000
0.000022
0.000096
0.000000
0.000000
0.000073
0.000000
0.000018
0.000089
0.000000
0.000007
0.000000
0.000000
0.000000
0.000000
0.000000
0.000000
0.000000
0.000000
0.000000
0.000000
0.000000
0.000000
0.000000
0.000000
0.000000
0.000000
0.000000
0.000000
0.000083
0.000000
0.000000
0.000000
0.000012
0.000012
0.000000
0.000009
0.000012
0.000000
0.000088
0.000094
0.000000
0.000011
0.000000
0.000000
0.000268
0.000002
0.000000
0.000086
0.000012
0.000000
0.000000
0.000000
0.000000
0.000000
0.000000
0.000000
0.000000
0.000000
0.000000
0.000000
0.000000
0.000000
0.000000
0.000000
0.000000
0.000000
0.000000
0.000032
0.000000
0.000000
0.000000
0.000000
0.000056
0.000000
0.000000
0.000061
0.000012
0.000000
0.000127
0.000000
0.000067
0.000000
0.000003
0.000129
0.000019
0.000049
0.000007
0.000051
