0.001275
0.006479
0.011932
0.001852
0.004948
0.005005
0.001971
0.001921
0.005020
0.000989
0.003691
0.001282
0.000708
0.003292
0.002361
0.000400
0.000212
0.000317
0.549560
0.000562
0.033888
0.027563
0.018797
0.073130
0.024668
0.016591
0.056952
0.022554
0.008494
0.052565
0.003859
0.016304
0.007808
0.008101
0.011288
0.008182
0.001097
0.001458
0.002927
0.000568
0.000000
0.000359
0.000000
0.000000
0.000000
0.000180
0.000000
0.000000
0.000041
0.000000
0.000000
0.000000
0.000000
0.000000
0.000000
0.000000
0.000000
0.000000
0.000000
0.000065
0.000000
0.000000
0.000000
0.000000
0.000000
0.000000
0.000000
0.000000
0.000000
0.000000
0.000000
0.000000
0.000000
0.000000
0.000000
0.000000
0.000000
0.000000
0.000000
0.004339
0.000929
0.000000
0.000000
0.000000
0.000000
0.000000
0.000554
0.000000
0.000474
0.000109
0.000000
0.000000
0.000000
0.000000
0.000000
0.000000
0.000000
0.000000
0.000133
0.000000
0.000000
0.000000
0.000000
0.000000
0.000000
0.000000
0.000000
0.000000
0.000000
0.000000
0.000000
0.000000
0.000000
0.000000
0.000000
0.000000
0.000000
0.000170
0.001046
0.007809
0.000000
0.000000
0.000000
0.000041
0.000069
0.001585
0.000078
0.000367
0.000233
0.000000
0.000000
0.000000
0.000000
0.000000
0.000037
0.000000
0.000000
0.000069
0.000000
0.000000
0.000000
0.000000
0.000000
0.000000
0.000000
0.000000
0.000000
0.000000
0.000000
0.000000
0.000000
0.000000
0.000000
0.000000
0.000000
0.000000
0.000000
0.000000
0.000000
0.000949
0.000000
0.000362
0.000317
0.000000
0.000106
0.000000
0.000000
0.000000
0.000120
0.000000
0.000000
0.000000
0.000000
0.000000
0.000000
0.000000
0.000000
0.000000
0.000000
0.000000
0.000000
0.000000
0.000000
0.000000
0.000000
0.000000
0.000000
0.000000
0.000000
0.000000
0.000000
0.000000
0.000000
0.000000
0.000000
0.000000
0.000000
0.000000
0.000000
0.002897
0.000981
0.000000
0.000082
0.000000
0.000000
0.000000
0.000000
0.000000
0.001019
0.000000
0.000000
0.000000
0.000000
0.000000
0.000000
0.000000
0.000000
0.000000
0.000000
0.000000
0.000000
0.000000
0.000000
0.000000
0.000000
0.000000
0.000000
0.000000
0.000000
0.000000
0.000000
0.000000
0.000000
0.000000
0.000000
0.000000
0.000000
0.000243
0.001090
0.002207
0.000078
0.000513
0.000157
0.000000
0.000000
0.000000
0.000037
0.000079
0.000592
0.000000
0.000000
0.000037
0.000000
0.000000
0.000000
0.000000
0.000000
0.000000
0.000000
0.000000
0.000000
0.000000
0.000000
0.000000
0.000000
0.000000
0.000000
0.000000
0.000000
0.000000
0.000000
0.000000
0.000000
0.000313
0.000000
0.000226
0.000372
0.000000
0.000000
0.000800
0.000000
0.000109
0.000075
0.000000
0.000000
0.000000
0.000000
0.000000
0.000078
0.000000
0.000000
0.000000
0.000000
0.000000
0.000000
0.000000
0.000000
0.000000
0.000000
0.000000
0.000000
0.000000
0.000000
0.000000
0.000000
0.000000
0.000000
0.000000
0.000000
0.000000
0.000000
0.000000
0.000000
0.000041
0.000554
0.000000
0.000581
0.000037
0.000000
0.000554
0.000069
0.000000
0.000037
0.000000
0.000000
0.000000
0.000000
0.000000
0.000000
0.000000
0.000000
0.000000
0.000069
0.000000
0.000000
0.000000
0.000000
0.000000
0.000000
0.000000
0.000000
0.000000
0.000000
0.000000
0.000000
0.000000
0.000000
0.000000
0.000000
0.000000
0.000000
0.000079
0.000065
0.000377
0.000041
0.000000
0.000996
0.000198
0.000687
0.002044
0.000000
0.000000
0.000000
0.000041
0.000000
0.000377
0.000037
0.000000
0.000116
0.000000
0.000000
0.000000
0.000000
0.000000
0.000000
0.000000
0.000000
0.000000
0.000000
0.000000
0.000000
0.000000
0.000000
0.000000
0.000000
0.000000
0.000000
0.000000
0.000000
0.000000
0.000147
0.000000
0.000114
0.000000
0.000000
0.000000
0.000000
0.000000
0.000000
0.000416
0.000000
0.000000
0.000000
0.000000
0.000000
0.000000
0.000000
0.000000
0.000313
0.000000
0.000000
0.000000
0.000000
0.000000
0.000000
0.000000
0.000000
0.000000
0.000000
0.000000
0.000000
0.000000
0.000000
0.000000
0.000000
0.000000
0.000000
0.000000
0.000000
0.000000
0.000333
0.000414
0.000000
0.000000
0.000000
0.000000
0.000000
0.000037
0.000000
0.001320
0.000413
0.000000
0.000000
0.000000
0.000000
0.000075
0.000037
0.000937
0.000099
0.000000
0.000000
0.000000
0.000000
0.000000
0.000000
0.000000
0.000000
0.000000
0.000000
0.000000
0.000000
0.000038
0.000000
0.000000
0.000000
0.000000
0.000000
0.000000
0.000000
0.000000
0.000307
0.000000
0.000000
0.000000
0.000000
0.000000
0.000215
0.000079
0.000154
0.000341
0.000000
0.000000
0.000000
0.000000
0.000000
0.000000
0.000150
0.000000
0.000000
0.000000
0.000000
0.000000
0.000000
0.000000
0.000000
0.000000
0.000000
0.000000
0.000000
0.000000
0.000000
0.000000
0.000037
0.000000
0.000000
0.000000
0.000000
0.000000
0.000000
0.000000
0.000078
0.000000
0.000000
0.000000
0.000000
0.000000
0.000000
0.000000
0.000000
0.000235
0.000000
0.000041
0.000041
0.000000
0.000000
0.000276
0.000000
0.000000
0.000000
0.000000
0.000000
0.000000
0.000000
0.000000
0.000000
0.000000
0.000000
0.000000
0.000000
0.000000
0.000000
0.000037
0.000000
0.000000
0.000000
0.000000
0.000000
0.000000
0.000000
0.000000
0.000168
0.000037
0.000000
0.000000
0.000000
0.000000
0.000000
0.000000
0.000000
0.001193
0.000438
0.000000
0.000000
0.000000
0.000962
0.000000
0.000000
0.000000
0.000000
0.000000
0.000000
0.000000
0.000000
0.000000
0.000000
0.000000
0.000000
0.000000
0.000000
0.000000
0.000513
0.000000
0.000000
0.000000
0.000000
0.000000
0.000000
0.000000
0.000037
0.000069
0.000413
0.000000
0.000000
0.000106
0.000000
0.000000
0.000000
0.000041
0.000377
0.000658
0.000000
0.000000
0.000052
0.000552
0.000000
0.000069
0.000000
0.000000
0.000000
0.000000
0.000000
0.000000
0.000000
0.000000
0.000000
0.000000
0.000000
0.000000
0.000000
0.000000
0.000000
0.000000
0.000000
0.000000
0.000000
0.000000
0.000000
0.000000
0.000000
0.000000
0.000179
0.000000
0.000000
0.000041
0.000000
0.000000
0.000075
0.000000
0.000000
0.000069
0.000000
0.000000
0.000037
0.000000
0.000000
0.000000
0.000000
0.000000
0.000000
0.000000
0.000000
0.000000
0.000000
0.000000
0.000000
0.000000
0.000000
0.000000
0.000000
0.000000
0.000000
0.000000
0.000000
0.000000
0.000069
0.000000
0.000000
0.000000
0.000000
0.000000
0.000037
0.000037
0.000000
0.000000
0.000000
0.000000
0.000000
0.000000
0.000000
0.000069
0.000000
0.000000
0.000000
0.000000
0.000000
0.000000
0.000000
0.000000
0.000000
0.000000
0.000000
0.000000
0.000000
0.000000
0.000000
0.000000
0.000000
0.000000
0.000000
0.000000
0.000000
0.000000
0.000000
0.000000
0.000000
0.000000
0.000000
0.000000
0.000052
0.000000
0.000037
0.000000
0.000000
0.000037
0.000000
0.000000
0.000000
0.000037
0.000000
0.000037
0.000079
0.000037
0.000000
0.000000
0.000000
0.000000
0.000000
0.000000
0.000000
0.000000
0.000000
0.000000
0.000000
0.000000
0.000000
0.000000
0.000000
0.000000
0.000000
0.000000
0.000000
0.000000
0.000000
0.000000
0.000000
0.000000
0.000000
0.000000
0.000000
0.000000
0.000223
0.001232
0.000150
0.000160
0.000602
0.000227
0.000137
0.000069
0.000000
0.530331
0.000000
0.000064
0.000000
0.000000
0.000000
0.000000
0.000000
0.000000
0.000000
0.000000
0.000000
0.000719
0.003437
0.001176
0.003090
0.003890
0.001095
0.000098
0.000276
0.000139
0.000000
0.000000
0.000000
0.000069
0.000000
0.000000
0.000065
0.000000
0.000000
0.000038
0.000041
0.000000
0.000000
0.000041
0.000041
0.000000
0.000000
0.000000
0.000000
0.000133
0.000000
0.000000
0.000000
0.000000
0.000000
0.000000
0.000000
0.000000
0.000000
0.000000
0.000000
0.000000
0.000099
0.000000
0.000000
0.000000
0.000000
0.000037
0.000000
0.000000
0.000645
0.000890
0.000065
0.000173
0.000000
0.000065
0.000000
0.000000
0.000000
0.000000
0.000000
0.000000
0.000000
0.000000
0.000000
0.000000
0.000000
0.000000
0.000000
0.031473
0.000000
0.000133
0.000197
0.000065
0.000000
0.000000
0.000206
0.000000
0.000133
0.000000
0.000000
0.000000
0.000000
0.000000
0.000000
0.000000
0.000000
0.000000
0.000000
0.000000
0.000000
0.000000
0.000000
0.000000
0.000000
0.000000
0.000000
0.000000
0.000000
0.000000
0.000000
0.000000
0.000000
0.000000
0.000000
0.000000
0.000000
0.000000
0.000141
0.018300
0.000000
0.005421
0.000000
0.000000
0.000000
0.001794
0.000000
0.001069
0.000970
0.000000
0.000102
0.000000
0.000000
0.000000
0.000000
0.000000
0.000000
0.000000
0.000000
0.000000
0.000000
0.000000
0.000000
0.000000
0.000000
0.000000
0.000000
0.000000
0.000000
0.000000
0.000000
0.000000
0.000000
0.000000
0.000000
0.000000
0.000000
0.000000
0.000000
0.010406
0.003877
0.000000
0.000000
0.000000
0.000000
0.001116
0.000635
0.000000
0.002779
0.000000
0.000000
0.000000
0.000000
0.000000
0.000099
0.000000
0.000000
0.000000
0.000000
0.000000
0.000000
0.000000
0.000000
0.000000
0.000000
0.000000
0.000000
0.000000
0.000000
0.000000
0.000000
0.000000
0.000000
0.000000
0.000000
0.000065
0.001087
0.004999
0.006178
0.047919
0.000000
0.000000
0.000000
0.000276
0.000827
0.006320
0.000253
0.002459
0.002646
0.000000
0.000000
0.000000
0.000000
0.000000
0.000562
0.000000
0.000000
0.000000
0.000000
0.000000
0.000000
0.000000
0.000000
0.000000
0.000000
0.000000
0.000000
0.000000
0.000000
0.000000
0.000000
0.000000
0.000000
0.000000
0.000000
0.000000
0.000000
0.000000
0.000000
0.013638
0.000000
0.007318
0.001690
0.000000
0.001858
0.000000
0.000000
0.000000
0.000171
0.000000
0.000151
0.000000
0.000000
0.000000
0.000000
0.000000
0.000000
0.000000
0.000000
0.000000
0.000000
0.000000
0.000000
0.000000
0.000000
0.000000
0.000000
0.000000
0.000000
0.000000
0.000000
0.000000
0.000000
0.000000
0.000000
0.000000
0.000000
0.000000
0.000000
0.010009
0.004061
0.000000
0.001021
0.000624
0.000000
0.000000
0.000000
0.000000
0.000776
0.000086
0.000000
0.000110
0.000000
0.000000
0.000000
0.000000
0.000000
0.000000
0.000000
0.000000
0.000000
0.000000
0.000000
0.000000
0.000000
0.000000
0.000000
0.000000
0.000000
0.000000
0.000000
0.000000
0.000069
0.000554
0.000000
0.000000
0.000000
0.004878
0.002820
0.033358
0.002164
0.000621
0.009462
0.000000
0.000000
0.000000
0.000817
0.000607
0.002053
0.000000
0.000000
0.000000
0.000000
0.000000
0.000000
0.000000
0.000000
0.000000
0.000000
0.000000
0.000000
0.000000
0.000000
0.000000
0.000000
0.000000
0.000000
0.000000
0.000000
0.000000
0.000000
0.000000
0.000133
0.003397
0.000000
0.003239
0.001705
0.000000
0.001573
0.009372
0.000000
0.002850
0.000000
0.000000
0.000136
0.000170
0.000000
0.000000
0.000041
0.000000
0.000131
0.000000
0.000000
0.000000
0.000000
0.000000
0.000000
0.000000
0.000000
0.000000
0.000000
0.000000
0.000000
0.000000
0.000000
0.000000
0.000000
0.000000
0.000000
0.000000
0.000000
0.000000
0.000000
0.000951
0.001205
0.000000
0.001238
0.000605
0.000000
0.003231
0.001196
0.000000
0.000000
0.000000
0.000000
0.000000
0.000000
0.000000
0.000108
0.000000
0.000000
0.000000
0.000000
0.000000
0.000000
0.000000
0.000000
0.000000
0.000000
0.000000
0.000000
0.000000
0.000000
0.000000
0.000000
0.000000
0.000000
0.000000
0.000000
0.000000
0.000065
0.000583
0.000475
0.009677
0.001258
0.000702
0.004972
0.006657
0.001423
0.024972
0.000000
0.000086
0.000205
0.000000
0.000199
0.000628
0.000253
0.000110
0.000674
0.000000
0.000000
0.000000
0.000000
0.000000
0.000000
0.000000
0.000000
0.000000
0.000000
0.000000
0.000000
0.000000
0.000000
0.000000
0.000000
0.000000
0.000000
0.001782
0.000000
0.000000
0.000175
0.000000
0.000000
0.000000
0.000000
0.000000
0.000099
0.000000
0.000000
0.001387
0.000000
0.000223
0.000000
0.000000
0.000000
0.000099
0.000000
0.000124
0.000000
0.000000
0.000000
0.000000
0.000000
0.000000
0.000000
0.000000
0.000000
0.000000
0.000037
0.000000
0.000000
0.000000
0.000000
0.000000
0.000000
0.000000
0.007261
0.000000
0.000000
0.000000
0.000769
0.000534
0.000000
0.000000
0.000000
0.000000
0.000000
0.000000
0.000000
0.005447
0.002102
0.000000
0.000000
0.000124
0.000000
0.000000
0.000170
0.000000
0.000000
0.000000
0.000000
0.000000
0.000000
0.000000
0.000000
0.000000
0.000000
0.000041
0.000000
0.000000
0.000000
0.000000
0.000000
0.000000
0.000000
0.000448
0.000041
0.000000
0.000284
0.000000
0.001467
0.000000
0.000000
0.000000
0.000000
0.000000
0.001834
0.000559
0.001962
0.001129
0.000000
0.000000
0.000000
0.000000
0.000000
0.000090
0.000000
0.000000
0.000000
0.000000
0.000000
0.000000
0.000000
0.000000
0.000000
0.000000
0.000000
0.000000
0.000000
0.000000
0.000000
0.000000
0.000000
0.000000
0.001558
0.000041
0.000000
0.000000
0.000000
0.000000
0.002296
0.000000
0.000110
0.000174
0.000000
0.000038
0.000000
0.000000
0.000000
0.003504
0.000000
0.000260
0.000175
0.000000
0.000038
0.000000
0.000000
0.000000
0.000000
0.000000
0.000000
0.000000
0.000000
0.000000
0.000000
0.000000
0.000000
0.000000
0.000000
0.000000
0.000000
0.000000
0.000000
0.004269
0.000038
0.000000
0.000000
0.000000
0.000000
0.000000
0.000368
0.000584
0.000000
0.000297
0.000165
0.000000
0.000000
0.000000
0.000000
0.002552
0.002564
0.000000
0.000224
0.000276
0.000000
0.000000
0.000000
0.000000
0.000000
0.000000
0.000000
0.000000
0.000000
0.000000
0.000000
0.000000
0.000000
0.000000
0.000000
0.000000
0.000000
0.000000
0.000289
0.000041
0.000133
0.000000
0.000000
0.000000
0.000670
0.000113
0.002544
0.000000
0.000000
0.000342
0.000000
0.000000
0.000000
0.000359
0.002229
0.001268
0.000000
0.000000
0.000241
0.000000
0.000000
0.000000
0.000000
0.000000
0.000000
0.000000
0.000000
0.000000
0.000000
0.000000
0.000000
0.000000
0.000000
0.000000
0.000000
0.000000
0.000000
0.000377
0.000000
0.000000
0.000060
0.000000
0.000000
0.000000
0.000000
0.000000
0.000201
0.000000
0.000110
0.000000
0.000000
0.000000
0.000041
0.000000
0.000000
0.000313
0.000000
0.000000
0.000000
0.000000
0.000000
0.000000
0.000000
0.000000
0.000000
0.000000
0.000000
0.000000
0.000000
0.000000
0.000000
0.000000
0.000000
0.000000
0.000000
0.000000
0.000457
0.000000
0.000000
0.000000
0.000000
0.000000
0.000000
0.000000
0.000041
0.000000
0.000000
0.000302
0.000000
0.000000
0.000000
0.000000
0.000218
0.000000
0.000000
0.000250
0.000194
0.000000
0.000000
0.000000
0.000000
0.000000
0.000000
0.000000
0.000000
0.000000
0.000000
0.000000
0.000000
0.000000
0.000000
0.000000
0.000000
0.000000
0.000000
0.000363
0.000000
0.000000
0.000000
0.000000
0.000052
0.000176
0.000000
0.000000
0.000049
0.000000
0.001032
0.000000
0.000274
0.000000
0.000041
0.000278
0.000000
0.000124
0.000249
0.000297
