0.013091
0.018345
0.008258
0.008406
0.021316
0.006173
0.002258
0.002903
0.001426
0.000517
0.001434
0.000125
0.000343
0.002305
0.000267
0.000042
0.000084
0.000015
0.501692
0.000009
0.037744
0.061807
0.049296
0.048128
0.056955
0.066670
0.042337
0.012151
0.009134
0.009087
0.001983
0.005359
0.000532
0.001896
0.006939
0.000690
0.000049
0.000194
0.000041
0.010352
0.000000
0.001774
0.000000
0.000000
0.000000
0.000608
0.000000
0.000131
0.000193
0.000000
0.000034
0.000000
0.000000
0.000000
0.000008
0.000000
0.000000
0.000000
0.000000
0.000011
0.000000
0.000000
0.000000
0.000000
0.000000
0.000000
0.000000
0.000000
0.000000
0.000000
0.000000
0.000000
0.000000
0.000000
0.000000
0.000000
0.000000
0.000000
0.000000
0.015804
0.001431
0.000000
0.000000
0.000000
0.000000
0.000572
0.000052
0.000000
0.000459
0.000011
0.000000
0.000000
0.000000
0.000000
0.000017
0.000000
0.000000
0.000000
0.000033
0.000000
0.000000
0.000000
0.000000
0.000000
0.000000
0.000000
0.000000
0.000000
0.000000
0.000000
0.000000
0.000000
0.000000
0.000000
0.000000
0.000000
0.000000
0.001824
0.001570
0.004384
0.000000
0.000000
0.000000
0.000048
0.000071
0.000221
0.000016
0.000040
0.000045
0.000000
0.000000
0.000000
0.000000
0.000000
0.000000
0.000000
0.000000
0.000052
0.000000
0.000000
0.000000
0.000000
0.000000
0.000000
0.000000
0.000000
0.000000
0.000000
0.000000
0.000000
0.000000
0.000000
0.000000
0.000000
0.000000
0.000000
0.000000
0.000000
0.000000
0.006490
0.000000
0.001208
0.000525
0.000000
0.000038
0.000000
0.000000
0.000000
0.000087
0.000000
0.000026
0.000000
0.000000
0.000000
0.000000
0.000000
0.000021
0.000000
0.000000
0.000000
0.000000
0.000000
0.000000
0.000000
0.000000
0.000000
0.000000
0.000000
0.000000
0.000000
0.000000
0.000000
0.000000
0.000000
0.000000
0.000000
0.000000
0.000000
0.000000
0.018400
0.001147
0.000000
0.000858
0.000106
0.000000
0.000000
0.000000
0.000000
0.000559
0.000000
0.000000
0.000000
0.000000
0.000000
0.000000
0.000143
0.000000
0.000000
0.000000
0.000000
0.000000
0.000000
0.000000
0.000000
0.000000
0.000000
0.000000
0.000000
0.000000
0.000000
0.000000
0.000000
0.000000
0.000000
0.000000
0.000000
0.000000
0.001155
0.001406
0.003217
0.000050
0.000090
0.000175
0.000000
0.000000
0.000000
0.000016
0.000016
0.000019
0.000000
0.000000
0.000000
0.000000
0.000000
0.000035
0.000000
0.000000
0.000000
0.000000
0.000000
0.000000
0.000000
0.000000
0.000000
0.000000
0.000000
0.000000
0.000000
0.000000
0.000000
0.000000
0.000000
0.000000
0.000557
0.000000
0.000023
0.000577
0.000000
0.000069
0.000849
0.000000
0.000145
0.000000
0.000000
0.000000
0.000000
0.000000
0.000000
0.000016
0.000000
0.000000
0.000000
0.000000
0.000025
0.000000
0.000000
0.000000
0.000000
0.000000
0.000000
0.000000
0.000000
0.000000
0.000000
0.000000
0.000000
0.000000
0.000000
0.000000
0.000000
0.000000
0.000000
0.000000
0.000500
0.000308
0.000000
0.000642
0.000086
0.000000
0.001113
0.000200
0.000000
0.000011
0.000000
0.000000
0.000027
0.000000
0.000000
0.000021
0.000000
0.000000
0.000000
0.000000
0.000000
0.000000
0.000000
0.000000
0.000000
0.000000
0.000000
0.000000
0.000000
0.000000
0.000000
0.000000
0.000000
0.000000
0.000000
0.000000
0.000000
0.000000
0.000117
0.000088
0.000182
0.000074
0.000056
0.000270
0.000127
0.000090
0.000325
0.000000
0.000000
0.000000
0.000000
0.000000
0.000090
0.000008
0.000000
0.000000
0.000000
0.000000
0.000000
0.000000
0.000000
0.000000
0.000000
0.000000
0.000000
0.000000
0.000000
0.000000
0.000000
0.000000
0.000000
0.000000
0.000000
0.000000
0.000000
0.000000
0.000000
0.000096
0.000000
0.000026
0.000000
0.000000
0.000000
0.000005
0.000000
0.000000
0.000142
0.000000
0.000011
0.000000
0.000000
0.000000
0.000000
0.000000
0.000000
0.000228
0.000000
0.000009
0.000000
0.000000
0.000000
0.000000
0.000000
0.000000
0.000000
0.000000
0.000000
0.000000
0.000000
0.000000
0.000000
0.000000
0.000000
0.000000
0.000000
0.000000
0.000000
0.000262
0.000061
0.000000
0.000000
0.000000
0.000000
0.000000
0.000000
0.000000
0.000528
0.000000
0.000000
0.000000
0.000000
0.000000
0.000018
0.000000
0.000568
0.000000
0.000000
0.000000
0.000000
0.000000
0.000000
0.000000
0.000000
0.000000
0.000000
0.000000
0.000000
0.000000
0.000000
0.000000
0.000000
0.000000
0.000000
0.000000
0.000000
0.000000
0.000000
0.000026
0.000000
0.000000
0.000000
0.000000
0.000000
0.000000
0.000011
0.000047
0.000008
0.000000
0.000000
0.000000
0.000000
0.000000
0.000000
0.000032
0.000000
0.000000
0.000000
0.000000
0.000000
0.000000
0.000000
0.000000
0.000000
0.000000
0.000000
0.000000
0.000000
0.000000
0.000000
0.000000
0.000000
0.000000
0.000000
0.000000
0.000000
0.000000
0.000000
0.000064
0.000000
0.000019
0.000000
0.000000
0.000000
0.000000
0.000000
0.000000
0.000096
0.000000
0.000016
0.000010
0.000000
0.000000
0.000138
0.000000
0.000000
0.000000
0.000000
0.000000
0.000000
0.000000
0.000000
0.000000
0.000000
0.000000
0.000000
0.000000
0.000000
0.000000
0.000000
0.000000
0.000000
0.000000
0.000000
0.000000
0.000000
0.000000
0.000000
0.000620
0.000111
0.000000
0.000008
0.000000
0.000000
0.000000
0.000000
0.000000
0.000887
0.000022
0.000000
0.000011
0.000000
0.000615
0.000009
0.000025
0.000000
0.000000
0.000000
0.000000
0.000000
0.000000
0.000000
0.000000
0.000000
0.000000
0.000000
0.000000
0.000000
0.000000
0.000000
0.000000
0.000000
0.000000
0.000000
0.000000
0.000000
0.000020
0.000000
0.000048
0.000000
0.000000
0.000008
0.000000
0.000000
0.000000
0.000011
0.000011
0.000041
0.000000
0.000000
0.000015
0.000113
0.000000
0.000000
0.000000
0.000000
0.000000
0.000000
0.000000
0.000000
0.000000
0.000000
0.000000
0.000000
0.000000
0.000000
0.000000
0.000000
0.000000
0.000000
0.000000
0.000000
0.000000
0.000000
0.000000
0.000000
0.000000
0.000000
0.000010
0.000000
0.000000
0.000008
0.000000
0.000000
0.000024
0.000000
0.000000
0.000000
0.000000
0.000000
0.000000
0.000000
0.000000
0.000000
0.000000
0.000000
0.000000
0.000000
0.000000
0.000000
0.000000
0.000000
0.000000
0.000000
0.000000
0.000000
0.000000
0.000000
0.000000
0.000000
0.000000
0.000000
0.000011
0.000000
0.000000
0.000000
0.000000
0.000000
0.000009
0.000009
0.000000
0.000010
0.000000
0.000000
0.000011
0.000000
0.000000
0.000017
0.000000
0.000017
0.000000
0.000000
0.000000
0.000000
0.000000
0.000000
0.000000
0.000000
0.000000
0.000000
0.000000
0.000000
0.000000
0.000000
0.000000
0.000000
0.000000
0.000000
0.000000
0.000000
0.000000
0.000000
0.000000
0.000000
0.000000
0.000000
0.000000
0.000000
0.000015
0.000000
0.000000
0.000000
0.000000
0.000000
0.000000
0.000000
0.000000
0.000000
0.000000
0.000000
0.000000
0.000000
0.000000
0.000000
0.000000
0.000000
0.000000
0.000000
0.000000
0.000000
0.000000
0.000000
0.000000
0.000000
0.000000
0.000000
0.000000
0.000000
0.000000
0.000000
0.000000
0.000000
0.000000
0.000000
0.000000
0.000000
0.000000
0.000000
0.000148
0.000341
0.000016
0.000109
0.000780
0.000053
0.000000
0.000000
0.000000
0.494649
0.000000
0.000000
0.000000
0.000000
0.000000
0.000000
0.000000
0.000000
0.000000
0.000000
0.000000
0.000424
0.001078
0.000057
0.000825
0.002366
0.000056
0.000000
0.000038
0.000000
0.000000
0.000000
0.000000
0.000000
0.000000
0.000000
0.000000
0.000000
0.000000
0.000000
0.000000
0.000000
0.000000
0.000000
0.000000
0.000000
0.000000
0.000000
0.000000
0.000000
0.000000
0.000000
0.000000
0.000000
0.000000
0.000000
0.000009
0.000000
0.000000
0.000000
0.000000
0.000000
0.000000
0.000000
0.000000
0.000000
0.000000
0.000000
0.000000
0.000165
0.000152
0.000055
0.000038
0.000217
0.000006
0.000038
0.000098
0.000000
0.000000
0.000000
0.000000
0.000000
0.000000
0.000000
0.000000
0.000000
0.000000
0.000000
0.000000
0.036476
0.000032
0.000108
0.000163
0.000038
0.000050
0.000101
0.000000
0.000036
0.000021
0.000019
0.000000
0.000000
0.000000
0.000000
0.000000
0.000000
0.000000
0.000000
0.000000
0.000000
0.000000
0.000000
0.000000
0.000000
0.000000
0.000000
0.000000
0.000000
0.000000
0.000000
0.000000
0.000000
0.000000
0.000000
0.000000
0.000000
0.000000
0.000000
0.000135
0.047232
0.000000
0.010699
0.000000
0.000000
0.000000
0.002897
0.000000
0.000356
0.000618
0.000000
0.000022
0.000000
0.000000
0.000000
0.000000
0.000000
0.000000
0.000000
0.000000
0.000000
0.000000
0.000000
0.000000
0.000000
0.000000
0.000000
0.000000
0.000000
0.000000
0.000000
0.000000
0.000000
0.000000
0.000000
0.000000
0.000000
0.000000
0.000250
0.000000
0.036762
0.007904
0.000000
0.000000
0.000000
0.000000
0.002103
0.000244
0.000000
0.002095
0.000020
0.000000
0.000000
0.000000
0.000000
0.000021
0.000000
0.000000
0.000000
0.000000
0.000000
0.000000
0.000000
0.000000
0.000000
0.000000
0.000000
0.000000
0.000000
0.000000
0.000000
0.000000
0.000000
0.000000
0.000000
0.000000
0.000000
0.000101
0.009306
0.009527
0.026454
0.000000
0.000000
0.000000
0.000237
0.000657
0.001523
0.000106
0.000085
0.000225
0.000000
0.000000
0.000000
0.000000
0.000000
0.000000
0.000000
0.000000
0.000000
0.000000
0.000000
0.000000
0.000000
0.000000
0.000000
0.000000
0.000000
0.000000
0.000000
0.000000
0.000000
0.000000
0.000000
0.000000
0.000000
0.000000
0.000116
0.000000
0.000000
0.000000
0.044751
0.000000
0.008331
0.003018
0.000000
0.000606
0.000000
0.000000
0.000000
0.000238
0.000000
0.000000
0.000000
0.000000
0.000000
0.000000
0.000000
0.000000
0.000000
0.000000
0.000000
0.000000
0.000000
0.000000
0.000000
0.000000
0.000000
0.000000
0.000000
0.000000
0.000000
0.000000
0.000000
0.000000
0.000000
0.000185
0.000000
0.000000
0.000000
0.000000
0.053036
0.008875
0.000000
0.002149
0.000941
0.000000
0.000000
0.000000
0.000000
0.001609
0.000000
0.000000
0.000000
0.000000
0.000000
0.000000
0.000000
0.000000
0.000000
0.000000
0.000000
0.000000
0.000000
0.000000
0.000000
0.000000
0.000000
0.000000
0.000000
0.000000
0.000000
0.000000
0.000000
0.000000
0.000125
0.000000
0.000000
0.000000
0.008987
0.007695
0.022400
0.000799
0.000617
0.001490
0.000000
0.000000
0.000000
0.000013
0.000184
0.000090
0.000000
0.000000
0.000000
0.000000
0.000000
0.000000
0.000000
0.000000
0.000000
0.000000
0.000000
0.000000
0.000000
0.000000
0.000000
0.000000
0.000000
0.000000
0.000000
0.000000
0.000000
0.000000
0.000000
0.000000
0.003976
0.000000
0.000301
0.002184
0.000000
0.000492
0.004064
0.000000
0.001133
0.000008
0.000000
0.000000
0.000010
0.000000
0.000000
0.000016
0.000000
0.000000
0.000000
0.000000
0.000000
0.000000
0.000000
0.000000
0.000000
0.000000
0.000000
0.000000
0.000000
0.000000
0.000000
0.000000
0.000000
0.000000
0.000000
0.000000
0.000000
0.000000
0.000040
0.000000
0.001749
0.000584
0.000000
0.002509
0.000363
0.000000
0.003002
0.000796
0.000000
0.000005
0.000000
0.000000
0.000021
0.000000
0.000000
0.000065
0.000000
0.000000
0.000000
0.000000
0.000000
0.000000
0.000000
0.000000
0.000000
0.000000
0.000000
0.000000
0.000000
0.000000
0.000000
0.000000
0.000000
0.000000
0.000000
0.000000
0.000000
0.000019
0.001062
0.000524
0.001728
0.000284
0.000622
0.001240
0.001097
0.000499
0.001882
0.000000
0.000000
0.000000
0.000017
0.000115
0.000018
0.000000
0.000000
0.000000
0.000000
0.000000
0.000000
0.000000
0.000000
0.000000
0.000000
0.000000
0.000000
0.000000
0.000000
0.000000
0.000000
0.000000
0.000000
0.000000
0.000000
0.000000
0.000731
0.000000
0.000000
0.000323
0.000000
0.000082
0.000000
0.000000
0.000000
0.000014
0.000000
0.000000
0.000805
0.000000
0.000005
0.000000
0.000000
0.000000
0.000000
0.000000
0.000000
0.000000
0.000000
0.000000
0.000000
0.000000
0.000000
0.000000
0.000000
0.000000
0.000000
0.000000
0.000000
0.000000
0.000000
0.000000
0.000000
0.000000
0.000000
0.002292
0.000000
0.000000
0.000000
0.000729
0.000202
0.000000
0.000000
0.000000
0.000000
0.000041
0.000000
0.000000
0.002002
0.000074
0.000000
0.000000
0.000000
0.000000
0.000032
0.000000
0.000000
0.000000
0.000000
0.000000
0.000000
0.000000
0.000000
0.000000
0.000000
0.000000
0.000000
0.000000
0.000000
0.000000
0.000000
0.000000
0.000000
0.000000
0.000162
0.000000
0.000000
0.000029
0.000000
0.000088
0.000000
0.000000
0.000000
0.000000
0.000000
0.000019
0.000005
0.000099
0.000130
0.000000
0.000000
0.000000
0.000000
0.000000
0.000000
0.000000
0.000000
0.000000
0.000000
0.000000
0.000000
0.000000
0.000000
0.000000
0.000000
0.000000
0.000000
0.000000
0.000000
0.000000
0.000000
0.000000
0.000000
0.000305
0.000000
0.000009
0.000000
0.000000
0.000000
0.000657
0.000000
0.000059
0.000014
0.000000
0.000009
0.000000
0.000000
0.000000
0.000749
0.000000
0.000043
0.000034
0.000000
0.000021
0.000000
0.000000
0.000000
0.000000
0.000000
0.000000
0.000000
0.000000
0.000000
0.000000
0.000000
0.000000
0.000000
0.000017
0.000000
0.000000
0.000000
0.000000
0.002037
0.000000
0.000000
0.000000
0.000000
0.000000
0.000000
0.001685
0.000208
0.000000
0.000000
0.000000
0.000000
0.000000
0.000000
0.000000
0.002495
0.000469
0.000000
0.000022
0.000020
0.000000
0.000000
0.000000
0.000000
0.000000
0.000000
0.000000
0.000000
0.000000
0.000000
0.000000
0.000000
0.000000
0.000000
0.000000
0.000000
0.000000
0.000000
0.000026
0.000000
0.000000
0.000000
0.000000
0.000000
0.000158
0.000008
0.000325
0.000010
0.000000
0.000067
0.000000
0.000000
0.000000
0.000011
0.000071
0.000015
0.000000
0.000000
0.000000
0.000000
0.000000
0.000000
0.000000
0.000000
0.000000
0.000000
0.000000
0.000000
0.000000
0.000000
0.000000
0.000000
0.000000
0.000000
0.000000
0.000000
0.000000
0.000000
0.000000
0.000000
0.000000
0.000000
0.000000
0.000000
0.000000
0.000000
0.000024
0.000000
0.000009
0.000000
0.000000
0.000000
0.000016
0.000000
0.000000
0.000000
0.000000
0.000000
0.000000
0.000000
0.000000
0.000000
0.000000
0.000000
0.000000
0.000000
0.000000
0.000000
0.000000
0.000000
0.000000
0.000000
0.000000
0.000000
0.000000
0.000000
0.000025
0.000000
0.000000
0.000000
0.000000
0.000011
0.000000
0.000032
0.000000
0.000000
0.000049
0.000000
0.000000
0.000007
0.000000
0.000000
0.000053
0.000000
0.000000
0.000016
0.000000
0.000000
0.000000
0.000000
0.000000
0.000000
0.000000
0.000000
0.000000
0.000000
0.000000
0.000000
0.000000
0.000000
0.000000
0.000000
0.000000
0.000000
0.000000
0.000000
0.000000
0.000000
0.000000
0.000000
0.000021
0.000000
0.000000
0.000000
0.000009
0.000000
0.000010
0.000000
0.000000
0.000000
0.000000
0.000000
0.000000
0.000000
0.000000
0.000000
