0.003886
0.006528
0.013256
0.001182
0.006295
0.009341
0.001497
0.002331
0.007589
0.001430
0.004473
0.002458
0.000737
0.005183
0.002056
0.000287
0.000836
0.001202
0.442205
0.001458
0.031942
0.029856
0.015215
0.109555
0.021634
0.026345
0.072961
0.017004
0.010586
0.073464
0.004914
0.018455
0.013419
0.003515
0.018134
0.010000
0.001400
0.002094
0.005275
0.002390
0.000000
0.000931
0.000000
0.000000
0.000000
0.000265
0.000000
0.000140
0.000018
0.000000
0.000012
0.000000
0.000000
0.000000
0.000000
0.000000
0.000000
0.000000
0.000000
0.000144
0.000000
0.000000
0.000000
0.000000
0.000000
0.000000
0.000000
0.000000
0.000000
0.000000
0.000000
0.000000
0.000000
0.000000
0.000000
0.000000
0.000000
0.000000
0.000000
0.004134
0.001270
0.000000
0.000000
0.000000
0.000000
0.000299
0.000123
0.000000
0.000402
0.000051
0.000000
0.000000
0.000000
0.000000
0.000019
0.000000
0.000000
0.000008
0.000219
0.000000
0.000000
0.000000
0.000000
0.000000
0.000000
0.000000
0.000000
0.000000
0.000000
0.000000
0.000000
0.000000
0.000000
0.000000
0.000000
0.000000
0.000000
0.000897
0.001173
0.007843
0.000000
0.000000
0.000000
0.000191
0.000183
0.001138
0.000134
0.000327
0.000674
0.000000
0.000000
0.000000
0.000006
0.000015
0.000081
0.000000
0.000168
0.000341
0.000000
0.000000
0.000000
0.000000
0.000000
0.000000
0.000000
0.000000
0.000000
0.000000
0.000000
0.000000
0.000000
0.000000
0.000000
0.000000
0.000000
0.000000
0.000000
0.000000
0.000000
0.000509
0.000000
0.000477
0.000082
0.000000
0.000030
0.000000
0.000000
0.000000
0.000058
0.000000
0.000009
0.000000
0.000000
0.000009
0.000000
0.000000
0.000013
0.000000
0.000000
0.000000
0.000000
0.000000
0.000000
0.000000
0.000000
0.000000
0.000000
0.000000
0.000000
0.000000
0.000000
0.000000
0.000000
0.000000
0.000000
0.000000
0.000000
0.000000
0.000000
0.003555
0.001023
0.000000
0.000336
0.000202
0.000000
0.000000
0.000000
0.000000
0.000735
0.000040
0.000000
0.000057
0.000000
0.000000
0.000009
0.000160
0.000000
0.000000
0.000000
0.000000
0.000000
0.000000
0.000000
0.000000
0.000000
0.000000
0.000000
0.000000
0.000000
0.000000
0.000000
0.000000
0.000000
0.000000
0.000000
0.000000
0.000000
0.000383
0.001209
0.005776
0.000028
0.000108
0.000808
0.000000
0.000000
0.000000
0.000030
0.000319
0.000340
0.000006
0.000000
0.000025
0.000000
0.000006
0.000206
0.000000
0.000000
0.000000
0.000000
0.000000
0.000000
0.000000
0.000000
0.000000
0.000000
0.000000
0.000000
0.000000
0.000000
0.000000
0.000000
0.000000
0.000000
0.000146
0.000000
0.000126
0.000116
0.000000
0.000076
0.000431
0.000000
0.000423
0.000010
0.000000
0.000000
0.000014
0.000000
0.000007
0.000048
0.000000
0.000040
0.000000
0.000000
0.000064
0.000000
0.000000
0.000000
0.000000
0.000000
0.000000
0.000000
0.000000
0.000000
0.000000
0.000000
0.000000
0.000000
0.000000
0.000000
0.000000
0.000000
0.000000
0.000000
0.000329
0.000067
0.000000
0.000335
0.000051
0.000000
0.000765
0.000378
0.000000
0.000012
0.000000
0.000000
0.000073
0.000007
0.000000
0.000164
0.000000
0.000000
0.000000
0.000087
0.000000
0.000000
0.000000
0.000000
0.000000
0.000000
0.000000
0.000000
0.000000
0.000000
0.000000
0.000000
0.000000
0.000000
0.000000
0.000000
0.000000
0.000000
0.000121
0.000101
0.001060
0.000083
0.000308
0.000784
0.000341
0.000416
0.003310
0.000011
0.000008
0.000033
0.000013
0.000117
0.000119
0.000005
0.000134
0.000430
0.000000
0.000008
0.000214
0.000000
0.000000
0.000000
0.000000
0.000000
0.000000
0.000000
0.000000
0.000000
0.000000
0.000000
0.000000
0.000000
0.000000
0.000000
0.000000
0.000000
0.000000
0.000066
0.000000
0.000258
0.000000
0.000000
0.000000
0.000009
0.000000
0.000008
0.000524
0.000000
0.000075
0.000000
0.000000
0.000000
0.000059
0.000000
0.000009
0.000363
0.000000
0.000000
0.000000
0.000000
0.000000
0.000000
0.000000
0.000000
0.000000
0.000000
0.000000
0.000000
0.000000
0.000000
0.000000
0.000000
0.000000
0.000000
0.000000
0.000000
0.000000
0.000498
0.000406
0.000000
0.000000
0.000000
0.000000
0.000062
0.000011
0.000000
0.001442
0.000595
0.000000
0.000000
0.000000
0.000000
0.000055
0.000105
0.001105
0.000015
0.000165
0.000000
0.000000
0.000000
0.000000
0.000000
0.000000
0.000000
0.000000
0.000000
0.000007
0.000043
0.000013
0.000000
0.000000
0.000000
0.000000
0.000000
0.000000
0.000175
0.000014
0.000826
0.000000
0.000000
0.000000
0.000000
0.000000
0.000054
0.000130
0.000184
0.000537
0.000000
0.000000
0.000000
0.000000
0.000000
0.000015
0.000420
0.000050
0.000014
0.000000
0.000000
0.000000
0.000000
0.000000
0.000000
0.000000
0.000000
0.000000
0.000000
0.000054
0.000000
0.000000
0.000000
0.000000
0.000000
0.000000
0.000000
0.000000
0.000000
0.000000
0.000043
0.000000
0.000023
0.000027
0.000000
0.000000
0.000000
0.000000
0.000000
0.000190
0.000000
0.000104
0.000017
0.000000
0.000071
0.000174
0.000013
0.000000
0.000000
0.000000
0.000000
0.000000
0.000000
0.000000
0.000000
0.000000
0.000000
0.000000
0.000000
0.000000
0.000025
0.000000
0.000010
0.000000
0.000000
0.000000
0.000000
0.000000
0.000000
0.000000
0.000711
0.000174
0.000000
0.000054
0.000165
0.000000
0.000000
0.000000
0.000000
0.001942
0.000229
0.000000
0.000082
0.000101
0.001481
0.000115
0.000046
0.000000
0.000000
0.000000
0.000000
0.000000
0.000000
0.000000
0.000000
0.000000
0.000000
0.000000
0.000000
0.000000
0.000050
0.000006
0.000000
0.000000
0.000000
0.000000
0.000000
0.000000
0.000005
0.000023
0.000619
0.000000
0.000005
0.000131
0.000000
0.000000
0.000000
0.000135
0.000122
0.000378
0.000000
0.000000
0.000142
0.000395
0.000054
0.000000
0.000000
0.000000
0.000000
0.000000
0.000000
0.000000
0.000000
0.000000
0.000000
0.000000
0.000000
0.000000
0.000000
0.000006
0.000000
0.000000
0.000000
0.000000
0.000000
0.000000
0.000017
0.000000
0.000000
0.000045
0.000063
0.000000
0.000037
0.000032
0.000000
0.000000
0.000015
0.000000
0.000000
0.000062
0.000000
0.000000
0.000018
0.000000
0.000000
0.000000
0.000000
0.000000
0.000000
0.000000
0.000000
0.000000
0.000000
0.000000
0.000000
0.000000
0.000000
0.000000
0.000000
0.000000
0.000000
0.000000
0.000000
0.000000
0.000005
0.000007
0.000000
0.000011
0.000000
0.000000
0.000065
0.000133
0.000000
0.000105
0.000000
0.000000
0.000193
0.000000
0.000000
0.000099
0.000052
0.000132
0.000000
0.000000
0.000000
0.000000
0.000000
0.000000
0.000000
0.000000
0.000000
0.000000
0.000000
0.000000
0.000000
0.000000
0.000000
0.000000
0.000041
0.000000
0.000000
0.000000
0.000019
0.000000
0.000012
0.000000
0.000000
0.000032
0.000017
0.000000
0.000469
0.000087
0.000046
0.000045
0.000000
0.000088
0.000143
0.000000
0.000083
0.000044
0.000031
0.000013
0.000019
0.000000
0.000000
0.000000
0.000000
0.000000
0.000000
0.000000
0.000000
0.000000
0.000000
0.000000
0.000000
0.000000
0.000000
0.000000
0.000000
0.000000
0.000000
0.000000
0.000000
0.000000
0.000000
0.000000
0.000000
0.000000
0.000000
0.000000
0.000393
0.001501
0.000316
0.000199
0.001451
0.000435
0.000086
0.000115
0.000028
0.416913
0.000000
0.000162
0.000000
0.000000
0.000000
0.000000
0.000000
0.000000
0.000000
0.000000
0.000000
0.001422
0.004612
0.002056
0.001531
0.005298
0.001922
0.000154
0.000187
0.000309
0.000014
0.000000
0.000087
0.000000
0.000073
0.000015
0.000000
0.000006
0.000000
0.000015
0.000124
0.000062
0.000000
0.000031
0.000188
0.000000
0.000010
0.000033
0.000000
0.000362
0.000000
0.000000
0.000000
0.000089
0.000009
0.000000
0.000075
0.000000
0.000000
0.000000
0.000000
0.000062
0.000038
0.000000
0.000100
0.000027
0.000000
0.000013
0.000045
0.000083
0.000153
0.000373
0.000022
0.000087
0.000296
0.000051
0.000045
0.000098
0.000000
0.000022
0.000025
0.000000
0.000058
0.000017
0.000000
0.000000
0.000014
0.000043
0.000000
0.028816
0.000222
0.000040
0.000483
0.000122
0.000084
0.000346
0.000144
0.000026
0.000418
0.000013
0.000017
0.000012
0.000000
0.000025
0.000007
0.000008
0.000000
0.000000
0.000000
0.000000
0.000000
0.000000
0.000000
0.000000
0.000000
0.000000
0.000000
0.000000
0.000000
0.000000
0.000000
0.000000
0.000000
0.000000
0.000000
0.000000
0.000000
0.000000
0.000083
0.015796
0.000000
0.009875
0.000000
0.000000
0.000000
0.002118
0.000000
0.001284
0.000474
0.000000
0.000383
0.000000
0.000000
0.000000
0.000061
0.000000
0.000036
0.000000
0.000000
0.000000
0.000000
0.000000
0.000000
0.000000
0.000000
0.000000
0.000000
0.000000
0.000000
0.000000
0.000000
0.000000
0.000000
0.000000
0.000000
0.000000
0.000019
0.000140
0.000000
0.006925
0.003523
0.000000
0.000000
0.000000
0.000000
0.001634
0.000630
0.000000
0.002249
0.000141
0.000000
0.000000
0.000000
0.000000
0.000088
0.000000
0.000000
0.000000
0.000000
0.000000
0.000000
0.000000
0.000000
0.000000
0.000000
0.000000
0.000000
0.000000
0.000000
0.000000
0.000000
0.000000
0.000000
0.000000
0.000000
0.000064
0.000288
0.009802
0.006006
0.073903
0.000000
0.000000
0.000000
0.001271
0.001104
0.010927
0.000334
0.002166
0.004074
0.000000
0.000000
0.000000
0.000019
0.000061
0.000617
0.000000
0.000000
0.000000
0.000000
0.000000
0.000000
0.000000
0.000000
0.000000
0.000000
0.000000
0.000000
0.000000
0.000000
0.000000
0.000000
0.000000
0.000000
0.000000
0.000000
0.000077
0.000000
0.000000
0.000000
0.012642
0.000000
0.005836
0.001535
0.000000
0.001204
0.000000
0.000000
0.000000
0.000179
0.000000
0.000174
0.000019
0.000000
0.000098
0.000000
0.000000
0.000000
0.000000
0.000000
0.000000
0.000000
0.000000
0.000000
0.000000
0.000000
0.000000
0.000000
0.000000
0.000000
0.000000
0.000000
0.000000
0.000000
0.000025
0.000178
0.000000
0.000000
0.000000
0.000000
0.014190
0.007190
0.000000
0.000864
0.002075
0.000000
0.000000
0.000000
0.000000
0.001948
0.000012
0.000000
0.000005
0.000000
0.000000
0.000000
0.000000
0.000000
0.000000
0.000000
0.000000
0.000000
0.000000
0.000000
0.000000
0.000000
0.000000
0.000000
0.000000
0.000000
0.000000
0.000000
0.000000
0.000000
0.000197
0.000000
0.000000
0.000000
0.006028
0.005874
0.044450
0.001540
0.000517
0.011375
0.000000
0.000000
0.000000
0.000033
0.001464
0.001802
0.000011
0.000000
0.000117
0.000000
0.000000
0.000000
0.000000
0.000000
0.000000
0.000000
0.000000
0.000000
0.000000
0.000000
0.000000
0.000000
0.000000
0.000000
0.000000
0.000000
0.000000
0.000000
0.000000
0.000038
0.001232
0.000000
0.001977
0.001030
0.000000
0.001102
0.006099
0.000000
0.004518
0.000192
0.000000
0.000086
0.000087
0.000000
0.000103
0.000367
0.000000
0.000339
0.000000
0.000000
0.000000
0.000000
0.000000
0.000000
0.000000
0.000000
0.000000
0.000000
0.000000
0.000000
0.000000
0.000000
0.000000
0.000000
0.000000
0.000000
0.000000
0.000005
0.000090
0.000000
0.000874
0.000512
0.000000
0.002222
0.000925
0.000000
0.003447
0.001832
0.000000
0.000115
0.000000
0.000000
0.000258
0.000007
0.000000
0.000382
0.000000
0.000000
0.000000
0.000000
0.000000
0.000000
0.000000
0.000000
0.000000
0.000000
0.000000
0.000000
0.000000
0.000000
0.000000
0.000000
0.000000
0.000000
0.000000
0.000000
0.000081
0.000198
0.001770
0.000978
0.014575
0.000880
0.001526
0.006910
0.004019
0.002837
0.036036
0.000086
0.000352
0.000550
0.000023
0.000347
0.001061
0.000064
0.000509
0.001395
0.000000
0.000000
0.000000
0.000000
0.000000
0.000000
0.000000
0.000000
0.000000
0.000000
0.000069
0.000000
0.000000
0.000000
0.000000
0.000000
0.000000
0.000000
0.001512
0.000000
0.000009
0.000514
0.000000
0.000338
0.000000
0.000000
0.000000
0.000077
0.000000
0.000016
0.001772
0.000061
0.000442
0.000000
0.000000
0.000015
0.000113
0.000000
0.000014
0.000000
0.000000
0.000000
0.000000
0.000000
0.000000
0.000000
0.000000
0.000000
0.000009
0.000065
0.000052
0.000000
0.000000
0.000000
0.000000
0.000000
0.000000
0.007668
0.000076
0.000017
0.000000
0.000488
0.001161
0.000000
0.000000
0.000000
0.000000
0.000007
0.000105
0.000014
0.005505
0.002696
0.000000
0.000071
0.000000
0.000000
0.000132
0.000407
0.000000
0.000000
0.000000
0.000000
0.000000
0.000000
0.000000
0.000000
0.000000
0.000000
0.000061
0.000000
0.000000
0.000039
0.000000
0.000000
0.000000
0.000007
0.001577
0.000054
0.000039
0.000621
0.000023
0.003941
0.000000
0.000000
0.000000
0.000046
0.000000
0.000529
0.000435
0.003011
0.002895
0.000000
0.000000
0.000000
0.000000
0.000000
0.000259
0.000000
0.000000
0.000000
0.000000
0.000000
0.000000
0.000000
0.000000
0.000000
0.000000
0.000000
0.000007
0.000000
0.000011
0.000000
0.000000
0.000000
0.000000
0.000815
0.000010
0.000010
0.000000
0.000000
0.000000
0.000614
0.000000
0.000240
0.000055
0.000000
0.000036
0.000000
0.000006
0.000000
0.001098
0.000000
0.000277
0.000244
0.000000
0.000116
0.000000
0.000000
0.000000
0.000000
0.000000
0.000000
0.000000
0.000000
0.000000
0.000074
0.000062
0.000000
0.000000
0.000025
0.000000
0.000000
0.000012
0.000007
0.006463
0.000104
0.000025
0.000000
0.000000
0.000000
0.000000
0.001040
0.001496
0.000000
0.000059
0.000274
0.000000
0.000000
0.000000
0.000011
0.005650
0.002121
0.000000
0.000157
0.000511
0.000000
0.000000
0.000000
0.000000
0.000000
0.000000
0.000000
0.000000
0.000000
0.000000
0.000000
0.000000
0.000086
0.000011
0.000013
0.000000
0.000000
0.000000
0.001452
0.000091
0.000006
0.000000
0.000000
0.000000
0.000390
0.000093
0.003286
0.000000
0.000000
0.000506
0.000000
0.000000
0.000000
0.000259
0.001604
0.002008
0.000000
0.000000
0.000172
0.000000
0.000000
0.000000
0.000000
0.000000
0.000000
0.000000
0.000000
0.000000
0.000000
0.000000
0.000000
0.000000
0.000000
0.000000
0.000000
0.000000
0.000000
0.000330
0.000000
0.000000
0.000077
0.000000
0.000013
0.000024
0.000000
0.000042
0.000150
0.000000
0.000114
0.000127
0.000000
0.000000
0.000256
0.000007
0.000000
0.000170
0.000000
0.000102
0.000000
0.000000
0.000000
0.000000
0.000000
0.000000
0.000000
0.000000
0.000000
0.000000
0.000072
0.000000
0.000000
0.000000
0.000000
0.000000
0.000000
0.000000
0.000486
0.000050
0.000000
0.000000
0.000014
0.000010
0.000000
0.000000
0.000005
0.000000
0.000081
0.000277
0.000000
0.000170
0.000000
0.000000
0.000616
0.000000
0.000000
0.000171
0.000159
0.000000
0.000000
0.000000
0.000000
0.000000
0.000000
0.000000
0.000000
0.000000
0.000000
0.000000
0.000000
0.000000
0.000000
0.000000
0.000000
0.000000
0.000000
0.000326
0.000077
0.000014
0.000068
0.000000
0.000273
0.000000
0.000000
0.000118
0.000100
0.000000
0.001484
0.000065
0.000221
0.000160
0.000013
0.000755
0.000458
0.000183
0.000394
0.000617
