0.011213
0.016762
0.012064
0.006807
0.018858
0.009494
0.003387
0.003923
0.004539
0.001098
0.002944
0.000632
0.000608
0.004354
0.000771
0.000114
0.000206
0.000253
0.489654
0.000064
0.042574
0.042452
0.031121
0.066221
0.041480
0.049583
0.054756
0.017446
0.012362
0.023416
0.003075
0.008641
0.001497
0.003170
0.011295
0.001970
0.000134
0.000566
0.000498
0.007493
0.000000
0.002264
0.000000
0.000000
0.000000
0.000725
0.000000
0.000302
0.000318
0.000000
0.000074
0.000000
0.000000
0.000000
0.000043
0.000000
0.000000
0.000000
0.000000
0.000020
0.000000
0.000000
0.000000
0.000000
0.000000
0.000000
0.000000
0.000000
0.000000
0.000000
0.000000
0.000000
0.000000
0.000000
0.000000
0.000000
0.000000
0.000000
0.000000
0.013178
0.001987
0.000000
0.000000
0.000000
0.000000
0.000711
0.000119
0.000000
0.000775
0.000000
0.000000
0.000000
0.000000
0.000000
0.000030
0.000000
0.000000
0.000000
0.000000
0.000000
0.000000
0.000000
0.000000
0.000000
0.000000
0.000000
0.000000
0.000000
0.000000
0.000000
0.000000
0.000000
0.000000
0.000000
0.000000
0.000000
0.000000
0.002345
0.002063
0.006332
0.000000
0.000000
0.000000
0.000070
0.000157
0.000658
0.000032
0.000063
0.000223
0.000000
0.000000
0.000000
0.000000
0.000000
0.000000
0.000000
0.000000
0.000156
0.000000
0.000000
0.000000
0.000000
0.000000
0.000000
0.000000
0.000000
0.000000
0.000000
0.000000
0.000000
0.000000
0.000000
0.000000
0.000000
0.000000
0.000000
0.000000
0.000000
0.000000
0.004565
0.000000
0.001449
0.000480
0.000000
0.000071
0.000000
0.000000
0.000000
0.000153
0.000000
0.000027
0.000000
0.000000
0.000000
0.000000
0.000000
0.000039
0.000000
0.000000
0.000000
0.000000
0.000000
0.000000
0.000000
0.000000
0.000000
0.000000
0.000000
0.000000
0.000000
0.000000
0.000000
0.000000
0.000000
0.000000
0.000000
0.000000
0.000000
0.000000
0.014663
0.001468
0.000000
0.001175
0.000284
0.000000
0.000000
0.000000
0.000000
0.000843
0.000021
0.000000
0.000000
0.000000
0.000000
0.000017
0.000227
0.000000
0.000000
0.000000
0.000000
0.000000
0.000000
0.000000
0.000000
0.000000
0.000000
0.000000
0.000000
0.000000
0.000000
0.000000
0.000000
0.000000
0.000000
0.000000
0.000000
0.000000
0.001386
0.001908
0.005238
0.000162
0.000098
0.000506
0.000000
0.000000
0.000000
0.000000
0.000034
0.000050
0.000000
0.000000
0.000035
0.000000
0.000000
0.000099
0.000000
0.000000
0.000000
0.000000
0.000000
0.000000
0.000000
0.000000
0.000000
0.000000
0.000000
0.000000
0.000000
0.000000
0.000000
0.000000
0.000000
0.000000
0.000627
0.000000
0.000172
0.000553
0.000000
0.000155
0.001394
0.000000
0.000294
0.000000
0.000000
0.000000
0.000020
0.000000
0.000000
0.000000
0.000000
0.000134
0.000000
0.000000
0.000046
0.000000
0.000000
0.000000
0.000000
0.000000
0.000000
0.000000
0.000000
0.000000
0.000000
0.000000
0.000000
0.000000
0.000000
0.000000
0.000000
0.000000
0.000000
0.000000
0.000589
0.000153
0.000000
0.000904
0.000078
0.000000
0.001173
0.000892
0.000000
0.000026
0.000000
0.000000
0.000083
0.000000
0.000000
0.000038
0.000000
0.000000
0.000000
0.000000
0.000000
0.000000
0.000000
0.000000
0.000000
0.000000
0.000000
0.000000
0.000000
0.000000
0.000000
0.000000
0.000000
0.000000
0.000000
0.000000
0.000000
0.000000
0.000449
0.000149
0.000776
0.000158
0.000171
0.000688
0.000486
0.000320
0.001277
0.000000
0.000000
0.000000
0.000000
0.000015
0.000000
0.000000
0.000000
0.000058
0.000000
0.000000
0.000000
0.000000
0.000000
0.000000
0.000000
0.000000
0.000000
0.000000
0.000000
0.000000
0.000000
0.000000
0.000000
0.000000
0.000000
0.000000
0.000000
0.000000
0.000000
0.000126
0.000000
0.000033
0.000000
0.000000
0.000000
0.000000
0.000000
0.000000
0.000475
0.000000
0.000064
0.000000
0.000000
0.000000
0.000010
0.000000
0.000000
0.000393
0.000000
0.000000
0.000000
0.000000
0.000000
0.000000
0.000000
0.000000
0.000000
0.000000
0.000000
0.000000
0.000000
0.000000
0.000000
0.000000
0.000000
0.000000
0.000000
0.000000
0.000000
0.000444
0.000020
0.000000
0.000000
0.000000
0.000000
0.000017
0.000000
0.000000
0.001270
0.000121
0.000000
0.000000
0.000000
0.000000
0.000031
0.000000
0.000954
0.000000
0.000000
0.000000
0.000000
0.000000
0.000000
0.000000
0.000000
0.000000
0.000000
0.000000
0.000000
0.000075
0.000000
0.000000
0.000021
0.000000
0.000000
0.000000
0.000000
0.000000
0.000000
0.000207
0.000000
0.000000
0.000000
0.000000
0.000000
0.000040
0.000029
0.000146
0.000089
0.000000
0.000000
0.000000
0.000000
0.000000
0.000000
0.000122
0.000000
0.000000
0.000000
0.000000
0.000000
0.000000
0.000000
0.000000
0.000000
0.000000
0.000000
0.000000
0.000000
0.000000
0.000000
0.000000
0.000000
0.000000
0.000000
0.000000
0.000000
0.000000
0.000000
0.000055
0.000000
0.000021
0.000021
0.000000
0.000000
0.000000
0.000000
0.000000
0.000191
0.000000
0.000054
0.000019
0.000000
0.000027
0.000222
0.000000
0.000000
0.000000
0.000000
0.000000
0.000000
0.000000
0.000000
0.000000
0.000000
0.000000
0.000000
0.000000
0.000000
0.000000
0.000000
0.000000
0.000000
0.000000
0.000000
0.000000
0.000000
0.000000
0.000000
0.000906
0.000019
0.000000
0.000227
0.000000
0.000000
0.000000
0.000000
0.000000
0.001824
0.000289
0.000000
0.000000
0.000000
0.001054
0.000000
0.000046
0.000000
0.000000
0.000000
0.000000
0.000000
0.000000
0.000000
0.000000
0.000000
0.000000
0.000000
0.000000
0.000000
0.000000
0.000000
0.000000
0.000000
0.000000
0.000000
0.000000
0.000000
0.000065
0.000014
0.000350
0.000000
0.000000
0.000015
0.000000
0.000000
0.000000
0.000050
0.000021
0.000054
0.000000
0.000000
0.000000
0.000205
0.000000
0.000000
0.000000
0.000000
0.000000
0.000000
0.000000
0.000000
0.000000
0.000000
0.000000
0.000000
0.000000
0.000000
0.000000
0.000000
0.000000
0.000000
0.000000
0.000000
0.000000
0.000000
0.000000
0.000000
0.000000
0.000000
0.000028
0.000000
0.000000
0.000000
0.000000
0.000000
0.000000
0.000000
0.000000
0.000043
0.000000
0.000000
0.000043
0.000000
0.000000
0.000000
0.000000
0.000000
0.000000
0.000000
0.000000
0.000000
0.000000
0.000000
0.000000
0.000000
0.000000
0.000000
0.000000
0.000000
0.000000
0.000000
0.000000
0.000000
0.000020
0.000000
0.000000
0.000017
0.000000
0.000000
0.000015
0.000017
0.000000
0.000038
0.000000
0.000000
0.000000
0.000000
0.000000
0.000050
0.000000
0.000051
0.000000
0.000000
0.000000
0.000000
0.000000
0.000000
0.000000
0.000000
0.000000
0.000000
0.000000
0.000000
0.000000
0.000000
0.000000
0.000000
0.000000
0.000000
0.000000
0.000000
0.000000
0.000000
0.000000
0.000000
0.000000
0.000000
0.000000
0.000000
0.000027
0.000015
0.000000
0.000000
0.000000
0.000014
0.000178
0.000000
0.000020
0.000000
0.000000
0.000000
0.000000
0.000000
0.000000
0.000000
0.000000
0.000000
0.000000
0.000000
0.000000
0.000000
0.000000
0.000000
0.000000
0.000000
0.000000
0.000000
0.000000
0.000000
0.000000
0.000000
0.000000
0.000000
0.000000
0.000000
0.000000
0.000000
0.000000
0.000000
0.000232
0.000634
0.000062
0.000169
0.001342
0.000061
0.000000
0.000036
0.000000
0.478176
0.000000
0.000017
0.000000
0.000000
0.000000
0.000000
0.000000
0.000000
0.000000
0.000000
0.000000
0.000590
0.001426
0.000176
0.001410
0.003597
0.000344
0.000017
0.000116
0.000019
0.000000
0.000000
0.000000
0.000000
0.000000
0.000000
0.000000
0.000000
0.000000
0.000000
0.000000
0.000000
0.000000
0.000030
0.000000
0.000000
0.000000
0.000000
0.000000
0.000017
0.000000
0.000000
0.000000
0.000000
0.000000
0.000000
0.000017
0.000000
0.000000
0.000000
0.000000
0.000000
0.000000
0.000000
0.000000
0.000000
0.000000
0.000000
0.000000
0.000200
0.000382
0.000153
0.000040
0.000309
0.000049
0.000030
0.000044
0.000046
0.000000
0.000000
0.000000
0.000000
0.000044
0.000000
0.000000
0.000000
0.000000
0.000000
0.000000
0.040331
0.000029
0.000153
0.000327
0.000069
0.000154
0.000125
0.000000
0.000105
0.000039
0.000035
0.000000
0.000000
0.000000
0.000000
0.000000
0.000000
0.000000
0.000000
0.000000
0.000000
0.000000
0.000000
0.000000
0.000000
0.000000
0.000000
0.000000
0.000000
0.000000
0.000000
0.000000
0.000000
0.000000
0.000000
0.000000
0.000000
0.000000
0.000000
0.000103
0.029430
0.000000
0.008874
0.000000
0.000000
0.000000
0.002649
0.000000
0.000844
0.000675
0.000000
0.000054
0.000000
0.000000
0.000000
0.000000
0.000000
0.000000
0.000000
0.000000
0.000000
0.000000
0.000000
0.000000
0.000000
0.000000
0.000000
0.000000
0.000000
0.000000
0.000000
0.000000
0.000000
0.000000
0.000000
0.000000
0.000000
0.000000
0.000455
0.000000
0.018419
0.006967
0.000000
0.000000
0.000000
0.000000
0.002170
0.000190
0.000000
0.002940
0.000076
0.000000
0.000000
0.000000
0.000000
0.000000
0.000000
0.000000
0.000000
0.000000
0.000000
0.000000
0.000000
0.000000
0.000000
0.000000
0.000000
0.000000
0.000000
0.000000
0.000000
0.000000
0.000000
0.000000
0.000000
0.000000
0.000000
0.000192
0.007739
0.009694
0.042396
0.000000
0.000000
0.000000
0.000566
0.000521
0.004134
0.000329
0.000243
0.000595
0.000000
0.000000
0.000000
0.000000
0.000038
0.000000
0.000000
0.000000
0.000000
0.000000
0.000000
0.000000
0.000000
0.000000
0.000000
0.000000
0.000000
0.000000
0.000000
0.000000
0.000000
0.000000
0.000000
0.000000
0.000000
0.000000
0.000077
0.000000
0.000000
0.000000
0.029737
0.000000
0.007574
0.002916
0.000000
0.001052
0.000000
0.000000
0.000000
0.000208
0.000000
0.000077
0.000000
0.000000
0.000000
0.000000
0.000000
0.000000
0.000000
0.000000
0.000000
0.000000
0.000000
0.000000
0.000000
0.000000
0.000000
0.000000
0.000000
0.000000
0.000000
0.000000
0.000000
0.000000
0.000000
0.000338
0.000000
0.000000
0.000000
0.000000
0.034724
0.008649
0.000000
0.002492
0.001369
0.000000
0.000000
0.000000
0.000000
0.002070
0.000000
0.000000
0.000059
0.000000
0.000000
0.000000
0.000000
0.000000
0.000000
0.000000
0.000000
0.000000
0.000000
0.000000
0.000000
0.000000
0.000000
0.000000
0.000000
0.000000
0.000000
0.000000
0.000000
0.000000
0.000284
0.000000
0.000000
0.000000
0.008239
0.007374
0.031679
0.001548
0.000561
0.004265
0.000000
0.000000
0.000000
0.000039
0.000562
0.000340
0.000000
0.000000
0.000000
0.000000
0.000000
0.000000
0.000000
0.000000
0.000000
0.000000
0.000000
0.000000
0.000000
0.000000
0.000000
0.000000
0.000000
0.000000
0.000000
0.000000
0.000000
0.000000
0.000000
0.000169
0.003772
0.000000
0.001584
0.001968
0.000000
0.000632
0.006972
0.000000
0.002148
0.000044
0.000000
0.000030
0.000153
0.000000
0.000000
0.000029
0.000000
0.000030
0.000000
0.000000
0.000000
0.000000
0.000000
0.000000
0.000000
0.000000
0.000000
0.000000
0.000000
0.000000
0.000000
0.000000
0.000000
0.000000
0.000000
0.000000
0.000000
0.000000
0.000035
0.000000
0.001615
0.000768
0.000000
0.003054
0.000594
0.000000
0.004511
0.001706
0.000000
0.000009
0.000000
0.000000
0.000052
0.000009
0.000000
0.000015
0.000000
0.000000
0.000000
0.000000
0.000000
0.000000
0.000000
0.000000
0.000000
0.000000
0.000000
0.000000
0.000000
0.000000
0.000000
0.000000
0.000000
0.000000
0.000000
0.000000
0.000000
0.000040
0.001159
0.000572
0.004748
0.000634
0.001330
0.002804
0.002544
0.001908
0.007284
0.000030
0.000029
0.000051
0.000033
0.000038
0.000033
0.000019
0.000082
0.000172
0.000000
0.000000
0.000000
0.000000
0.000000
0.000000
0.000000
0.000000
0.000000
0.000000
0.000000
0.000000
0.000000
0.000000
0.000000
0.000000
0.000000
0.000000
0.001310
0.000000
0.000000
0.000461
0.000000
0.000056
0.000000
0.000000
0.000000
0.000026
0.000000
0.000000
0.001137
0.000000
0.000047
0.000000
0.000000
0.000000
0.000000
0.000000
0.000000
0.000000
0.000000
0.000000
0.000000
0.000000
0.000000
0.000000
0.000000
0.000000
0.000000
0.000000
0.000000
0.000000
0.000055
0.000000
0.000000
0.000000
0.000000
0.003345
0.000000
0.000000
0.000000
0.000725
0.000334
0.000000
0.000000
0.000000
0.000000
0.000076
0.000044
0.000000
0.003776
0.000229
0.000000
0.000000
0.000000
0.000000
0.000057
0.000035
0.000000
0.000000
0.000000
0.000000
0.000000
0.000000
0.000000
0.000000
0.000000
0.000000
0.000000
0.000000
0.000000
0.000000
0.000000
0.000000
0.000000
0.000000
0.000398
0.000000
0.000000
0.000040
0.000009
0.000404
0.000000
0.000000
0.000000
0.000000
0.000000
0.000000
0.000243
0.000165
0.000241
0.000000
0.000000
0.000000
0.000000
0.000000
0.000000
0.000000
0.000000
0.000000
0.000000
0.000000
0.000000
0.000000
0.000000
0.000000
0.000000
0.000000
0.000000
0.000000
0.000029
0.000000
0.000000
0.000000
0.000000
0.000468
0.000000
0.000017
0.000000
0.000000
0.000000
0.000924
0.000000
0.000140
0.000148
0.000000
0.000000
0.000000
0.000000
0.000000
0.001193
0.000000
0.000093
0.000070
0.000000
0.000100
0.000000
0.000000
0.000000
0.000000
0.000000
0.000000
0.000000
0.000000
0.000000
0.000000
0.000000
0.000000
0.000027
0.000030
0.000040
0.000000
0.000000
0.000000
0.003093
0.000030
0.000014
0.000000
0.000000
0.000000
0.000000
0.001683
0.001006
0.000000
0.000000
0.000043
0.000000
0.000000
0.000000
0.000000
0.004378
0.000846
0.000000
0.000057
0.000083
0.000000
0.000000
0.000000
0.000000
0.000000
0.000000
0.000000
0.000000
0.000000
0.000000
0.000000
0.000000
0.000000
0.000000
0.000000
0.000000
0.000000
0.000000
0.000180
0.000000
0.000000
0.000000
0.000000
0.000000
0.000069
0.000000
0.001040
0.000019
0.000000
0.000094
0.000000
0.000000
0.000000
0.000034
0.000275
0.000202
0.000000
0.000000
0.000061
0.000000
0.000000
0.000000
0.000000
0.000000
0.000000
0.000000
0.000000
0.000000
0.000000
0.000000
0.000000
0.000000
0.000000
0.000000
0.000000
0.000000
0.000000
0.000019
0.000000
0.000000
0.000000
0.000000
0.000000
0.000000
0.000000
0.000000
0.000044
0.000000
0.000042
0.000000
0.000000
0.000000
0.000029
0.000000
0.000000
0.000000
0.000000
0.000000
0.000000
0.000000
0.000000
0.000000
0.000000
0.000000
0.000000
0.000000
0.000000
0.000000
0.000000
0.000000
0.000000
0.000000
0.000000
0.000000
0.000000
0.000000
0.000128
0.000000
0.000000
0.000000
0.000030
0.000000
0.000000
0.000059
0.000000
0.000000
0.000063
0.000078
0.000000
0.000013
0.000000
0.000000
0.000052
0.000000
0.000000
0.000144
0.000000
0.000000
0.000000
0.000000
0.000000
0.000000
0.000000
0.000000
0.000000
0.000000
0.000000
0.000000
0.000000
0.000000
0.000000
0.000000
0.000000
0.000000
0.000000
0.000000
0.000000
0.000000
0.000000
0.000000
0.000020
0.000000
0.000000
0.000000
0.000098
0.000000
0.000179
0.000000
0.000000
0.000000
0.000000
0.000172
0.000030
0.000000
0.000000
0.000000
