0.007803
0.011701
0.010854
0.003220
0.011391
0.008071
0.001996
0.002150
0.002984
0.000856
0.002966
0.000722
0.000709
0.003404
0.000640
0.000095
0.000179
0.000055
0.466557
0.000379
0.029037
0.061510
0.037811
0.089995
0.043275
0.049609
0.059286
0.017215
0.010931
0.027166
0.002990
0.011828
0.003345
0.002319
0.012501
0.002699
0.000473
0.000680
0.000599
0.005490
0.000000
0.001436
0.000000
0.000000
0.000000
0.000469
0.000000
0.000207
0.000088
0.000000
0.000033
0.000000
0.000000
0.000000
0.000005
0.000000
0.000000
0.000000
0.000000
0.000100
0.000000
0.000000
0.000000
0.000000
0.000000
0.000000
0.000000
0.000000
0.000000
0.000000
0.000000
0.000000
0.000000
0.000000
0.000000
0.000000
0.000000
0.000000
0.000000
0.008768
0.001603
0.000000
0.000000
0.000000
0.000000
0.000523
0.000037
0.000000
0.000448
0.000003
0.000000
0.000000
0.000000
0.000000
0.000008
0.000000
0.000000
0.000044
0.000280
0.000000
0.000000
0.000000
0.000000
0.000000
0.000000
0.000000
0.000000
0.000000
0.000000
0.000000
0.000000
0.000000
0.000000
0.000000
0.000000
0.000000
0.000000
0.001584
0.001646
0.006436
0.000000
0.000000
0.000000
0.000062
0.000056
0.000551
0.000016
0.000119
0.000240
0.000000
0.000000
0.000000
0.000000
0.000000
0.000000
0.000000
0.000012
0.000141
0.000000
0.000000
0.000000
0.000000
0.000000
0.000000
0.000000
0.000000
0.000000
0.000000
0.000000
0.000000
0.000000
0.000000
0.000000
0.000000
0.000000
0.000000
0.000000
0.000000
0.000000
0.001995
0.000000
0.000830
0.000214
0.000000
0.000030
0.000000
0.000000
0.000000
0.000093
0.000000
0.000003
0.000003
0.000000
0.000000
0.000000
0.000000
0.000062
0.000000
0.000000
0.000000
0.000000
0.000000
0.000000
0.000000
0.000000
0.000000
0.000000
0.000000
0.000000
0.000000
0.000000
0.000000
0.000000
0.000000
0.000000
0.000000
0.000000
0.000000
0.000000
0.008519
0.001300
0.000000
0.000445
0.000117
0.000000
0.000000
0.000000
0.000000
0.000706
0.000026
0.000000
0.000020
0.000003
0.000000
0.000000
0.000132
0.000000
0.000000
0.000000
0.000000
0.000000
0.000000
0.000000
0.000000
0.000000
0.000000
0.000000
0.000000
0.000000
0.000000
0.000000
0.000000
0.000000
0.000000
0.000000
0.000000
0.000000
0.000736
0.001545
0.004732
0.000108
0.000076
0.000501
0.000000
0.000000
0.000000
0.000052
0.000060
0.000150
0.000000
0.000000
0.000000
0.000000
0.000005
0.000057
0.000000
0.000000
0.000000
0.000000
0.000000
0.000000
0.000000
0.000000
0.000000
0.000000
0.000000
0.000000
0.000000
0.000000
0.000000
0.000000
0.000000
0.000000
0.000301
0.000000
0.000088
0.000262
0.000000
0.000223
0.000842
0.000000
0.000246
0.000006
0.000000
0.000000
0.000005
0.000000
0.000003
0.000013
0.000000
0.000006
0.000000
0.000000
0.000011
0.000000
0.000000
0.000000
0.000000
0.000000
0.000000
0.000000
0.000000
0.000000
0.000000
0.000000
0.000000
0.000000
0.000000
0.000000
0.000000
0.000000
0.000000
0.000000
0.000346
0.000074
0.000000
0.000429
0.000094
0.000000
0.000670
0.000241
0.000000
0.000052
0.000000
0.000000
0.000084
0.000000
0.000000
0.000056
0.000000
0.000000
0.000000
0.000021
0.000000
0.000000
0.000000
0.000000
0.000000
0.000000
0.000000
0.000000
0.000000
0.000000
0.000000
0.000000
0.000000
0.000000
0.000000
0.000000
0.000000
0.000000
0.000147
0.000067
0.000554
0.000058
0.000144
0.000374
0.000191
0.000264
0.000947
0.000007
0.000000
0.000005
0.000006
0.000042
0.000081
0.000032
0.000022
0.000005
0.000000
0.000000
0.000028
0.000000
0.000000
0.000000
0.000000
0.000000
0.000000
0.000000
0.000000
0.000000
0.000000
0.000000
0.000000
0.000000
0.000000
0.000000
0.000000
0.000000
0.000000
0.000187
0.000000
0.000029
0.000000
0.000000
0.000000
0.000032
0.000000
0.000000
0.000296
0.000000
0.000042
0.000000
0.000000
0.000000
0.000024
0.000000
0.000004
0.000247
0.000000
0.000000
0.000000
0.000000
0.000000
0.000000
0.000000
0.000000
0.000000
0.000000
0.000000
0.000000
0.000000
0.000000
0.000000
0.000000
0.000000
0.000000
0.000000
0.000000
0.000000
0.000644
0.000267
0.000000
0.000000
0.000000
0.000000
0.000026
0.000012
0.000000
0.001113
0.000120
0.000000
0.000000
0.000000
0.000000
0.000016
0.000000
0.000712
0.000030
0.000017
0.000000
0.000000
0.000000
0.000000
0.000000
0.000000
0.000000
0.000000
0.000000
0.000000
0.000025
0.000000
0.000000
0.000000
0.000000
0.000000
0.000000
0.000000
0.000032
0.000012
0.000250
0.000000
0.000000
0.000000
0.000005
0.000000
0.000007
0.000081
0.000106
0.000121
0.000000
0.000000
0.000000
0.000000
0.000000
0.000000
0.000107
0.000000
0.000005
0.000000
0.000000
0.000000
0.000000
0.000000
0.000000
0.000000
0.000000
0.000000
0.000000
0.000000
0.000000
0.000000
0.000000
0.000000
0.000000
0.000000
0.000000
0.000000
0.000000
0.000000
0.000073
0.000000
0.000077
0.000027
0.000000
0.000000
0.000000
0.000000
0.000000
0.000265
0.000000
0.000089
0.000003
0.000000
0.000000
0.000164
0.000000
0.000007
0.000000
0.000000
0.000000
0.000000
0.000000
0.000000
0.000000
0.000000
0.000000
0.000000
0.000000
0.000000
0.000000
0.000006
0.000000
0.000000
0.000000
0.000000
0.000000
0.000000
0.000000
0.000000
0.000665
0.000125
0.000000
0.000058
0.000009
0.000000
0.000000
0.000000
0.000000
0.001318
0.000101
0.000000
0.000016
0.000023
0.000972
0.000026
0.000017
0.000000
0.000000
0.000000
0.000000
0.000000
0.000000
0.000000
0.000000
0.000000
0.000000
0.000000
0.000000
0.000000
0.000008
0.000004
0.000000
0.000000
0.000000
0.000000
0.000000
0.000000
0.000015
0.000008
0.000217
0.000000
0.000000
0.000055
0.000000
0.000000
0.000000
0.000033
0.000138
0.000082
0.000000
0.000000
0.000003
0.000089
0.000003
0.000000
0.000000
0.000000
0.000000
0.000000
0.000000
0.000000
0.000000
0.000000
0.000000
0.000000
0.000000
0.000000
0.000000
0.000000
0.000000
0.000000
0.000000
0.000000
0.000000
0.000000
0.000000
0.000000
0.000000
0.000000
0.000030
0.000000
0.000000
0.000039
0.000000
0.000000
0.000003
0.000000
0.000000
0.000009
0.000000
0.000003
0.000009
0.000004
0.000000
0.000000
0.000000
0.000000
0.000000
0.000000
0.000000
0.000000
0.000000
0.000000
0.000000
0.000000
0.000000
0.000000
0.000000
0.000000
0.000000
0.000000
0.000000
0.000000
0.000000
0.000006
0.000000
0.000000
0.000000
0.000000
0.000036
0.000002
0.000000
0.000033
0.000000
0.000000
0.000045
0.000000
0.000000
0.000026
0.000003
0.000028
0.000000
0.000000
0.000000
0.000000
0.000000
0.000000
0.000000
0.000000
0.000000
0.000000
0.000000
0.000000
0.000000
0.000000
0.000000
0.000000
0.000000
0.000000
0.000000
0.000000
0.000012
0.000000
0.000007
0.000000
0.000000
0.000000
0.000000
0.000000
0.000020
0.000007
0.000000
0.000000
0.000000
0.000000
0.000000
0.000000
0.000000
0.000003
0.000000
0.000006
0.000000
0.000000
0.000000
0.000000
0.000000
0.000000
0.000000
0.000000
0.000000
0.000000
0.000000
0.000000
0.000000
0.000000
0.000000
0.000000
0.000000
0.000000
0.000000
0.000000
0.000000
0.000000
0.000000
0.000000
0.000000
0.000000
0.000000
0.000000
0.000303
0.001042
0.000142
0.000222
0.000897
0.000098
0.000006
0.000015
0.000000
0.453106
0.000000
0.000022
0.000000
0.000000
0.000000
0.000000
0.000000
0.000000
0.000000
0.000000
0.000000
0.000891
0.002793
0.000544
0.000927
0.003508
0.000358
0.000053
0.000049
0.000033
0.000000
0.000034
0.000000
0.000000
0.000005
0.000000
0.000000
0.000005
0.000000
0.000007
0.000033
0.000004
0.000000
0.000068
0.000005
0.000000
0.000000
0.000000
0.000000
0.000090
0.000000
0.000000
0.000020
0.000020
0.000005
0.000004
0.000000
0.000000
0.000000
0.000000
0.000000
0.000033
0.000000
0.000000
0.000006
0.000000
0.000000
0.000012
0.000030
0.000060
0.000144
0.000129
0.000079
0.000093
0.000106
0.000026
0.000000
0.000015
0.000000
0.000004
0.000012
0.000000
0.000006
0.000000
0.000000
0.000000
0.000000
0.000021
0.000000
0.027441
0.000147
0.000051
0.000200
0.000112
0.000087
0.000178
0.000100
0.000003
0.000104
0.000006
0.000008
0.000000
0.000000
0.000013
0.000000
0.000000
0.000000
0.000000
0.000000
0.000000
0.000000
0.000000
0.000000
0.000000
0.000000
0.000000
0.000000
0.000000
0.000000
0.000000
0.000000
0.000000
0.000000
0.000000
0.000000
0.000000
0.000000
0.000000
0.000064
0.042608
0.000000
0.014216
0.000000
0.000000
0.000000
0.003156
0.000000
0.000963
0.000591
0.000000
0.000153
0.000000
0.000000
0.000000
0.000033
0.000000
0.000014
0.000000
0.000000
0.000000
0.000000
0.000000
0.000000
0.000000
0.000000
0.000000
0.000000
0.000000
0.000000
0.000000
0.000000
0.000000
0.000000
0.000000
0.000000
0.000000
0.000034
0.000099
0.000000
0.022508
0.009352
0.000000
0.000000
0.000000
0.000000
0.002099
0.000846
0.000000
0.002878
0.000073
0.000000
0.000000
0.000000
0.000000
0.000095
0.000000
0.000000
0.000000
0.000000
0.000000
0.000000
0.000000
0.000000
0.000000
0.000000
0.000000
0.000000
0.000000
0.000000
0.000000
0.000000
0.000000
0.000000
0.000000
0.000000
0.000007
0.000160
0.013552
0.011957
0.056929
0.000000
0.000000
0.000000
0.000806
0.000913
0.004132
0.000124
0.000858
0.000932
0.000000
0.000000
0.000000
0.000006
0.000009
0.000046
0.000000
0.000000
0.000000
0.000000
0.000000
0.000000
0.000000
0.000000
0.000000
0.000000
0.000000
0.000000
0.000000
0.000000
0.000000
0.000000
0.000000
0.000000
0.000000
0.000000
0.000060
0.000000
0.000000
0.000000
0.030784
0.000000
0.008218
0.003027
0.000000
0.001033
0.000000
0.000000
0.000000
0.000195
0.000000
0.000083
0.000015
0.000000
0.000000
0.000000
0.000000
0.000000
0.000000
0.000000
0.000000
0.000000
0.000000
0.000000
0.000000
0.000000
0.000000
0.000000
0.000000
0.000000
0.000000
0.000000
0.000000
0.000000
0.000010
0.000169
0.000000
0.000000
0.000000
0.000000
0.034730
0.009094
0.000000
0.001629
0.001673
0.000000
0.000000
0.000000
0.000000
0.002431
0.000016
0.000000
0.000005
0.000000
0.000000
0.000000
0.000000
0.000000
0.000000
0.000000
0.000000
0.000000
0.000000
0.000000
0.000000
0.000000
0.000000
0.000000
0.000000
0.000000
0.000000
0.000000
0.000000
0.000005
0.000084
0.000000
0.000000
0.000000
0.008650
0.007871
0.035622
0.000910
0.000674
0.004238
0.000000
0.000000
0.000000
0.000067
0.000574
0.000773
0.000009
0.000000
0.000012
0.000000
0.000000
0.000000
0.000000
0.000000
0.000000
0.000000
0.000000
0.000000
0.000000
0.000000
0.000000
0.000000
0.000000
0.000000
0.000000
0.000000
0.000000
0.000000
0.000000
0.000016
0.002976
0.000000
0.001664
0.002292
0.000000
0.000956
0.006860
0.000000
0.002242
0.000017
0.000000
0.000006
0.000074
0.000000
0.000031
0.000118
0.000000
0.000054
0.000000
0.000000
0.000000
0.000000
0.000000
0.000000
0.000000
0.000000
0.000000
0.000000
0.000000
0.000000
0.000000
0.000000
0.000000
0.000000
0.000000
0.000000
0.000000
0.000000
0.000030
0.000000
0.001450
0.000791
0.000000
0.002493
0.000502
0.000000
0.003637
0.001586
0.000000
0.000048
0.000008
0.000000
0.000194
0.000024
0.000000
0.000186
0.000029
0.000000
0.000000
0.000000
0.000000
0.000000
0.000000
0.000000
0.000000
0.000000
0.000000
0.000000
0.000000
0.000000
0.000000
0.000000
0.000000
0.000000
0.000000
0.000000
0.000000
0.000029
0.001623
0.000677
0.005321
0.000860
0.001165
0.003019
0.002241
0.001780
0.009955
0.000004
0.000049
0.000049
0.000006
0.000131
0.000146
0.000039
0.000056
0.000144
0.000000
0.000000
0.000000
0.000000
0.000000
0.000000
0.000000
0.000000
0.000000
0.000000
0.000000
0.000000
0.000000
0.000000
0.000000
0.000000
0.000000
0.000000
0.000961
0.000000
0.000000
0.000524
0.000000
0.000169
0.000000
0.000000
0.000000
0.000028
0.000000
0.000000
0.001065
0.000000
0.000205
0.000000
0.000000
0.000000
0.000040
0.000000
0.000009
0.000000
0.000000
0.000000
0.000000
0.000000
0.000000
0.000000
0.000000
0.000000
0.000007
0.000026
0.000000
0.000000
0.000000
0.000000
0.000000
0.000000
0.000000
0.004411
0.000004
0.000000
0.000000
0.001264
0.000667
0.000000
0.000000
0.000000
0.000000
0.000045
0.000011
0.000026
0.004530
0.000702
0.000000
0.000000
0.000000
0.000000
0.000112
0.000036
0.000000
0.000000
0.000000
0.000000
0.000000
0.000000
0.000000
0.000000
0.000000
0.000000
0.000000
0.000000
0.000000
0.000000
0.000000
0.000000
0.000000
0.000000
0.000392
0.000026
0.000019
0.000359
0.000044
0.001018
0.000000
0.000000
0.000000
0.000000
0.000000
0.000036
0.000176
0.000585
0.000687
0.000000
0.000000
0.000000
0.000000
0.000000
0.000012
0.000000
0.000000
0.000000
0.000000
0.000000
0.000000
0.000000
0.000000
0.000000
0.000000
0.000000
0.000000
0.000000
0.000000
0.000000
0.000000
0.000000
0.000000
0.000529
0.000000
0.000000
0.000000
0.000000
0.000000
0.000498
0.000000
0.000124
0.000120
0.000000
0.000017
0.000000
0.000000
0.000000
0.000860
0.000000
0.000121
0.000027
0.000000
0.000019
0.000000
0.000000
0.000000
0.000000
0.000000
0.000000
0.000000
0.000000
0.000000
0.000000
0.000000
0.000005
0.000032
0.000051
0.000005
0.000000
0.000000
0.000003
0.004075
0.000068
0.000049
0.000000
0.000000
0.000000
0.000000
0.001728
0.000747
0.000000
0.000081
0.000110
0.000000
0.000000
0.000000
0.000000
0.004695
0.000718
0.000000
0.000054
0.000076
0.000000
0.000000
0.000000
0.000000
0.000000
0.000000
0.000000
0.000000
0.000000
0.000000
0.000000
0.000000
0.000000
0.000000
0.000000
0.000000
0.000000
0.000000
0.000353
0.000006
0.000000
0.000000
0.000000
0.000000
0.000188
0.000051
0.000925
0.000010
0.000004
0.000042
0.000000
0.000000
0.000000
0.000123
0.000575
0.000388
0.000000
0.000000
0.000019
0.000000
0.000000
0.000000
0.000000
0.000000
0.000000
0.000000
0.000000
0.000000
0.000000
0.000000
0.000000
0.000000
0.000000
0.000000
0.000000
0.000000
0.000000
0.000095
0.000000
0.000000
0.000006
0.000000
0.000022
0.000023
0.000000
0.000000
0.000029
0.000000
0.000022
0.000094
0.000000
0.000000
0.000072
0.000000
0.000018
0.000087
0.000000
0.000006
0.000000
0.000000
0.000000
0.000000
0.000000
0.000000
0.000000
0.000000
0.000000
0.000000
0.000000
0.000000
0.000000
0.000000
0.000000
0.000000
0.000000
0.000000
0.000082
0.000000
0.000000
0.000000
0.000012
0.000012
0.000000
0.000009
0.000012
0.000000
0.000086
0.000097
0.000000
0.000011
0.000000
0.000000
0.000263
0.000002
0.000000
0.000085
0.000012
0.000000
0.000000
0.000000
0.000000
0.000000
0.000000
0.000000
0.000000
0.000000
0.000000
0.000000
0.000000
0.000000
0.000000
0.000000
0.000000
0.000000
0.000000
0.000031
0.000000
0.000000
0.000000
0.000000
0.000055
0.000000
0.000000
0.000060
0.000012
0.000000
0.000125
0.000000
0.000066
0.000000
0.000003
0.000126
0.000018
0.000048
0.000007
0.000051
