0.008143
0.013045
0.006622
0.004467
0.010884
0.003509
0.001033
0.001420
0.000621
0.000448
0.001323
0.000088
0.000330
0.001076
0.000370
0.000024
0.000041
0.000022
0.593292
0.000019
0.029926
0.065028
0.049669
0.042578
0.059774
0.037949
0.027326
0.012195
0.005943
0.007728
0.001278
0.005307
0.000663
0.002382
0.004390
0.000726
0.000141
0.000104
0.000114
0.006335
0.000000
0.001219
0.000000
0.000000
0.000000
0.000208
0.000000
0.000112
0.000093
0.000000
0.000000
0.000000
0.000000
0.000000
0.000000
0.000000
0.000000
0.000000
0.000000
0.000019
0.000000
0.000000
0.000000
0.000000
0.000000
0.000000
0.000000
0.000000
0.000000
0.000000
0.000000
0.000000
0.000000
0.000000
0.000000
0.000000
0.000000
0.000000
0.000000
0.011148
0.001378
0.000000
0.000000
0.000000
0.000000
0.000153
0.000031
0.000000
0.000324
0.000000
0.000000
0.000000
0.000000
0.000000
0.000000
0.000000
0.000000
0.000000
0.000040
0.000000
0.000000
0.000000
0.000000
0.000000
0.000000
0.000000
0.000000
0.000000
0.000000
0.000000
0.000000
0.000000
0.000000
0.000000
0.000000
0.000000
0.000000
0.001084
0.001177
0.003875
0.000000
0.000000
0.000000
0.000036
0.000183
0.000203
0.000021
0.000024
0.000022
0.000000
0.000000
0.000000
0.000000
0.000000
0.000011
0.000000
0.000000
0.000000
0.000000
0.000000
0.000000
0.000000
0.000000
0.000000
0.000000
0.000000
0.000000
0.000000
0.000000
0.000000
0.000000
0.000000
0.000000
0.000000
0.000000
0.000000
0.000000
0.000000
0.000000
0.003534
0.000000
0.000497
0.000313
0.000000
0.000011
0.000000
0.000000
0.000000
0.000074
0.000000
0.000000
0.000000
0.000000
0.000000
0.000000
0.000000
0.000041
0.000000
0.000000
0.000000
0.000000
0.000000
0.000000
0.000000
0.000000
0.000000
0.000000
0.000000
0.000000
0.000000
0.000000
0.000000
0.000000
0.000000
0.000000
0.000000
0.000000
0.000000
0.000000
0.009439
0.000817
0.000000
0.000199
0.000000
0.000000
0.000000
0.000000
0.000000
0.000452
0.000000
0.000000
0.000000
0.000000
0.000000
0.000000
0.000000
0.000000
0.000000
0.000000
0.000000
0.000000
0.000000
0.000000
0.000000
0.000000
0.000000
0.000000
0.000000
0.000000
0.000000
0.000000
0.000000
0.000000
0.000000
0.000000
0.000000
0.000000
0.000595
0.000861
0.001809
0.000000
0.000011
0.000042
0.000000
0.000000
0.000000
0.000012
0.000011
0.000153
0.000000
0.000000
0.000000
0.000000
0.000000
0.000021
0.000000
0.000000
0.000000
0.000000
0.000000
0.000000
0.000000
0.000000
0.000000
0.000000
0.000000
0.000000
0.000000
0.000000
0.000000
0.000000
0.000000
0.000000
0.000352
0.000000
0.000000
0.000222
0.000000
0.000000
0.000392
0.000000
0.000021
0.000012
0.000000
0.000000
0.000011
0.000000
0.000000
0.000024
0.000000
0.000000
0.000000
0.000000
0.000000
0.000000
0.000000
0.000000
0.000000
0.000000
0.000000
0.000000
0.000000
0.000000
0.000000
0.000000
0.000000
0.000000
0.000000
0.000000
0.000000
0.000000
0.000000
0.000000
0.000337
0.000000
0.000000
0.000235
0.000134
0.000000
0.000695
0.000012
0.000000
0.000000
0.000000
0.000000
0.000000
0.000000
0.000000
0.000000
0.000011
0.000000
0.000000
0.000000
0.000000
0.000000
0.000000
0.000000
0.000000
0.000000
0.000000
0.000000
0.000000
0.000000
0.000000
0.000000
0.000000
0.000000
0.000000
0.000000
0.000000
0.000000
0.000011
0.000000
0.000075
0.000019
0.000112
0.000182
0.000051
0.000000
0.000173
0.000000
0.000000
0.000000
0.000000
0.000000
0.000000
0.000000
0.000000
0.000000
0.000000
0.000000
0.000000
0.000000
0.000000
0.000000
0.000000
0.000000
0.000000
0.000000
0.000000
0.000000
0.000000
0.000000
0.000000
0.000000
0.000000
0.000000
0.000000
0.000000
0.000000
0.000078
0.000000
0.000000
0.000000
0.000000
0.000000
0.000021
0.000000
0.000000
0.000180
0.000000
0.000033
0.000000
0.000000
0.000000
0.000000
0.000000
0.000000
0.000137
0.000000
0.000000
0.000000
0.000000
0.000000
0.000000
0.000000
0.000000
0.000000
0.000000
0.000000
0.000000
0.000000
0.000000
0.000000
0.000000
0.000000
0.000000
0.000000
0.000000
0.000000
0.000351
0.000012
0.000000
0.000000
0.000000
0.000000
0.000034
0.000019
0.000000
0.000516
0.000021
0.000000
0.000000
0.000000
0.000000
0.000000
0.000000
0.000371
0.000000
0.000000
0.000000
0.000000
0.000000
0.000000
0.000000
0.000000
0.000000
0.000000
0.000000
0.000000
0.000000
0.000000
0.000000
0.000000
0.000000
0.000000
0.000000
0.000000
0.000000
0.000000
0.000066
0.000000
0.000000
0.000000
0.000000
0.000000
0.000000
0.000000
0.000022
0.000000
0.000000
0.000000
0.000000
0.000000
0.000000
0.000000
0.000000
0.000000
0.000000
0.000000
0.000000
0.000000
0.000000
0.000000
0.000000
0.000000
0.000000
0.000000
0.000000
0.000000
0.000000
0.000000
0.000000
0.000000
0.000000
0.000000
0.000000
0.000000
0.000000
0.000000
0.000065
0.000000
0.000012
0.000012
0.000000
0.000000
0.000000
0.000000
0.000000
0.000092
0.000000
0.000000
0.000000
0.000000
0.000000
0.000149
0.000000
0.000000
0.000000
0.000000
0.000000
0.000000
0.000000
0.000000
0.000000
0.000000
0.000000
0.000000
0.000000
0.000000
0.000000
0.000000
0.000000
0.000000
0.000000
0.000000
0.000000
0.000000
0.000000
0.000000
0.000197
0.000032
0.000000
0.000000
0.000000
0.000000
0.000000
0.000000
0.000000
0.000363
0.000011
0.000000
0.000000
0.000000
0.000474
0.000000
0.000000
0.000000
0.000000
0.000000
0.000000
0.000000
0.000000
0.000000
0.000000
0.000000
0.000000
0.000000
0.000000
0.000000
0.000000
0.000000
0.000000
0.000000
0.000000
0.000000
0.000000
0.000000
0.000016
0.000011
0.000032
0.000000
0.000000
0.000000
0.000000
0.000000
0.000000
0.000041
0.000000
0.000159
0.000000
0.000000
0.000000
0.000112
0.000000
0.000000
0.000000
0.000000
0.000000
0.000000
0.000000
0.000000
0.000000
0.000000
0.000000
0.000000
0.000000
0.000000
0.000000
0.000000
0.000000
0.000000
0.000000
0.000000
0.000000
0.000000
0.000000
0.000000
0.000000
0.000000
0.000000
0.000000
0.000000
0.000000
0.000000
0.000000
0.000011
0.000000
0.000000
0.000000
0.000000
0.000000
0.000012
0.000000
0.000000
0.000000
0.000000
0.000000
0.000000
0.000000
0.000000
0.000000
0.000000
0.000000
0.000000
0.000000
0.000000
0.000000
0.000000
0.000000
0.000000
0.000000
0.000000
0.000000
0.000021
0.000000
0.000000
0.000000
0.000000
0.000000
0.000000
0.000000
0.000000
0.000000
0.000000
0.000000
0.000000
0.000000
0.000000
0.000021
0.000000
0.000000
0.000000
0.000000
0.000000
0.000000
0.000000
0.000000
0.000000
0.000000
0.000000
0.000000
0.000000
0.000000
0.000000
0.000000
0.000000
0.000000
0.000000
0.000000
0.000000
0.000000
0.000000
0.000000
0.000000
0.000000
0.000000
0.000000
0.000000
0.000000
0.000000
0.000011
0.000000
0.000000
0.000000
0.000011
0.000000
0.000000
0.000000
0.000000
0.000000
0.000000
0.000000
0.000000
0.000000
0.000000
0.000000
0.000000
0.000000
0.000000
0.000000
0.000000
0.000000
0.000000
0.000000
0.000000
0.000000
0.000000
0.000000
0.000000
0.000000
0.000000
0.000000
0.000000
0.000000
0.000000
0.000000
0.000000
0.000000
0.000000
0.000131
0.000417
0.000012
0.000069
0.000240
0.000047
0.000000
0.000021
0.000000
0.587469
0.000000
0.000000
0.000000
0.000000
0.000000
0.000000
0.000000
0.000000
0.000000
0.000000
0.000000
0.000274
0.001124
0.000237
0.000990
0.001566
0.000154
0.000000
0.000000
0.000000
0.000000
0.000000
0.000000
0.000000
0.000000
0.000000
0.000000
0.000000
0.000000
0.000000
0.000019
0.000000
0.000000
0.000000
0.000000
0.000000
0.000000
0.000000
0.000000
0.000000
0.000000
0.000000
0.000000
0.000000
0.000000
0.000000
0.000000
0.000000
0.000000
0.000000
0.000000
0.000000
0.000000
0.000000
0.000000
0.000000
0.000000
0.000000
0.000000
0.000296
0.000040
0.000000
0.000019
0.000052
0.000000
0.000000
0.000151
0.000000
0.000000
0.000000
0.000000
0.000000
0.000000
0.000000
0.000000
0.000000
0.000000
0.000000
0.000000
0.029184
0.000000
0.000000
0.000059
0.000060
0.000040
0.000000
0.000021
0.000000
0.000040
0.000000
0.000000
0.000000
0.000000
0.000000
0.000000
0.000000
0.000000
0.000000
0.000000
0.000000
0.000000
0.000000
0.000000
0.000000
0.000000
0.000000
0.000000
0.000000
0.000000
0.000000
0.000000
0.000000
0.000000
0.000000
0.000000
0.000000
0.000000
0.000000
0.000212
0.052945
0.000000
0.008943
0.000000
0.000000
0.000000
0.001929
0.000000
0.000667
0.000456
0.000000
0.000019
0.000000
0.000000
0.000000
0.000000
0.000000
0.000000
0.000000
0.000000
0.000000
0.000000
0.000000
0.000000
0.000000
0.000000
0.000000
0.000000
0.000000
0.000000
0.000000
0.000000
0.000000
0.000000
0.000000
0.000000
0.000000
0.000000
0.000034
0.000000
0.039218
0.007000
0.000000
0.000000
0.000000
0.000000
0.001129
0.000327
0.000000
0.002017
0.000000
0.000000
0.000000
0.000000
0.000000
0.000029
0.000000
0.000000
0.000000
0.000000
0.000000
0.000000
0.000000
0.000000
0.000000
0.000000
0.000000
0.000000
0.000000
0.000000
0.000000
0.000000
0.000000
0.000000
0.000000
0.000000
0.000000
0.000151
0.007615
0.008226
0.024482
0.000000
0.000000
0.000000
0.000490
0.000382
0.000998
0.000098
0.000091
0.000071
0.000000
0.000000
0.000000
0.000000
0.000000
0.000044
0.000000
0.000000
0.000000
0.000000
0.000000
0.000000
0.000000
0.000000
0.000000
0.000000
0.000000
0.000000
0.000000
0.000000
0.000000
0.000000
0.000000
0.000000
0.000000
0.000000
0.000242
0.000000
0.000000
0.000000
0.049358
0.000000
0.005880
0.003428
0.000000
0.000626
0.000000
0.000000
0.000000
0.000359
0.000000
0.000000
0.000000
0.000000
0.000000
0.000000
0.000000
0.000000
0.000000
0.000000
0.000000
0.000000
0.000000
0.000000
0.000000
0.000000
0.000000
0.000000
0.000000
0.000000
0.000000
0.000000
0.000000
0.000000
0.000000
0.000000
0.000000
0.000000
0.000000
0.000000
0.029468
0.005214
0.000000
0.001522
0.000658
0.000000
0.000000
0.000000
0.000000
0.001073
0.000026
0.000000
0.000033
0.000000
0.000000
0.000000
0.000000
0.000000
0.000000
0.000000
0.000000
0.000000
0.000000
0.000000
0.000000
0.000000
0.000000
0.000000
0.000000
0.000000
0.000000
0.000000
0.000000
0.000000
0.000000
0.000000
0.000000
0.000000
0.006422
0.004621
0.014253
0.000400
0.000352
0.001086
0.000000
0.000000
0.000000
0.000000
0.000027
0.000211
0.000000
0.000000
0.000000
0.000000
0.000000
0.000000
0.000000
0.000000
0.000000
0.000000
0.000000
0.000000
0.000000
0.000000
0.000000
0.000000
0.000000
0.000000
0.000000
0.000000
0.000000
0.000000
0.000000
0.000000
0.003460
0.000000
0.000361
0.002727
0.000000
0.000299
0.004873
0.000000
0.000366
0.000000
0.000000
0.000000
0.000025
0.000000
0.000000
0.000113
0.000000
0.000000
0.000000
0.000000
0.000000
0.000000
0.000000
0.000000
0.000000
0.000000
0.000000
0.000000
0.000000
0.000000
0.000000
0.000000
0.000000
0.000000
0.000000
0.000000
0.000000
0.000000
0.000000
0.000000
0.001206
0.000406
0.000000
0.001467
0.000397
0.000000
0.001838
0.000636
0.000000
0.000000
0.000000
0.000000
0.000000
0.000000
0.000000
0.000000
0.000000
0.000000
0.000000
0.000000
0.000000
0.000000
0.000000
0.000000
0.000000
0.000000
0.000000
0.000000
0.000000
0.000000
0.000000
0.000000
0.000000
0.000000
0.000000
0.000000
0.000000
0.000000
0.000642
0.000347
0.001178
0.000290
0.000489
0.000681
0.001035
0.000606
0.002324
0.000000
0.000055
0.000000
0.000000
0.000054
0.000012
0.000000
0.000000
0.000028
0.000000
0.000000
0.000000
0.000000
0.000000
0.000000
0.000000
0.000000
0.000000
0.000000
0.000000
0.000000
0.000000
0.000000
0.000000
0.000000
0.000000
0.000000
0.000545
0.000000
0.000000
0.000206
0.000000
0.000019
0.000000
0.000000
0.000000
0.000029
0.000000
0.000000
0.000438
0.000000
0.000012
0.000000
0.000000
0.000000
0.000029
0.000000
0.000000
0.000000
0.000000
0.000000
0.000000
0.000000
0.000000
0.000000
0.000000
0.000000
0.000000
0.000000
0.000000
0.000000
0.000000
0.000000
0.000000
0.000000
0.000000
0.002226
0.000019
0.000000
0.000000
0.000757
0.000092
0.000000
0.000000
0.000000
0.000000
0.000066
0.000014
0.000000
0.001947
0.000183
0.000000
0.000000
0.000000
0.000000
0.000012
0.000000
0.000000
0.000000
0.000000
0.000000
0.000000
0.000000
0.000000
0.000000
0.000000
0.000000
0.000000
0.000000
0.000000
0.000000
0.000000
0.000000
0.000000
0.000000
0.000043
0.000000
0.000000
0.000284
0.000000
0.000107
0.000000
0.000000
0.000000
0.000000
0.000000
0.000000
0.000014
0.000034
0.000141
0.000000
0.000000
0.000000
0.000000
0.000000
0.000041
0.000000
0.000000
0.000000
0.000000
0.000000
0.000000
0.000000
0.000000
0.000000
0.000000
0.000000
0.000000
0.000000
0.000000
0.000000
0.000000
0.000000
0.000000
0.000556
0.000000
0.000000
0.000000
0.000000
0.000000
0.000891
0.000000
0.000054
0.000000
0.000000
0.000000
0.000000
0.000000
0.000000
0.000844
0.000000
0.000045
0.000000
0.000000
0.000000
0.000000
0.000000
0.000000
0.000000
0.000000
0.000000
0.000000
0.000000
0.000000
0.000000
0.000000
0.000000
0.000021
0.000000
0.000000
0.000000
0.000000
0.000000
0.001215
0.000000
0.000019
0.000000
0.000000
0.000000
0.000000
0.001091
0.000252
0.000000
0.000046
0.000000
0.000000
0.000000
0.000000
0.000000
0.001593
0.000158
0.000000
0.000000
0.000000
0.000000
0.000000
0.000000
0.000000
0.000000
0.000000
0.000000
0.000000
0.000000
0.000000
0.000000
0.000000
0.000000
0.000000
0.000000
0.000000
0.000000
0.000000
0.000053
0.000000
0.000000
0.000000
0.000000
0.000000
0.000052
0.000000
0.000305
0.000000
0.000000
0.000000
0.000000
0.000000
0.000000
0.000149
0.000048
0.000121
0.000000
0.000000
0.000000
0.000000
0.000000
0.000000
0.000000
0.000000
0.000000
0.000000
0.000000
0.000000
0.000000
0.000000
0.000000
0.000000
0.000000
0.000000
0.000000
0.000000
0.000000
0.000113
0.000000
0.000000
0.000000
0.000000
0.000000
0.000011
0.000000
0.000000
0.000018
0.000000
0.000000
0.000000
0.000000
0.000000
0.000000
0.000000
0.000000
0.000000
0.000000
0.000000
0.000000
0.000000
0.000000
0.000000
0.000000
0.000000
0.000000
0.000000
0.000000
0.000000
0.000000
0.000000
0.000000
0.000000
0.000000
0.000000
0.000000
0.000000
0.000029
0.000000
0.000000
0.000000
0.000000
0.000000
0.000000
0.000000
0.000000
0.000000
0.000012
0.000000
0.000000
0.000033
0.000000
0.000000
0.000000
0.000000
0.000000
0.000029
0.000000
0.000000
0.000000
0.000000
0.000000
0.000000
0.000000
0.000000
0.000000
0.000000
0.000000
0.000000
0.000000
0.000000
0.000000
0.000000
0.000000
0.000000
0.000000
0.000000
0.000000
0.000000
0.000000
0.000000
0.000000
0.000041
0.000000
0.000000
0.000000
0.000000
0.000000
0.000000
0.000016
0.000000
0.000024
0.000033
0.000000
0.000000
0.000000
0.000000
