0.010621
0.015850
0.011582
0.006345
0.017770
0.008810
0.003175
0.003732
0.004336
0.001029
0.002814
0.000593
0.000570
0.004191
0.000722
0.000107
0.000220
0.000237
0.509053
0.000060
0.040122
0.039153
0.032935
0.063974
0.037454
0.046922
0.055879
0.015273
0.012239
0.023607
0.003205
0.009038
0.001674
0.002510
0.010938
0.002170
0.000126
0.000531
0.000431
0.007079
0.000000
0.002177
0.000000
0.000000
0.000000
0.000679
0.000000
0.000283
0.000298
0.000000
0.000069
0.000000
0.000000
0.000000
0.000040
0.000000
0.000000
0.000000
0.000000
0.000019
0.000000
0.000000
0.000000
0.000000
0.000000
0.000000
0.000000
0.000000
0.000000
0.000000
0.000000
0.000000
0.000000
0.000000
0.000000
0.000000
0.000000
0.000000
0.000000
0.012437
0.001890
0.000000
0.000000
0.000000
0.000000
0.000666
0.000139
0.000000
0.000727
0.000000
0.000000
0.000000
0.000000
0.000000
0.000028
0.000000
0.000000
0.000000
0.000000
0.000000
0.000000
0.000000
0.000000
0.000000
0.000000
0.000000
0.000000
0.000000
0.000000
0.000000
0.000000
0.000000
0.000000
0.000000
0.000000
0.000000
0.000000
0.002226
0.001989
0.006099
0.000000
0.000000
0.000000
0.000065
0.000147
0.000644
0.000030
0.000059
0.000209
0.000000
0.000000
0.000000
0.000000
0.000000
0.000000
0.000000
0.000000
0.000146
0.000000
0.000000
0.000000
0.000000
0.000000
0.000000
0.000000
0.000000
0.000000
0.000000
0.000000
0.000000
0.000000
0.000000
0.000000
0.000000
0.000000
0.000000
0.000000
0.000000
0.000000
0.004280
0.000000
0.001358
0.000450
0.000000
0.000066
0.000000
0.000000
0.000000
0.000143
0.000000
0.000025
0.000000
0.000000
0.000000
0.000000
0.000000
0.000000
0.000000
0.000000
0.000000
0.000000
0.000000
0.000000
0.000000
0.000000
0.000000
0.000000
0.000000
0.000000
0.000000
0.000000
0.000000
0.000000
0.000000
0.000000
0.000000
0.000000
0.000000
0.000000
0.013846
0.001340
0.000000
0.001102
0.000266
0.000000
0.000000
0.000000
0.000000
0.000818
0.000019
0.000000
0.000000
0.000000
0.000000
0.000016
0.000213
0.000000
0.000000
0.000000
0.000000
0.000000
0.000000
0.000000
0.000000
0.000000
0.000000
0.000000
0.000000
0.000000
0.000000
0.000000
0.000000
0.000000
0.000000
0.000000
0.000000
0.000000
0.001263
0.001752
0.004865
0.000151
0.000092
0.000474
0.000000
0.000000
0.000000
0.000000
0.000059
0.000047
0.000000
0.000000
0.000033
0.000000
0.000000
0.000092
0.000000
0.000000
0.000000
0.000000
0.000000
0.000000
0.000000
0.000000
0.000000
0.000000
0.000000
0.000000
0.000000
0.000000
0.000000
0.000000
0.000000
0.000000
0.000588
0.000000
0.000161
0.000519
0.000000
0.000145
0.001306
0.000000
0.000275
0.000000
0.000000
0.000000
0.000018
0.000000
0.000000
0.000000
0.000000
0.000125
0.000000
0.000000
0.000043
0.000000
0.000000
0.000000
0.000000
0.000000
0.000000
0.000000
0.000000
0.000000
0.000000
0.000000
0.000000
0.000000
0.000000
0.000000
0.000000
0.000000
0.000000
0.000000
0.000552
0.000143
0.000000
0.000874
0.000073
0.000000
0.001127
0.000836
0.000000
0.000024
0.000000
0.000000
0.000078
0.000000
0.000000
0.000036
0.000000
0.000000
0.000000
0.000000
0.000000
0.000000
0.000000
0.000000
0.000000
0.000000
0.000000
0.000000
0.000000
0.000000
0.000000
0.000000
0.000000
0.000000
0.000000
0.000000
0.000000
0.000000
0.000448
0.000140
0.000728
0.000148
0.000160
0.000645
0.000455
0.000300
0.001224
0.000000
0.000000
0.000000
0.000000
0.000014
0.000000
0.000000
0.000027
0.000054
0.000000
0.000000
0.000000
0.000000
0.000000
0.000000
0.000000
0.000000
0.000000
0.000000
0.000000
0.000000
0.000000
0.000000
0.000000
0.000000
0.000000
0.000000
0.000000
0.000000
0.000000
0.000118
0.000000
0.000031
0.000000
0.000000
0.000000
0.000000
0.000000
0.000000
0.000445
0.000000
0.000060
0.000000
0.000000
0.000000
0.000009
0.000000
0.000000
0.000369
0.000000
0.000000
0.000000
0.000000
0.000000
0.000000
0.000000
0.000000
0.000000
0.000000
0.000000
0.000000
0.000000
0.000000
0.000000
0.000000
0.000000
0.000000
0.000000
0.000000
0.000000
0.000417
0.000019
0.000000
0.000000
0.000000
0.000000
0.000043
0.000000
0.000000
0.001218
0.000113
0.000000
0.000000
0.000000
0.000000
0.000029
0.000000
0.000894
0.000000
0.000000
0.000000
0.000000
0.000000
0.000000
0.000000
0.000000
0.000000
0.000000
0.000000
0.000000
0.000070
0.000000
0.000000
0.000019
0.000000
0.000000
0.000000
0.000000
0.000000
0.000000
0.000194
0.000000
0.000000
0.000000
0.000000
0.000000
0.000037
0.000027
0.000137
0.000084
0.000000
0.000000
0.000000
0.000000
0.000000
0.000000
0.000114
0.000000
0.000000
0.000000
0.000000
0.000000
0.000000
0.000000
0.000000
0.000000
0.000000
0.000000
0.000000
0.000000
0.000000
0.000000
0.000000
0.000000
0.000000
0.000000
0.000000
0.000000
0.000000
0.000000
0.000052
0.000000
0.000019
0.000019
0.000000
0.000000
0.000000
0.000000
0.000000
0.000179
0.000000
0.000050
0.000017
0.000000
0.000025
0.000208
0.000000
0.000000
0.000000
0.000000
0.000000
0.000000
0.000000
0.000000
0.000000
0.000000
0.000000
0.000000
0.000000
0.000000
0.000000
0.000000
0.000000
0.000000
0.000000
0.000000
0.000000
0.000000
0.000000
0.000000
0.000850
0.000017
0.000000
0.000213
0.000000
0.000000
0.000000
0.000000
0.000000
0.001764
0.000271
0.000000
0.000000
0.000000
0.001043
0.000000
0.000043
0.000000
0.000000
0.000000
0.000000
0.000000
0.000000
0.000000
0.000000
0.000000
0.000000
0.000000
0.000000
0.000000
0.000000
0.000000
0.000000
0.000000
0.000000
0.000000
0.000000
0.000000
0.000061
0.000013
0.000328
0.000000
0.000000
0.000014
0.000000
0.000000
0.000000
0.000047
0.000019
0.000051
0.000000
0.000000
0.000000
0.000192
0.000000
0.000000
0.000000
0.000000
0.000000
0.000000
0.000000
0.000000
0.000000
0.000000
0.000000
0.000000
0.000000
0.000000
0.000000
0.000000
0.000000
0.000000
0.000000
0.000000
0.000000
0.000000
0.000000
0.000000
0.000000
0.000000
0.000027
0.000000
0.000000
0.000000
0.000000
0.000000
0.000000
0.000000
0.000000
0.000040
0.000000
0.000000
0.000040
0.000000
0.000000
0.000000
0.000000
0.000000
0.000000
0.000000
0.000000
0.000000
0.000000
0.000000
0.000000
0.000000
0.000000
0.000000
0.000000
0.000000
0.000000
0.000000
0.000000
0.000000
0.000018
0.000000
0.000000
0.000016
0.000000
0.000000
0.000014
0.000016
0.000000
0.000036
0.000000
0.000000
0.000000
0.000000
0.000000
0.000047
0.000000
0.000075
0.000000
0.000000
0.000000
0.000000
0.000000
0.000000
0.000000
0.000000
0.000000
0.000000
0.000000
0.000000
0.000000
0.000000
0.000000
0.000000
0.000000
0.000000
0.000000
0.000000
0.000000
0.000000
0.000000
0.000000
0.000000
0.000000
0.000000
0.000000
0.000025
0.000014
0.000000
0.000000
0.000000
0.000013
0.000167
0.000000
0.000019
0.000000
0.000000
0.000000
0.000000
0.000000
0.000000
0.000000
0.000000
0.000000
0.000000
0.000000
0.000000
0.000000
0.000000
0.000000
0.000000
0.000000
0.000000
0.000000
0.000000
0.000000
0.000000
0.000000
0.000000
0.000000
0.000000
0.000000
0.000000
0.000000
0.000000
0.000000
0.000218
0.000621
0.000058
0.000158
0.001258
0.000057
0.000000
0.000034
0.000000
0.497804
0.000000
0.000016
0.000000
0.000000
0.000000
0.000000
0.000000
0.000000
0.000000
0.000000
0.000000
0.000704
0.001703
0.000129
0.000928
0.003745
0.000360
0.000016
0.000108
0.000017
0.000000
0.000000
0.000000
0.000000
0.000000
0.000000
0.000000
0.000000
0.000000
0.000000
0.000000
0.000000
0.000000
0.000028
0.000000
0.000000
0.000000
0.000000
0.000000
0.000016
0.000000
0.000000
0.000000
0.000000
0.000000
0.000000
0.000016
0.000000
0.000000
0.000000
0.000000
0.000000
0.000000
0.000000
0.000000
0.000000
0.000000
0.000000
0.000000
0.000188
0.000358
0.000170
0.000038
0.000289
0.000037
0.000028
0.000041
0.000043
0.000000
0.000000
0.000000
0.000000
0.000041
0.000000
0.000000
0.000000
0.000000
0.000000
0.000000
0.038037
0.000027
0.000144
0.000306
0.000065
0.000144
0.000117
0.000000
0.000098
0.000000
0.000033
0.000000
0.000000
0.000000
0.000000
0.000000
0.000000
0.000000
0.000000
0.000000
0.000000
0.000000
0.000000
0.000000
0.000000
0.000000
0.000000
0.000000
0.000000
0.000000
0.000000
0.000000
0.000000
0.000000
0.000000
0.000000
0.000000
0.000000
0.000000
0.000124
0.026759
0.000000
0.008473
0.000000
0.000000
0.000000
0.002315
0.000000
0.000867
0.000661
0.000000
0.000088
0.000000
0.000000
0.000000
0.000000
0.000000
0.000000
0.000000
0.000000
0.000000
0.000000
0.000000
0.000000
0.000000
0.000000
0.000000
0.000000
0.000000
0.000000
0.000000
0.000000
0.000000
0.000000
0.000000
0.000000
0.000000
0.000000
0.000427
0.000000
0.020005
0.007231
0.000000
0.000000
0.000000
0.000000
0.002210
0.000178
0.000000
0.002916
0.000072
0.000000
0.000000
0.000000
0.000000
0.000000
0.000000
0.000000
0.000000
0.000000
0.000000
0.000000
0.000000
0.000000
0.000000
0.000000
0.000000
0.000000
0.000000
0.000000
0.000000
0.000000
0.000000
0.000000
0.000000
0.000000
0.000000
0.000143
0.007428
0.009808
0.040556
0.000000
0.000000
0.000000
0.000558
0.000635
0.003811
0.000308
0.000303
0.000585
0.000000
0.000000
0.000000
0.000000
0.000035
0.000000
0.000000
0.000000
0.000000
0.000000
0.000000
0.000000
0.000000
0.000000
0.000000
0.000000
0.000000
0.000000
0.000000
0.000000
0.000000
0.000000
0.000000
0.000000
0.000000
0.000000
0.000072
0.000000
0.000000
0.000000
0.026403
0.000000
0.007201
0.002620
0.000000
0.001020
0.000000
0.000000
0.000000
0.000195
0.000000
0.000072
0.000000
0.000000
0.000000
0.000000
0.000000
0.000000
0.000000
0.000000
0.000000
0.000000
0.000000
0.000000
0.000000
0.000000
0.000000
0.000000
0.000000
0.000000
0.000000
0.000000
0.000000
0.000000
0.000000
0.000344
0.000000
0.000000
0.000000
0.000000
0.032283
0.008417
0.000000
0.002574
0.001567
0.000000
0.000000
0.000000
0.000000
0.001777
0.000000
0.000000
0.000055
0.000000
0.000000
0.000000
0.000000
0.000000
0.000000
0.000000
0.000000
0.000000
0.000000
0.000000
0.000000
0.000000
0.000000
0.000000
0.000000
0.000000
0.000000
0.000000
0.000000
0.000000
0.000266
0.000000
0.000000
0.000000
0.008076
0.007497
0.033487
0.001130
0.000454
0.004077
0.000000
0.000000
0.000000
0.000037
0.000608
0.000390
0.000000
0.000000
0.000000
0.000000
0.000000
0.000000
0.000000
0.000000
0.000000
0.000000
0.000000
0.000000
0.000000
0.000000
0.000000
0.000000
0.000000
0.000000
0.000000
0.000000
0.000000
0.000000
0.000000
0.000158
0.003218
0.000000
0.001194
0.001633
0.000000
0.000748
0.006184
0.000000
0.001929
0.000041
0.000000
0.000028
0.000143
0.000000
0.000000
0.000027
0.000000
0.000028
0.000000
0.000000
0.000000
0.000000
0.000000
0.000000
0.000000
0.000000
0.000000
0.000000
0.000000
0.000000
0.000000
0.000000
0.000000
0.000000
0.000000
0.000000
0.000000
0.000000
0.000033
0.000000
0.001617
0.000748
0.000000
0.002793
0.000737
0.000000
0.004605
0.001672
0.000000
0.000009
0.000000
0.000000
0.000049
0.000009
0.000000
0.000014
0.000000
0.000000
0.000000
0.000000
0.000000
0.000000
0.000000
0.000000
0.000000
0.000000
0.000000
0.000000
0.000000
0.000000
0.000000
0.000000
0.000000
0.000000
0.000000
0.000000
0.000000
0.000038
0.001267
0.000719
0.004621
0.000832
0.001088
0.002759
0.002210
0.001578
0.008102
0.000028
0.000027
0.000075
0.000031
0.000035
0.000031
0.000017
0.000077
0.000161
0.000000
0.000000
0.000000
0.000000
0.000000
0.000000
0.000000
0.000000
0.000000
0.000000
0.000000
0.000000
0.000000
0.000000
0.000000
0.000000
0.000000
0.000000
0.001255
0.000000
0.000000
0.000550
0.000000
0.000052
0.000000
0.000000
0.000000
0.000024
0.000000
0.000000
0.001211
0.000000
0.000078
0.000000
0.000000
0.000000
0.000000
0.000000
0.000000
0.000000
0.000000
0.000000
0.000000
0.000000
0.000000
0.000000
0.000000
0.000000
0.000000
0.000000
0.000000
0.000000
0.000052
0.000000
0.000000
0.000000
0.000000
0.003435
0.000000
0.000000
0.000000
0.000707
0.000469
0.000000
0.000000
0.000000
0.000000
0.000071
0.000069
0.000000
0.003813
0.000370
0.000000
0.000000
0.000000
0.000000
0.000054
0.000033
0.000000
0.000000
0.000000
0.000000
0.000000
0.000000
0.000000
0.000000
0.000000
0.000000
0.000000
0.000000
0.000000
0.000000
0.000000
0.000000
0.000000
0.000000
0.000401
0.000000
0.000000
0.000037
0.000009
0.000531
0.000000
0.000000
0.000000
0.000000
0.000000
0.000000
0.000227
0.000219
0.000253
0.000000
0.000000
0.000000
0.000000
0.000000
0.000000
0.000000
0.000000
0.000000
0.000000
0.000000
0.000000
0.000000
0.000000
0.000000
0.000000
0.000000
0.000000
0.000000
0.000027
0.000000
0.000000
0.000000
0.000000
0.000439
0.000000
0.000016
0.000000
0.000000
0.000000
0.000510
0.000000
0.000131
0.000139
0.000000
0.000000
0.000000
0.000000
0.000000
0.001046
0.000000
0.000087
0.000065
0.000000
0.000057
0.000000
0.000000
0.000000
0.000000
0.000000
0.000000
0.000000
0.000000
0.000000
0.000000
0.000000
0.000000
0.000025
0.000028
0.000038
0.000000
0.000000
0.000000
0.002854
0.000028
0.000013
0.000000
0.000000
0.000000
0.000000
0.001772
0.000943
0.000000
0.000000
0.000040
0.000000
0.000000
0.000000
0.000000
0.004122
0.000972
0.000000
0.000054
0.000078
0.000000
0.000000
0.000000
0.000000
0.000000
0.000000
0.000000
0.000000
0.000000
0.000000
0.000000
0.000000
0.000000
0.000000
0.000000
0.000000
0.000000
0.000000
0.000202
0.000000
0.000000
0.000000
0.000000
0.000000
0.000064
0.000000
0.001158
0.000018
0.000000
0.000122
0.000000
0.000000
0.000000
0.000032
0.000295
0.000227
0.000000
0.000000
0.000057
0.000000
0.000000
0.000000
0.000000
0.000000
0.000000
0.000000
0.000000
0.000000
0.000000
0.000000
0.000000
0.000000
0.000000
0.000000
0.000000
0.000000
0.000000
0.000017
0.000000
0.000000
0.000000
0.000000
0.000000
0.000000
0.000000
0.000000
0.000041
0.000000
0.000040
0.000000
0.000000
0.000000
0.000027
0.000000
0.000000
0.000000
0.000000
0.000000
0.000000
0.000000
0.000000
0.000000
0.000000
0.000000
0.000000
0.000000
0.000000
0.000000
0.000000
0.000000
0.000000
0.000000
0.000000
0.000000
0.000000
0.000000
0.000120
0.000000
0.000000
0.000000
0.000028
0.000000
0.000000
0.000055
0.000000
0.000000
0.000059
0.000073
0.000000
0.000012
0.000000
0.000000
0.000049
0.000000
0.000000
0.000135
0.000000
0.000000
0.000000
0.000000
0.000000
0.000000
0.000000
0.000000
0.000000
0.000000
0.000000
0.000000
0.000000
0.000000
0.000000
0.000000
0.000000
0.000000
0.000000
0.000000
0.000000
0.000000
0.000000
0.000000
0.000019
0.000000
0.000000
0.000000
0.000092
0.000000
0.000132
0.000000
0.000000
0.000000
0.000000
0.000161
0.000028
0.000000
0.000000
0.000000
