0.007900
0.011883
0.010905
0.003311
0.011439
0.008173
0.001948
0.002151
0.002931
0.000876
0.002997
0.000720
0.000663
0.003321
0.000659
0.000098
0.000184
0.000057
0.466239
0.000390
0.029827
0.061013
0.038436
0.090878
0.042726
0.049120
0.058382
0.017392
0.010840
0.027163
0.003010
0.011984
0.003444
0.002328
0.012175
0.002740
0.000448
0.000680
0.000569
0.005592
0.000000
0.001457
0.000000
0.000000
0.000000
0.000448
0.000000
0.000193
0.000090
0.000000
0.000034
0.000000
0.000000
0.000000
0.000006
0.000000
0.000000
0.000000
0.000000
0.000102
0.000000
0.000000
0.000000
0.000000
0.000000
0.000000
0.000000
0.000000
0.000000
0.000000
0.000000
0.000000
0.000000
0.000000
0.000000
0.000000
0.000000
0.000000
0.000000
0.008908
0.001607
0.000000
0.000000
0.000000
0.000000
0.000538
0.000038
0.000000
0.000461
0.000003
0.000000
0.000000
0.000000
0.000000
0.000009
0.000000
0.000000
0.000045
0.000288
0.000000
0.000000
0.000000
0.000000
0.000000
0.000000
0.000000
0.000000
0.000000
0.000000
0.000000
0.000000
0.000000
0.000000
0.000000
0.000000
0.000000
0.000000
0.001576
0.001654
0.006508
0.000000
0.000000
0.000000
0.000064
0.000058
0.000533
0.000017
0.000122
0.000224
0.000000
0.000000
0.000000
0.000000
0.000000
0.000000
0.000000
0.000013
0.000145
0.000000
0.000000
0.000000
0.000000
0.000000
0.000000
0.000000
0.000000
0.000000
0.000000
0.000000
0.000000
0.000000
0.000000
0.000000
0.000000
0.000000
0.000000
0.000000
0.000000
0.000000
0.002051
0.000000
0.000853
0.000220
0.000000
0.000031
0.000000
0.000000
0.000000
0.000096
0.000000
0.000003
0.000003
0.000000
0.000000
0.000000
0.000000
0.000063
0.000000
0.000000
0.000000
0.000000
0.000000
0.000000
0.000000
0.000000
0.000000
0.000000
0.000000
0.000000
0.000000
0.000000
0.000000
0.000000
0.000000
0.000000
0.000000
0.000000
0.000000
0.000000
0.008574
0.001333
0.000000
0.000405
0.000121
0.000000
0.000000
0.000000
0.000000
0.000692
0.000026
0.000000
0.000021
0.000003
0.000000
0.000000
0.000136
0.000000
0.000000
0.000000
0.000000
0.000000
0.000000
0.000000
0.000000
0.000000
0.000000
0.000000
0.000000
0.000000
0.000000
0.000000
0.000000
0.000000
0.000000
0.000000
0.000000
0.000000
0.000756
0.001521
0.004829
0.000092
0.000074
0.000515
0.000000
0.000000
0.000000
0.000053
0.000062
0.000154
0.000000
0.000000
0.000000
0.000000
0.000005
0.000058
0.000000
0.000000
0.000000
0.000000
0.000000
0.000000
0.000000
0.000000
0.000000
0.000000
0.000000
0.000000
0.000000
0.000000
0.000000
0.000000
0.000000
0.000000
0.000290
0.000000
0.000091
0.000269
0.000000
0.000195
0.000813
0.000000
0.000253
0.000006
0.000000
0.000000
0.000005
0.000000
0.000003
0.000013
0.000000
0.000007
0.000000
0.000000
0.000011
0.000000
0.000000
0.000000
0.000000
0.000000
0.000000
0.000000
0.000000
0.000000
0.000000
0.000000
0.000000
0.000000
0.000000
0.000000
0.000000
0.000000
0.000000
0.000000
0.000352
0.000076
0.000000
0.000441
0.000097
0.000000
0.000685
0.000196
0.000000
0.000053
0.000000
0.000000
0.000087
0.000000
0.000000
0.000058
0.000000
0.000000
0.000000
0.000022
0.000000
0.000000
0.000000
0.000000
0.000000
0.000000
0.000000
0.000000
0.000000
0.000000
0.000000
0.000000
0.000000
0.000000
0.000000
0.000000
0.000000
0.000000
0.000151
0.000069
0.000517
0.000060
0.000148
0.000366
0.000196
0.000272
0.000940
0.000007
0.000000
0.000005
0.000006
0.000009
0.000083
0.000033
0.000023
0.000005
0.000000
0.000000
0.000029
0.000000
0.000000
0.000000
0.000000
0.000000
0.000000
0.000000
0.000000
0.000000
0.000000
0.000000
0.000000
0.000000
0.000000
0.000000
0.000000
0.000000
0.000000
0.000192
0.000000
0.000029
0.000000
0.000000
0.000000
0.000033
0.000000
0.000000
0.000305
0.000000
0.000043
0.000000
0.000000
0.000000
0.000025
0.000000
0.000004
0.000250
0.000000
0.000000
0.000000
0.000000
0.000000
0.000000
0.000000
0.000000
0.000000
0.000000
0.000000
0.000000
0.000000
0.000000
0.000000
0.000000
0.000000
0.000000
0.000000
0.000000
0.000000
0.000662
0.000241
0.000000
0.000000
0.000000
0.000000
0.000027
0.000012
0.000000
0.001144
0.000123
0.000000
0.000000
0.000000
0.000000
0.000016
0.000000
0.000732
0.000030
0.000017
0.000000
0.000000
0.000000
0.000000
0.000000
0.000000
0.000000
0.000000
0.000000
0.000000
0.000006
0.000000
0.000000
0.000000
0.000000
0.000000
0.000000
0.000000
0.000033
0.000013
0.000257
0.000000
0.000000
0.000000
0.000005
0.000000
0.000007
0.000079
0.000090
0.000124
0.000000
0.000000
0.000000
0.000000
0.000000
0.000000
0.000110
0.000000
0.000005
0.000000
0.000000
0.000000
0.000000
0.000000
0.000000
0.000000
0.000000
0.000000
0.000000
0.000000
0.000000
0.000000
0.000000
0.000000
0.000000
0.000000
0.000000
0.000000
0.000000
0.000000
0.000075
0.000000
0.000046
0.000027
0.000000
0.000000
0.000000
0.000000
0.000000
0.000240
0.000000
0.000092
0.000004
0.000000
0.000000
0.000168
0.000000
0.000007
0.000000
0.000000
0.000000
0.000000
0.000000
0.000000
0.000000
0.000000
0.000000
0.000000
0.000000
0.000000
0.000000
0.000007
0.000000
0.000000
0.000000
0.000000
0.000000
0.000000
0.000000
0.000000
0.000661
0.000129
0.000000
0.000060
0.000009
0.000000
0.000000
0.000000
0.000000
0.001265
0.000104
0.000000
0.000017
0.000024
0.000932
0.000027
0.000017
0.000000
0.000000
0.000000
0.000000
0.000000
0.000000
0.000000
0.000000
0.000000
0.000000
0.000000
0.000000
0.000000
0.000008
0.000004
0.000000
0.000000
0.000000
0.000000
0.000000
0.000000
0.000015
0.000008
0.000223
0.000000
0.000000
0.000057
0.000000
0.000000
0.000000
0.000034
0.000142
0.000084
0.000000
0.000000
0.000003
0.000091
0.000003
0.000000
0.000000
0.000000
0.000000
0.000000
0.000000
0.000000
0.000000
0.000000
0.000000
0.000000
0.000000
0.000000
0.000000
0.000000
0.000000
0.000000
0.000000
0.000000
0.000000
0.000000
0.000000
0.000000
0.000000
0.000000
0.000031
0.000000
0.000000
0.000040
0.000000
0.000000
0.000003
0.000000
0.000000
0.000009
0.000000
0.000003
0.000009
0.000004
0.000000
0.000000
0.000000
0.000000
0.000000
0.000000
0.000000
0.000000
0.000000
0.000000
0.000000
0.000000
0.000000
0.000000
0.000000
0.000000
0.000000
0.000000
0.000000
0.000000
0.000000
0.000006
0.000000
0.000000
0.000000
0.000000
0.000037
0.000003
0.000000
0.000034
0.000000
0.000000
0.000047
0.000000
0.000000
0.000027
0.000004
0.000029
0.000000
0.000000
0.000000
0.000000
0.000000
0.000000
0.000000
0.000000
0.000000
0.000000
0.000000
0.000000
0.000000
0.000000
0.000000
0.000000
0.000000
0.000000
0.000000
0.000000
0.000013
0.000000
0.000007
0.000000
0.000000
0.000000
0.000000
0.000000
0.000020
0.000007
0.000000
0.000000
0.000000
0.000000
0.000000
0.000000
0.000000
0.000003
0.000000
0.000007
0.000000
0.000000
0.000000
0.000000
0.000000
0.000000
0.000000
0.000000
0.000000
0.000000
0.000000
0.000000
0.000000
0.000000
0.000000
0.000000
0.000000
0.000000
0.000000
0.000000
0.000000
0.000000
0.000000
0.000000
0.000000
0.000000
0.000000
0.000000
0.000311
0.001038
0.000146
0.000228
0.000899
0.000101
0.000006
0.000015
0.000000
0.452780
0.000000
0.000023
0.000000
0.000000
0.000000
0.000000
0.000000
0.000000
0.000000
0.000000
0.000000
0.000905
0.002845
0.000526
0.000930
0.003443
0.000360
0.000055
0.000050
0.000034
0.000000
0.000035
0.000000
0.000000
0.000006
0.000000
0.000000
0.000005
0.000000
0.000007
0.000034
0.000004
0.000000
0.000070
0.000005
0.000000
0.000000
0.000000
0.000000
0.000093
0.000000
0.000000
0.000021
0.000020
0.000005
0.000004
0.000000
0.000000
0.000000
0.000000
0.000000
0.000034
0.000000
0.000000
0.000006
0.000000
0.000000
0.000013
0.000030
0.000061
0.000148
0.000133
0.000081
0.000096
0.000108
0.000026
0.000000
0.000016
0.000000
0.000004
0.000013
0.000000
0.000006
0.000000
0.000000
0.000000
0.000000
0.000022
0.000000
0.028194
0.000151
0.000053
0.000206
0.000115
0.000089
0.000183
0.000103
0.000003
0.000099
0.000006
0.000009
0.000000
0.000000
0.000013
0.000000
0.000000
0.000000
0.000000
0.000000
0.000000
0.000000
0.000000
0.000000
0.000000
0.000000
0.000000
0.000000
0.000000
0.000000
0.000000
0.000000
0.000000
0.000000
0.000000
0.000000
0.000000
0.000000
0.000000
0.000066
0.042113
0.000000
0.014230
0.000000
0.000000
0.000000
0.003125
0.000000
0.000962
0.000600
0.000000
0.000157
0.000000
0.000000
0.000000
0.000034
0.000000
0.000015
0.000000
0.000000
0.000000
0.000000
0.000000
0.000000
0.000000
0.000000
0.000000
0.000000
0.000000
0.000000
0.000000
0.000000
0.000000
0.000000
0.000000
0.000000
0.000000
0.000035
0.000101
0.000000
0.022949
0.009450
0.000000
0.000000
0.000000
0.000000
0.002062
0.000874
0.000000
0.002971
0.000075
0.000000
0.000000
0.000000
0.000000
0.000098
0.000000
0.000000
0.000000
0.000000
0.000000
0.000000
0.000000
0.000000
0.000000
0.000000
0.000000
0.000000
0.000000
0.000000
0.000000
0.000000
0.000000
0.000000
0.000000
0.000000
0.000007
0.000165
0.013464
0.012175
0.057651
0.000000
0.000000
0.000000
0.000803
0.000919
0.004146
0.000127
0.000877
0.000937
0.000000
0.000000
0.000000
0.000006
0.000000
0.000047
0.000000
0.000000
0.000000
0.000000
0.000000
0.000000
0.000000
0.000000
0.000000
0.000000
0.000000
0.000000
0.000000
0.000000
0.000000
0.000000
0.000000
0.000000
0.000000
0.000000
0.000062
0.000000
0.000000
0.000000
0.030485
0.000000
0.008034
0.003043
0.000000
0.000954
0.000000
0.000000
0.000000
0.000195
0.000000
0.000085
0.000010
0.000000
0.000000
0.000000
0.000000
0.000000
0.000000
0.000000
0.000000
0.000000
0.000000
0.000000
0.000000
0.000000
0.000000
0.000000
0.000000
0.000000
0.000000
0.000000
0.000000
0.000000
0.000010
0.000174
0.000000
0.000000
0.000000
0.000000
0.034395
0.008930
0.000000
0.001658
0.001719
0.000000
0.000000
0.000000
0.000000
0.002354
0.000017
0.000000
0.000005
0.000000
0.000000
0.000000
0.000000
0.000000
0.000000
0.000000
0.000000
0.000000
0.000000
0.000000
0.000000
0.000000
0.000000
0.000000
0.000000
0.000000
0.000000
0.000000
0.000000
0.000005
0.000087
0.000000
0.000000
0.000000
0.008423
0.007725
0.035000
0.000945
0.000682
0.004271
0.000000
0.000000
0.000000
0.000065
0.000574
0.000782
0.000010
0.000000
0.000012
0.000000
0.000000
0.000000
0.000000
0.000000
0.000000
0.000000
0.000000
0.000000
0.000000
0.000000
0.000000
0.000000
0.000000
0.000000
0.000000
0.000000
0.000000
0.000000
0.000000
0.000017
0.003039
0.000000
0.001668
0.002259
0.000000
0.001001
0.006956
0.000000
0.002263
0.000017
0.000000
0.000006
0.000076
0.000000
0.000032
0.000094
0.000000
0.000056
0.000000
0.000000
0.000000
0.000000
0.000000
0.000000
0.000000
0.000000
0.000000
0.000000
0.000000
0.000000
0.000000
0.000000
0.000000
0.000000
0.000000
0.000000
0.000000
0.000000
0.000031
0.000000
0.001438
0.000783
0.000000
0.002470
0.000504
0.000000
0.003583
0.001580
0.000000
0.000043
0.000008
0.000000
0.000200
0.000024
0.000000
0.000192
0.000029
0.000000
0.000000
0.000000
0.000000
0.000000
0.000000
0.000000
0.000000
0.000000
0.000000
0.000000
0.000000
0.000000
0.000000
0.000000
0.000000
0.000000
0.000000
0.000000
0.000000
0.000030
0.001628
0.000682
0.005350
0.000850
0.001187
0.003049
0.002299
0.001760
0.009894
0.000004
0.000017
0.000045
0.000006
0.000135
0.000150
0.000040
0.000057
0.000109
0.000000
0.000000
0.000000
0.000000
0.000000
0.000000
0.000000
0.000000
0.000000
0.000000
0.000000
0.000000
0.000000
0.000000
0.000000
0.000000
0.000000
0.000000
0.000954
0.000000
0.000000
0.000528
0.000000
0.000174
0.000000
0.000000
0.000000
0.000029
0.000000
0.000000
0.001077
0.000000
0.000211
0.000000
0.000000
0.000000
0.000041
0.000000
0.000009
0.000000
0.000000
0.000000
0.000000
0.000000
0.000000
0.000000
0.000000
0.000000
0.000007
0.000027
0.000000
0.000000
0.000000
0.000000
0.000000
0.000000
0.000000
0.004504
0.000004
0.000000
0.000000
0.001241
0.000618
0.000000
0.000000
0.000000
0.000000
0.000047
0.000011
0.000027
0.004565
0.000795
0.000000
0.000000
0.000000
0.000000
0.000116
0.000037
0.000000
0.000000
0.000000
0.000000
0.000000
0.000000
0.000000
0.000000
0.000000
0.000000
0.000000
0.000000
0.000000
0.000000
0.000000
0.000000
0.000000
0.000000
0.000390
0.000027
0.000020
0.000369
0.000045
0.001086
0.000000
0.000000
0.000000
0.000000
0.000000
0.000037
0.000173
0.000596
0.000699
0.000000
0.000000
0.000000
0.000000
0.000000
0.000012
0.000000
0.000000
0.000000
0.000000
0.000000
0.000000
0.000000
0.000000
0.000000
0.000000
0.000000
0.000000
0.000000
0.000000
0.000000
0.000000
0.000000
0.000000
0.000534
0.000000
0.000000
0.000000
0.000000
0.000000
0.000503
0.000000
0.000122
0.000124
0.000000
0.000018
0.000000
0.000000
0.000000
0.000860
0.000000
0.000117
0.000028
0.000000
0.000020
0.000000
0.000000
0.000000
0.000000
0.000000
0.000000
0.000000
0.000000
0.000000
0.000000
0.000000
0.000005
0.000000
0.000052
0.000005
0.000000
0.000000
0.000003
0.004001
0.000070
0.000050
0.000000
0.000000
0.000000
0.000000
0.001706
0.000713
0.000000
0.000062
0.000113
0.000000
0.000000
0.000000
0.000000
0.004533
0.000732
0.000000
0.000046
0.000078
0.000000
0.000000
0.000000
0.000000
0.000000
0.000000
0.000000
0.000000
0.000000
0.000000
0.000000
0.000000
0.000000
0.000000
0.000000
0.000000
0.000000
0.000000
0.000363
0.000007
0.000000
0.000000
0.000000
0.000000
0.000193
0.000053
0.000936
0.000010
0.000004
0.000043
0.000000
0.000000
0.000000
0.000127
0.000578
0.000399
0.000000
0.000000
0.000012
0.000000
0.000000
0.000000
0.000000
0.000000
0.000000
0.000000
0.000000
0.000000
0.000000
0.000000
0.000000
0.000000
0.000000
0.000000
0.000000
0.000000
0.000000
0.000085
0.000000
0.000000
0.000006
0.000000
0.000023
0.000023
0.000000
0.000000
0.000030
0.000000
0.000022
0.000078
0.000000
0.000000
0.000074
0.000000
0.000019
0.000084
0.000000
0.000007
0.000000
0.000000
0.000000
0.000000
0.000000
0.000000
0.000000
0.000000
0.000000
0.000000
0.000000
0.000000
0.000000
0.000000
0.000000
0.000000
0.000000
0.000000
0.000084
0.000000
0.000000
0.000000
0.000012
0.000012
0.000000
0.000009
0.000012
0.000000
0.000079
0.000099
0.000000
0.000012
0.000000
0.000000
0.000261
0.000002
0.000000
0.000087
0.000012
0.000000
0.000000
0.000000
0.000000
0.000000
0.000000
0.000000
0.000000
0.000000
0.000000
0.000000
0.000000
0.000000
0.000000
0.000000
0.000000
0.000000
0.000000
0.000032
0.000000
0.000000
0.000000
0.000000
0.000057
0.000000
0.000000
0.000061
0.000013
0.000000
0.000120
0.000000
0.000068
0.000000
0.000003
0.000091
0.000019
0.000049
0.000007
0.000052
