0.007467
0.011481
0.010617
0.003180
0.011139
0.007945
0.001962
0.002136
0.002952
0.000787
0.002868
0.000681
0.000691
0.003379
0.000629
0.000091
0.000180
0.000051
0.469643
0.000370
0.027377
0.061516
0.037987
0.090612
0.043117
0.049430
0.059047
0.017151
0.010998
0.026903
0.002983
0.012018
0.003417
0.002294
0.012451
0.002689
0.000476
0.000684
0.000603
0.005215
0.000000
0.001380
0.000000
0.000000
0.000000
0.000458
0.000000
0.000208
0.000088
0.000000
0.000033
0.000000
0.000000
0.000000
0.000005
0.000000
0.000000
0.000000
0.000000
0.000100
0.000000
0.000000
0.000000
0.000000
0.000000
0.000000
0.000000
0.000000
0.000000
0.000000
0.000000
0.000000
0.000000
0.000000
0.000000
0.000000
0.000000
0.000000
0.000000
0.008611
0.001565
0.000000
0.000000
0.000000
0.000000
0.000522
0.000028
0.000000
0.000435
0.000003
0.000000
0.000000
0.000000
0.000000
0.000009
0.000000
0.000000
0.000044
0.000278
0.000000
0.000000
0.000000
0.000000
0.000000
0.000000
0.000000
0.000000
0.000000
0.000000
0.000000
0.000000
0.000000
0.000000
0.000000
0.000000
0.000000
0.000000
0.001546
0.001624
0.006304
0.000000
0.000000
0.000000
0.000062
0.000057
0.000550
0.000012
0.000120
0.000212
0.000000
0.000000
0.000000
0.000000
0.000000
0.000000
0.000000
0.000013
0.000128
0.000000
0.000000
0.000000
0.000000
0.000000
0.000000
0.000000
0.000000
0.000000
0.000000
0.000000
0.000000
0.000000
0.000000
0.000000
0.000000
0.000000
0.000000
0.000000
0.000000
0.000000
0.001965
0.000000
0.000826
0.000206
0.000000
0.000030
0.000000
0.000000
0.000000
0.000094
0.000000
0.000003
0.000003
0.000000
0.000000
0.000000
0.000000
0.000062
0.000000
0.000000
0.000000
0.000000
0.000000
0.000000
0.000000
0.000000
0.000000
0.000000
0.000000
0.000000
0.000000
0.000000
0.000000
0.000000
0.000000
0.000000
0.000000
0.000000
0.000000
0.000000
0.008313
0.001253
0.000000
0.000448
0.000118
0.000000
0.000000
0.000000
0.000000
0.000711
0.000019
0.000000
0.000020
0.000003
0.000000
0.000000
0.000133
0.000000
0.000000
0.000000
0.000000
0.000000
0.000000
0.000000
0.000000
0.000000
0.000000
0.000000
0.000000
0.000000
0.000000
0.000000
0.000000
0.000000
0.000000
0.000000
0.000000
0.000000
0.000736
0.001527
0.004666
0.000109
0.000072
0.000495
0.000000
0.000000
0.000000
0.000048
0.000060
0.000151
0.000000
0.000000
0.000000
0.000000
0.000005
0.000048
0.000000
0.000000
0.000000
0.000000
0.000000
0.000000
0.000000
0.000000
0.000000
0.000000
0.000000
0.000000
0.000000
0.000000
0.000000
0.000000
0.000000
0.000000
0.000298
0.000000
0.000089
0.000259
0.000000
0.000219
0.000829
0.000000
0.000238
0.000006
0.000000
0.000000
0.000005
0.000000
0.000003
0.000008
0.000000
0.000006
0.000000
0.000000
0.000011
0.000000
0.000000
0.000000
0.000000
0.000000
0.000000
0.000000
0.000000
0.000000
0.000000
0.000000
0.000000
0.000000
0.000000
0.000000
0.000000
0.000000
0.000000
0.000000
0.000334
0.000074
0.000000
0.000422
0.000095
0.000000
0.000669
0.000243
0.000000
0.000052
0.000000
0.000000
0.000085
0.000000
0.000000
0.000057
0.000000
0.000000
0.000000
0.000021
0.000000
0.000000
0.000000
0.000000
0.000000
0.000000
0.000000
0.000000
0.000000
0.000000
0.000000
0.000000
0.000000
0.000000
0.000000
0.000000
0.000000
0.000000
0.000143
0.000067
0.000553
0.000058
0.000145
0.000372
0.000187
0.000252
0.000939
0.000007
0.000000
0.000000
0.000006
0.000042
0.000082
0.000033
0.000022
0.000005
0.000000
0.000000
0.000028
0.000000
0.000000
0.000000
0.000000
0.000000
0.000000
0.000000
0.000000
0.000000
0.000000
0.000000
0.000000
0.000000
0.000000
0.000000
0.000000
0.000000
0.000000
0.000171
0.000000
0.000029
0.000000
0.000000
0.000000
0.000032
0.000000
0.000000
0.000284
0.000000
0.000042
0.000000
0.000000
0.000000
0.000024
0.000000
0.000004
0.000204
0.000000
0.000000
0.000000
0.000000
0.000000
0.000000
0.000000
0.000000
0.000000
0.000000
0.000000
0.000000
0.000000
0.000000
0.000000
0.000000
0.000000
0.000000
0.000000
0.000000
0.000000
0.000618
0.000258
0.000000
0.000000
0.000000
0.000000
0.000027
0.000012
0.000000
0.001071
0.000121
0.000000
0.000000
0.000000
0.000000
0.000016
0.000000
0.000689
0.000030
0.000017
0.000000
0.000000
0.000000
0.000000
0.000000
0.000000
0.000000
0.000000
0.000000
0.000000
0.000025
0.000000
0.000000
0.000000
0.000000
0.000000
0.000000
0.000000
0.000032
0.000013
0.000247
0.000000
0.000000
0.000000
0.000005
0.000000
0.000007
0.000046
0.000100
0.000122
0.000000
0.000000
0.000000
0.000000
0.000000
0.000000
0.000107
0.000000
0.000005
0.000000
0.000000
0.000000
0.000000
0.000000
0.000000
0.000000
0.000000
0.000000
0.000000
0.000000
0.000000
0.000000
0.000000
0.000000
0.000000
0.000000
0.000000
0.000000
0.000000
0.000000
0.000074
0.000000
0.000077
0.000027
0.000000
0.000000
0.000000
0.000000
0.000000
0.000262
0.000000
0.000090
0.000003
0.000000
0.000000
0.000153
0.000000
0.000000
0.000000
0.000000
0.000000
0.000000
0.000000
0.000000
0.000000
0.000000
0.000000
0.000000
0.000000
0.000000
0.000000
0.000006
0.000000
0.000000
0.000000
0.000000
0.000000
0.000000
0.000000
0.000000
0.000648
0.000126
0.000000
0.000059
0.000009
0.000000
0.000000
0.000000
0.000000
0.001305
0.000101
0.000000
0.000016
0.000019
0.000979
0.000026
0.000017
0.000000
0.000000
0.000000
0.000000
0.000000
0.000000
0.000000
0.000000
0.000000
0.000000
0.000000
0.000000
0.000000
0.000008
0.000004
0.000000
0.000000
0.000000
0.000000
0.000000
0.000000
0.000015
0.000008
0.000209
0.000000
0.000000
0.000055
0.000000
0.000000
0.000000
0.000027
0.000139
0.000083
0.000000
0.000000
0.000003
0.000089
0.000003
0.000000
0.000000
0.000000
0.000000
0.000000
0.000000
0.000000
0.000000
0.000000
0.000000
0.000000
0.000000
0.000000
0.000000
0.000000
0.000000
0.000000
0.000000
0.000000
0.000000
0.000000
0.000000
0.000000
0.000000
0.000000
0.000030
0.000000
0.000000
0.000034
0.000000
0.000000
0.000003
0.000000
0.000000
0.000009
0.000000
0.000003
0.000009
0.000004
0.000000
0.000000
0.000000
0.000000
0.000000
0.000000
0.000000
0.000000
0.000000
0.000000
0.000000
0.000000
0.000000
0.000000
0.000000
0.000000
0.000000
0.000000
0.000000
0.000000
0.000000
0.000006
0.000000
0.000000
0.000000
0.000000
0.000036
0.000002
0.000000
0.000033
0.000000
0.000000
0.000046
0.000000
0.000000
0.000026
0.000004
0.000029
0.000000
0.000000
0.000000
0.000000
0.000000
0.000000
0.000000
0.000000
0.000000
0.000000
0.000000
0.000000
0.000000
0.000000
0.000000
0.000000
0.000000
0.000000
0.000000
0.000000
0.000013
0.000000
0.000007
0.000000
0.000000
0.000000
0.000000
0.000000
0.000015
0.000007
0.000000
0.000000
0.000000
0.000000
0.000000
0.000000
0.000000
0.000003
0.000000
0.000006
0.000000
0.000000
0.000000
0.000000
0.000000
0.000000
0.000000
0.000000
0.000000
0.000000
0.000000
0.000000
0.000000
0.000000
0.000000
0.000000
0.000000
0.000000
0.000000
0.000000
0.000000
0.000000
0.000000
0.000000
0.000000
0.000000
0.000000
0.000000
0.000295
0.001008
0.000138
0.000217
0.000876
0.000094
0.000006
0.000015
0.000000
0.456222
0.000000
0.000022
0.000000
0.000000
0.000000
0.000000
0.000000
0.000000
0.000000
0.000000
0.000000
0.000890
0.002847
0.000538
0.000928
0.003479
0.000360
0.000054
0.000049
0.000033
0.000000
0.000035
0.000000
0.000000
0.000005
0.000000
0.000000
0.000005
0.000000
0.000000
0.000033
0.000004
0.000000
0.000069
0.000000
0.000000
0.000000
0.000000
0.000000
0.000091
0.000000
0.000000
0.000020
0.000020
0.000005
0.000004
0.000000
0.000000
0.000000
0.000000
0.000000
0.000034
0.000000
0.000000
0.000006
0.000000
0.000000
0.000013
0.000030
0.000055
0.000139
0.000130
0.000070
0.000087
0.000106
0.000026
0.000000
0.000015
0.000000
0.000004
0.000006
0.000000
0.000006
0.000000
0.000000
0.000000
0.000000
0.000021
0.000000
0.025879
0.000143
0.000038
0.000195
0.000113
0.000080
0.000164
0.000101
0.000003
0.000075
0.000006
0.000004
0.000000
0.000000
0.000013
0.000000
0.000000
0.000000
0.000000
0.000000
0.000000
0.000000
0.000000
0.000000
0.000000
0.000000
0.000000
0.000000
0.000000
0.000000
0.000000
0.000000
0.000000
0.000000
0.000000
0.000000
0.000000
0.000000
0.000000
0.000064
0.042610
0.000000
0.014251
0.000000
0.000000
0.000000
0.003131
0.000000
0.000959
0.000589
0.000000
0.000154
0.000000
0.000000
0.000000
0.000033
0.000000
0.000014
0.000000
0.000000
0.000000
0.000000
0.000000
0.000000
0.000000
0.000000
0.000000
0.000000
0.000000
0.000000
0.000000
0.000000
0.000000
0.000000
0.000000
0.000000
0.000000
0.000035
0.000094
0.000000
0.022707
0.009347
0.000000
0.000000
0.000000
0.000000
0.002100
0.000792
0.000000
0.002919
0.000074
0.000000
0.000000
0.000000
0.000000
0.000096
0.000000
0.000000
0.000000
0.000000
0.000000
0.000000
0.000000
0.000000
0.000000
0.000000
0.000000
0.000000
0.000000
0.000000
0.000000
0.000000
0.000000
0.000000
0.000000
0.000000
0.000000
0.000156
0.013570
0.011970
0.057482
0.000000
0.000000
0.000000
0.000775
0.000912
0.004173
0.000125
0.000891
0.000938
0.000000
0.000000
0.000000
0.000006
0.000009
0.000046
0.000000
0.000000
0.000000
0.000000
0.000000
0.000000
0.000000
0.000000
0.000000
0.000000
0.000000
0.000000
0.000000
0.000000
0.000000
0.000000
0.000000
0.000000
0.000000
0.000000
0.000054
0.000000
0.000000
0.000000
0.030786
0.000000
0.008104
0.002995
0.000000
0.001027
0.000000
0.000000
0.000000
0.000192
0.000000
0.000083
0.000015
0.000000
0.000000
0.000000
0.000000
0.000000
0.000000
0.000000
0.000000
0.000000
0.000000
0.000000
0.000000
0.000000
0.000000
0.000000
0.000000
0.000000
0.000000
0.000000
0.000000
0.000000
0.000010
0.000164
0.000000
0.000000
0.000000
0.000000
0.034550
0.009086
0.000000
0.001651
0.001676
0.000000
0.000000
0.000000
0.000000
0.002417
0.000016
0.000000
0.000005
0.000000
0.000000
0.000000
0.000000
0.000000
0.000000
0.000000
0.000000
0.000000
0.000000
0.000000
0.000000
0.000000
0.000000
0.000000
0.000000
0.000000
0.000000
0.000000
0.000000
0.000000
0.000069
0.000000
0.000000
0.000000
0.008534
0.007876
0.035516
0.000945
0.000672
0.004223
0.000000
0.000000
0.000000
0.000067
0.000571
0.000756
0.000009
0.000000
0.000012
0.000000
0.000000
0.000000
0.000000
0.000000
0.000000
0.000000
0.000000
0.000000
0.000000
0.000000
0.000000
0.000000
0.000000
0.000000
0.000000
0.000000
0.000000
0.000000
0.000000
0.000017
0.002970
0.000000
0.001709
0.002268
0.000000
0.000990
0.006849
0.000000
0.002138
0.000017
0.000000
0.000006
0.000074
0.000000
0.000031
0.000119
0.000000
0.000055
0.000000
0.000000
0.000000
0.000000
0.000000
0.000000
0.000000
0.000000
0.000000
0.000000
0.000000
0.000000
0.000000
0.000000
0.000000
0.000000
0.000000
0.000000
0.000000
0.000000
0.000030
0.000000
0.001475
0.000785
0.000000
0.002513
0.000505
0.000000
0.003664
0.001586
0.000000
0.000048
0.000003
0.000000
0.000196
0.000024
0.000000
0.000188
0.000029
0.000000
0.000000
0.000000
0.000000
0.000000
0.000000
0.000000
0.000000
0.000000
0.000000
0.000000
0.000000
0.000000
0.000000
0.000000
0.000000
0.000000
0.000000
0.000000
0.000000
0.000025
0.001630
0.000645
0.005257
0.000839
0.001131
0.002976
0.002238
0.001803
0.009857
0.000004
0.000049
0.000050
0.000006
0.000132
0.000147
0.000039
0.000056
0.000145
0.000000
0.000000
0.000000
0.000000
0.000000
0.000000
0.000000
0.000000
0.000000
0.000000
0.000000
0.000000
0.000000
0.000000
0.000000
0.000000
0.000000
0.000000
0.000961
0.000000
0.000000
0.000521
0.000000
0.000170
0.000000
0.000000
0.000000
0.000028
0.000000
0.000000
0.001059
0.000000
0.000207
0.000000
0.000000
0.000000
0.000040
0.000000
0.000009
0.000000
0.000000
0.000000
0.000000
0.000000
0.000000
0.000000
0.000000
0.000000
0.000007
0.000027
0.000000
0.000000
0.000000
0.000000
0.000000
0.000000
0.000000
0.004485
0.000004
0.000000
0.000000
0.001251
0.000650
0.000000
0.000000
0.000000
0.000000
0.000046
0.000011
0.000027
0.004592
0.000785
0.000000
0.000000
0.000000
0.000000
0.000113
0.000036
0.000000
0.000000
0.000000
0.000000
0.000000
0.000000
0.000000
0.000000
0.000000
0.000000
0.000000
0.000000
0.000000
0.000000
0.000000
0.000000
0.000000
0.000000
0.000390
0.000027
0.000019
0.000352
0.000044
0.001104
0.000000
0.000000
0.000000
0.000000
0.000000
0.000036
0.000177
0.000589
0.000677
0.000000
0.000000
0.000000
0.000000
0.000000
0.000012
0.000000
0.000000
0.000000
0.000000
0.000000
0.000000
0.000000
0.000000
0.000000
0.000000
0.000000
0.000000
0.000000
0.000000
0.000000
0.000000
0.000000
0.000000
0.000506
0.000000
0.000000
0.000000
0.000000
0.000000
0.000496
0.000000
0.000125
0.000121
0.000000
0.000017
0.000000
0.000000
0.000000
0.000857
0.000000
0.000122
0.000027
0.000000
0.000019
0.000000
0.000000
0.000000
0.000000
0.000000
0.000000
0.000000
0.000000
0.000000
0.000000
0.000000
0.000005
0.000033
0.000051
0.000005
0.000000
0.000000
0.000003
0.004066
0.000069
0.000018
0.000000
0.000000
0.000000
0.000000
0.001728
0.000752
0.000000
0.000077
0.000110
0.000000
0.000000
0.000000
0.000000
0.004681
0.000717
0.000000
0.000054
0.000076
0.000000
0.000000
0.000000
0.000000
0.000000
0.000000
0.000000
0.000000
0.000000
0.000000
0.000000
0.000000
0.000000
0.000000
0.000000
0.000000
0.000000
0.000000
0.000356
0.000006
0.000000
0.000000
0.000000
0.000000
0.000189
0.000052
0.000925
0.000010
0.000004
0.000043
0.000000
0.000000
0.000000
0.000102
0.000579
0.000391
0.000000
0.000000
0.000019
0.000000
0.000000
0.000000
0.000000
0.000000
0.000000
0.000000
0.000000
0.000000
0.000000
0.000000
0.000000
0.000000
0.000000
0.000000
0.000000
0.000000
0.000000
0.000096
0.000000
0.000000
0.000006
0.000000
0.000023
0.000023
0.000000
0.000000
0.000029
0.000000
0.000022
0.000095
0.000000
0.000000
0.000072
0.000000
0.000018
0.000088
0.000000
0.000007
0.000000
0.000000
0.000000
0.000000
0.000000
0.000000
0.000000
0.000000
0.000000
0.000000
0.000000
0.000000
0.000000
0.000000
0.000000
0.000000
0.000000
0.000000
0.000082
0.000000
0.000000
0.000000
0.000012
0.000012
0.000000
0.000009
0.000012
0.000000
0.000087
0.000097
0.000000
0.000011
0.000000
0.000000
0.000265
0.000002
0.000000
0.000085
0.000012
0.000000
0.000000
0.000000
0.000000
0.000000
0.000000
0.000000
0.000000
0.000000
0.000000
0.000000
0.000000
0.000000
0.000000
0.000000
0.000000
0.000000
0.000000
0.000031
0.000000
0.000000
0.000000
0.000000
0.000055
0.000000
0.000000
0.000060
0.000012
0.000000
0.000125
0.000000
0.000066
0.000000
0.000003
0.000127
0.000018
0.000048
0.000007
0.000051
