3.620000000000000000e+02 6.109863013698629857e+02 1.000000000000000000e+00 5.924846419443074996e-01
4.314000000000000000e+03 3.921315068493150648e+03 2.000000000000000000e+00 1.100141132412945089e+00
9.302000000000000000e+03 6.078013698630136787e+03 3.000000000000000000e+00 1.530434194660746705e+00
1.535000000000000000e+03 8.771917808219178596e+02 4.000000000000000000e+00 1.749902397126571252e+00
3.691000000000000000e+03 2.870383561643835492e+03 5.000000000000000000e+00 1.285890864664166022e+00
5.550000000000000000e+02 6.109863013698629857e+02 1.000000000000000000e+00 9.083673377875431942e-01
3.885000000000000000e+03 3.921315068493150648e+03 2.000000000000000000e+00 9.907390587446202046e-01
8.192000000000000000e+03 6.078013698630136787e+03 3.000000000000000000e+00 1.347808742492027312e+00
8.030000000000000000e+02 8.771917808219178596e+02 4.000000000000000000e+00 9.154212540017178101e-01
2.245000000000000000e+03 2.870383561643835492e+03 5.000000000000000000e+00 7.821254378680716490e-01
4.790000000000000000e+02 6.109863013698629857e+02 1.000000000000000000e+00 7.839782969373570998e-01
3.199000000000000000e+03 3.921315068493150648e+03 2.000000000000000000e+00 8.157977474707953647e-01
6.557000000000000000e+03 6.078013698630136787e+03 3.000000000000000000e+00 1.078806387270534906e+00
7.870000000000000000e+02 8.771917808219178596e+02 4.000000000000000000e+00 8.971812290153821090e-01
3.030000000000000000e+03 2.870383561643835492e+03 5.000000000000000000e+00 1.055608052000114538e+00
7.160000000000000000e+02 6.109863013698629857e+02 1.000000000000000000e+00 1.171875700641226814e+00
6.539000000000000000e+03 3.921315068493150648e+03 2.000000000000000000e+00 1.667552819853557633e+00
3.627000000000000000e+03 6.078013698630136787e+03 3.000000000000000000e+00 5.967410045188699108e-01
1.111000000000000000e+03 8.771917808219178596e+02 4.000000000000000000e+00 1.266541734988678058e+00
2.715000000000000000e+03 2.870383561643835492e+03 5.000000000000000000e+00 9.458666208515877916e-01
7.830000000000000000e+02 6.109863013698629857e+02 1.000000000000000000e+00 1.281534460338101589e+00
6.477000000000000000e+03 3.921315068493150648e+03 2.000000000000000000e+00 1.651741797551841806e+00
8.460000000000000000e+03 6.078013698630136787e+03 3.000000000000000000e+00 1.391902094907537801e+00
8.280000000000000000e+02 8.771917808219178596e+02 4.000000000000000000e+00 9.439212930428670933e-01
2.774000000000000000e+03 2.870383561643835492e+03 5.000000000000000000e+00 9.664213650984547765e-01
5.050000000000000000e+02 6.109863013698629857e+02 1.000000000000000000e+00 8.265324424913681467e-01
4.584000000000000000e+03 3.921315068493150648e+03 2.000000000000000000e+00 1.168995584372030550e+00
8.592000000000000000e+03 6.078013698630136787e+03 3.000000000000000000e+00 1.413619716246520719e+00
1.000000000000000000e+03 8.771917808219178596e+02 4.000000000000000000e+00 1.140001561645974881e+00
2.636000000000000000e+03 2.870383561643835492e+03 5.000000000000000000e+00 9.183441666905287626e-01
5.970000000000000000e+02 6.109863013698629857e+02 1.000000000000000000e+00 9.771086498363302786e-01
4.959000000000000000e+03 3.921315068493150648e+03 2.000000000000000000e+00 1.264626767648538319e+00
1.124000000000000000e+04 6.078013698630136787e+03 3.000000000000000000e+00 1.849288362501267713e+00
8.350000000000000000e+02 8.771917808219178596e+02 4.000000000000000000e+00 9.519013039743889903e-01
2.644000000000000000e+03 2.870383561643835492e+03 5.000000000000000000e+00 9.211312506562056024e-01
7.690000000000000000e+02 6.109863013698629857e+02 1.000000000000000000e+00 1.258620689655172376e+00
5.618000000000000000e+03 3.921315068493150648e+03 2.000000000000000000e+00 1.432682633726454657e+00
7.365000000000000000e+03 6.078013698630136787e+03 3.000000000000000000e+00 1.211744554254611916e+00
8.740000000000000000e+02 8.771917808219178596e+02 4.000000000000000000e+00 9.963613648785819565e-01
2.885000000000000000e+03 2.870383561643835492e+03 5.000000000000000000e+00 1.005092155122221387e+00
7.050000000000000000e+02 6.109863013698629857e+02 1.000000000000000000e+00 1.153872023676068448e+00
5.789000000000000000e+03 3.921315068493150648e+03 2.000000000000000000e+00 1.476290453300542094e+00
6.071000000000000000e+03 6.078013698630136787e+03 3.000000000000000000e+00 9.988460541588253250e-01
6.590000000000000000e+02 8.771917808219178596e+02 4.000000000000000000e+00 7.512610291246973881e-01
2.838000000000000000e+03 2.870383561643835492e+03 5.000000000000000000e+00 9.887180368238697170e-01
9.900000000000000000e+02 6.109863013698629857e+02 1.000000000000000000e+00 1.620330926864266274e+00
3.622000000000000000e+03 3.921315068493150648e+03 2.000000000000000000e+00 9.236697222066960755e-01
6.166000000000000000e+03 6.078013698630136787e+03 3.000000000000000000e+00 1.014476160425517470e+00
8.570000000000000000e+02 8.771917808219178596e+02 4.000000000000000000e+00 9.769813383306004129e-01
2.519000000000000000e+03 2.870383561643835492e+03 5.000000000000000000e+00 8.775830636925044947e-01
9.750000000000000000e+02 6.109863013698629857e+02 1.000000000000000000e+00 1.595780458275413816e+00
3.500000000000000000e+03 3.921315068493150648e+03 2.000000000000000000e+00 8.925577105807389611e-01
4.455000000000000000e+03 6.078013698630136787e+03 3.000000000000000000e+00 7.329697201906715254e-01
9.050000000000000000e+02 8.771917808219178596e+02 4.000000000000000000e+00 1.031701413289607183e+00
2.570000000000000000e+03 2.870383561643835492e+03 5.000000000000000000e+00 8.953507239736945289e-01
7.060000000000000000e+02 6.109863013698629857e+02 1.000000000000000000e+00 1.155508721581991916e+00
4.898000000000000000e+03 3.921315068493150648e+03 2.000000000000000000e+00 1.249070761835559873e+00
4.284000000000000000e+03 6.078013698630136787e+03 3.000000000000000000e+00 7.048355289106256194e-01
8.670000000000000000e+02 8.771917808219178596e+02 4.000000000000000000e+00 9.883813539470601706e-01
2.467000000000000000e+03 2.870383561643835492e+03 5.000000000000000000e+00 8.594670179156048695e-01
6.820000000000000000e+02 6.109863013698629857e+02 1.000000000000000000e+00 1.116227971839827804e+00
2.826000000000000000e+03 3.921315068493150648e+03 2.000000000000000000e+00 7.206765971717623565e-01
1.017600000000000000e+04 6.078013698630136787e+03 3.000000000000000000e+00 1.674231172314315064e+00
8.890000000000000000e+02 8.771917808219178596e+02 4.000000000000000000e+00 1.013461388303271482e+00
2.492000000000000000e+03 2.870383561643835492e+03 5.000000000000000000e+00 8.681766553083450910e-01
6.400000000000000000e+02 6.109863013698629857e+02 1.000000000000000000e+00 1.047486659791040831e+00
4.800000000000000000e+03 3.921315068493150648e+03 2.000000000000000000e+00 1.224079145939299007e+00
1.094000000000000000e+04 6.078013698630136787e+03 3.000000000000000000e+00 1.799930132185397769e+00
8.920000000000000000e+02 8.771917808219178596e+02 4.000000000000000000e+00 1.016881392988209454e+00
3.033000000000000000e+03 2.870383561643835492e+03 5.000000000000000000e+00 1.056653208487243312e+00
6.570000000000000000e+02 6.109863013698629857e+02 1.000000000000000000e+00 1.075310524191740225e+00
3.862000000000000000e+03 3.921315068493150648e+03 2.000000000000000000e+00 9.848736795036611147e-01
1.032100000000000000e+04 6.078013698630136787e+03 3.000000000000000000e+00 1.698087650300319051e+00
8.300000000000000000e+02 8.771917808219178596e+02 4.000000000000000000e+00 9.462012961661591115e-01
3.347000000000000000e+03 2.870383561643835492e+03 5.000000000000000000e+00 1.166046254140060467e+00
8.360000000000000000e+02 6.109863013698629857e+02 1.000000000000000000e+00 1.368279449352047150e+00
3.108000000000000000e+03 3.921315068493150648e+03 2.000000000000000000e+00 7.925912469956961637e-01
8.001000000000000000e+03 6.078013698630136787e+03 3.000000000000000000e+00 1.316384002524256580e+00
9.020000000000000000e+02 8.771917808219178596e+02 4.000000000000000000e+00 1.028281408604669211e+00
2.426000000000000000e+03 2.870383561643835492e+03 5.000000000000000000e+00 8.451832125915108573e-01
6.040000000000000000e+02 6.109863013698629857e+02 1.000000000000000000e+00 9.885655351777947741e-01
7.889000000000000000e+03 3.921315068493150648e+03 2.000000000000000000e+00 2.011825079648985604e+00
4.354000000000000000e+03 6.078013698630136787e+03 3.000000000000000000e+00 7.163524493176619545e-01
9.520000000000000000e+02 8.771917808219178596e+02 4.000000000000000000e+00 1.085281486686968000e+00
3.284000000000000000e+03 2.870383561643835492e+03 5.000000000000000000e+00 1.144097967910355118e+00
5.550000000000000000e+02 6.109863013698629857e+02 1.000000000000000000e+00 9.083673377875431942e-01
3.431000000000000000e+03 3.921315068493150648e+03 2.000000000000000000e+00 8.749615728578614693e-01
6.480000000000000000e+03 6.078013698630136787e+03 3.000000000000000000e+00 1.066137774822794926e+00
8.030000000000000000e+02 8.771917808219178596e+02 4.000000000000000000e+00 9.154212540017178101e-01
2.761000000000000000e+03 2.870383561643835492e+03 5.000000000000000000e+00 9.618923536542298702e-01
6.050000000000000000e+02 6.109863013698629857e+02 1.000000000000000000e+00 9.902022330837182418e-01
2.776000000000000000e+03 3.921315068493150648e+03 2.000000000000000000e+00 7.079257727348946538e-01
4.212000000000000000e+03 6.078013698630136787e+03 3.000000000000000000e+00 6.929895536348167351e-01
7.910000000000000000e+02 8.771917808219178596e+02 4.000000000000000000e+00 9.017412352619660343e-01
2.743000000000000000e+03 2.870383561643835492e+03 5.000000000000000000e+00 9.556214147314568974e-01
6.020000000000000000e+02 6.109863013698629857e+02 1.000000000000000000e+00 9.852921393659477278e-01
3.713000000000000000e+03 3.921315068493150648e+03 2.000000000000000000e+00 9.468762226817952765e-01
1.177200000000000000e+04 6.078013698630136787e+03 3.000000000000000000e+00 1.936816957594744260e+00
1.086000000000000000e+03 8.771917808219178596e+02 4.000000000000000000e+00 1.238041695947528664e+00
5.967000000000000000e+03 2.870383561643835492e+03 5.000000000000000000e+00 2.078816252899235550e+00
5.550000000000000000e+02 6.109863013698629857e+02 1.000000000000000000e+00 9.083673377875431942e-01
3.369000000000000000e+03 3.921315068493150648e+03 2.000000000000000000e+00 8.591505505561455314e-01
4.548000000000000000e+03 6.078013698630136787e+03 3.000000000000000000e+00 7.482707715885912325e-01
8.720000000000000000e+02 8.771917808219178596e+02 4.000000000000000000e+00 9.940813617552900494e-01
3.306000000000000000e+03 2.870383561643835492e+03 5.000000000000000000e+00 1.151762448815966566e+00
4.840000000000000000e+02 6.109863013698629857e+02 1.000000000000000000e+00 7.921617864669746600e-01
5.000000000000000000e+03 3.921315068493150648e+03 2.000000000000000000e+00 1.275082443686769818e+00
5.273000000000000000e+03 6.078013698630136787e+03 3.000000000000000000e+00 8.675531615186108381e-01
8.170000000000000000e+02 8.771917808219178596e+02 4.000000000000000000e+00 9.313812758647613821e-01
2.322000000000000000e+03 2.870383561643835492e+03 5.000000000000000000e+00 8.089511210377116068e-01
5.170000000000000000e+02 6.109863013698629857e+02 1.000000000000000000e+00 8.461728173624502025e-01
4.089000000000000000e+03 3.921315068493150648e+03 2.000000000000000000e+00 1.042762422447040427e+00
4.949000000000000000e+03 6.078013698630136787e+03 3.000000000000000000e+00 8.142462727774710807e-01
1.031000000000000000e+03 8.771917808219178596e+02 4.000000000000000000e+00 1.175341610056999997e+00
2.916000000000000000e+03 2.870383561643835492e+03 5.000000000000000000e+00 1.015892105489219155e+00
1.040000000000000000e+03 6.109863013698629857e+02 1.000000000000000000e+00 1.702165822160441211e+00
2.556000000000000000e+03 3.921315068493150648e+03 2.000000000000000000e+00 6.518221452126767845e-01
5.383000000000000000e+03 6.078013698630136787e+03 3.000000000000000000e+00 8.856511793010964917e-01
7.850000000000000000e+02 8.771917808219178596e+02 4.000000000000000000e+00 8.949012258920902019e-01
2.322000000000000000e+03 2.870383561643835492e+03 5.000000000000000000e+00 8.089511210377116068e-01
4.300000000000000000e+02 6.109863013698629857e+02 1.000000000000000000e+00 7.037800995471055199e-01
2.710000000000000000e+03 3.921315068493150648e+03 2.000000000000000000e+00 6.910946844782293041e-01
6.291000000000000000e+03 6.078013698630136787e+03 3.000000000000000000e+00 1.035042089723796854e+00
8.540000000000000000e+02 8.771917808219178596e+02 4.000000000000000000e+00 9.735613336456624411e-01
2.253000000000000000e+03 2.870383561643835492e+03 5.000000000000000000e+00 7.849125218337485999e-01
4.790000000000000000e+02 6.109863013698629857e+02 1.000000000000000000e+00 7.839782969373570998e-01
2.522000000000000000e+03 3.921315068493150648e+03 2.000000000000000000e+00 6.431515845956067290e-01
3.509000000000000000e+03 6.078013698630136787e+03 3.000000000000000000e+00 5.773267672612943935e-01
7.740000000000000000e+02 8.771917808219178596e+02 4.000000000000000000e+00 8.823612087139844906e-01
2.953000000000000000e+03 2.870383561643835492e+03 5.000000000000000000e+00 1.028782368830474692e+00
5.050000000000000000e+02 6.109863013698629857e+02 1.000000000000000000e+00 8.265324424913681467e-01
3.823000000000000000e+03 3.921315068493150648e+03 2.000000000000000000e+00 9.749280364429042667e-01
5.684000000000000000e+03 6.078013698630136787e+03 3.000000000000000000e+00 9.351739370513528771e-01
9.000000000000000000e+02 8.771917808219178596e+02 4.000000000000000000e+00 1.026001405481377304e+00
2.368000000000000000e+03 2.870383561643835492e+03 5.000000000000000000e+00 8.249768538403535745e-01
6.140000000000000000e+02 6.109863013698629857e+02 1.000000000000000000e+00 1.004932514237029784e+00
2.956000000000000000e+03 3.921315068493150648e+03 2.000000000000000000e+00 7.538287407076184055e-01
3.457000000000000000e+03 6.078013698630136787e+03 3.000000000000000000e+00 5.687713406732102239e-01
8.730000000000000000e+02 8.771917808219178596e+02 4.000000000000000000e+00 9.952213633169360030e-01
2.703000000000000000e+03 2.870383561643835492e+03 5.000000000000000000e+00 9.416859949030724763e-01
7.250000000000000000e+02 6.109863013698629857e+02 1.000000000000000000e+00 1.186605981794538467e+00
3.512000000000000000e+03 3.921315068493150648e+03 2.000000000000000000e+00 8.956179084455871964e-01
3.087000000000000000e+03 6.078013698630136787e+03 3.000000000000000000e+00 5.078961899503037225e-01
7.900000000000000000e+02 8.771917808219178596e+02 4.000000000000000000e+00 9.006012337003200807e-01
3.117000000000000000e+03 2.870383561643835492e+03 5.000000000000000000e+00 1.085917590126850518e+00
5.190000000000000000e+02 6.109863013698629857e+02 1.000000000000000000e+00 8.494462131742971378e-01
3.833000000000000000e+03 3.921315068493150648e+03 2.000000000000000000e+00 9.774782013302778516e-01
6.005000000000000000e+03 6.078013698630136787e+03 3.000000000000000000e+00 9.879872434893338662e-01
8.930000000000000000e+02 8.771917808219178596e+02 4.000000000000000000e+00 1.018021394549855518e+00
2.799000000000000000e+03 2.870383561643835492e+03 5.000000000000000000e+00 9.751310024911949981e-01
5.940000000000000000e+02 6.109863013698629857e+02 1.000000000000000000e+00 9.721985561185597646e-01
4.150000000000000000e+03 3.921315068493150648e+03 2.000000000000000000e+00 1.058318428260019095e+00
7.269000000000000000e+03 6.078013698630136787e+03 3.000000000000000000e+00 1.195949920553533330e+00
7.830000000000000000e+02 8.771917808219178596e+02 4.000000000000000000e+00 8.926212227687982947e-01
2.789000000000000000e+03 2.870383561643835492e+03 5.000000000000000000e+00 9.716471475340988651e-01
5.900000000000000000e+02 6.109863013698629857e+02 1.000000000000000000e+00 9.656517644948657830e-01
4.839000000000000000e+03 3.921315068493150648e+03 2.000000000000000000e+00 1.234024789000055966e+00
8.095000000000000000e+03 6.078013698630136787e+03 3.000000000000000000e+00 1.331849581356562506e+00
8.980000000000000000e+02 8.771917808219178596e+02 4.000000000000000000e+00 1.023721402358085397e+00
2.841000000000000000e+03 2.870383561643835492e+03 5.000000000000000000e+00 9.897631933109984903e-01
5.350000000000000000e+02 6.109863013698629857e+02 1.000000000000000000e+00 8.756333796690731752e-01
3.376000000000000000e+03 3.921315068493150648e+03 2.000000000000000000e+00 8.609356659773070852e-01
6.385000000000000000e+03 6.078013698630136787e+03 3.000000000000000000e+00 1.050507668556102780e+00
7.350000000000000000e+02 8.771917808219178596e+02 4.000000000000000000e+00 8.379011478097915244e-01
2.470000000000000000e+03 2.870383561643835492e+03 5.000000000000000000e+00 8.605121744027336428e-01
5.360000000000000000e+02 6.109863013698629857e+02 1.000000000000000000e+00 8.772700775749966429e-01
3.102000000000000000e+03 3.921315068493150648e+03 2.000000000000000000e+00 7.910611480632719905e-01
4.506000000000000000e+03 6.078013698630136787e+03 3.000000000000000000e+00 7.413606193443694758e-01
9.320000000000000000e+02 8.771917808219178596e+02 4.000000000000000000e+00 1.062481455454048485e+00
2.275000000000000000e+03 2.870383561643835492e+03 5.000000000000000000e+00 7.925770027393599371e-01
6.420000000000000000e+02 6.109863013698629857e+02 1.000000000000000000e+00 1.050760055602887766e+00
5.208000000000000000e+03 3.921315068493150648e+03 2.000000000000000000e+00 1.328125873344139452e+00
8.282000000000000000e+03 6.078013698630136787e+03 3.000000000000000000e+00 1.362616211586788362e+00
8.760000000000000000e+02 8.771917808219178596e+02 4.000000000000000000e+00 9.986413680018738637e-01
2.758000000000000000e+03 2.870383561643835492e+03 5.000000000000000000e+00 9.608471971671009859e-01
6.270000000000000000e+02 6.109863013698629857e+02 1.000000000000000000e+00 1.026209587014035307e+00
2.731000000000000000e+03 3.921315068493150648e+03 2.000000000000000000e+00 6.964500307417137437e-01
6.665000000000000000e+03 6.078013698630136787e+03 3.000000000000000000e+00 1.096575350184248121e+00
1.050000000000000000e+03 8.771917808219178596e+02 4.000000000000000000e+00 1.197001639728273448e+00
6.720000000000000000e+02 2.870383561643835492e+03 5.000000000000000000e+00 2.341150531168570970e-01
6.400000000000000000e+02 6.109863013698629857e+02 1.000000000000000000e+00 1.047486659791040831e+00
2.745000000000000000e+03 3.921315068493150648e+03 2.000000000000000000e+00 7.000202615840366294e-01
6.564000000000000000e+03 6.078013698630136787e+03 3.000000000000000000e+00 1.079958079311238661e+00
7.920000000000000000e+02 8.771917808219178596e+02 4.000000000000000000e+00 9.028812368236119879e-01
2.685000000000000000e+03 2.870383561643835492e+03 5.000000000000000000e+00 9.354150559802995035e-01
6.600000000000000000e+02 6.109863013698629857e+02 1.000000000000000000e+00 1.080220617909510850e+00
3.611000000000000000e+03 3.921315068493150648e+03 2.000000000000000000e+00 9.208645408305852209e-01
6.288000000000000000e+03 6.078013698630136787e+03 3.000000000000000000e+00 1.034548507420637975e+00
8.240000000000000000e+02 8.771917808219178596e+02 4.000000000000000000e+00 9.393612867962832791e-01
2.829000000000000000e+03 2.870383561643835492e+03 5.000000000000000000e+00 9.855825673624831751e-01
5.590000000000000000e+02 6.109863013698629857e+02 1.000000000000000000e+00 9.149141294112371758e-01
2.599000000000000000e+03 3.921315068493150648e+03 2.000000000000000000e+00 6.627878542283830443e-01
5.370000000000000000e+03 6.078013698630136787e+03 3.000000000000000000e+00 8.835123226540754215e-01
7.550000000000000000e+02 8.771917808219178596e+02 4.000000000000000000e+00 8.607011790427109288e-01
2.557000000000000000e+03 2.870383561643835492e+03 5.000000000000000000e+00 8.908217125294696226e-01
6.010000000000000000e+02 6.109863013698629857e+02 1.000000000000000000e+00 9.836554414600242602e-01
3.077000000000000000e+03 3.921315068493150648e+03 2.000000000000000000e+00 7.846857358448381392e-01
6.331000000000000000e+03 6.078013698630136787e+03 3.000000000000000000e+00 1.041623187099246062e+00
9.950000000000000000e+02 8.771917808219178596e+02 4.000000000000000000e+00 1.134301553837745002e+00
3.106000000000000000e+03 2.870383561643835492e+03 5.000000000000000000e+00 1.082085349674044794e+00
6.510000000000000000e+02 6.109863013698629857e+02 1.000000000000000000e+00 1.065490336756199419e+00
2.854000000000000000e+03 3.921315068493150648e+03 2.000000000000000000e+00 7.278170588564082388e-01
5.154000000000000000e+03 6.078013698630136787e+03 3.000000000000000000e+00 8.479743968266489906e-01
9.230000000000000000e+02 8.771917808219178596e+02 4.000000000000000000e+00 1.052221441399234791e+00
3.328000000000000000e+03 2.870383561643835492e+03 5.000000000000000000e+00 1.159426929721578015e+00
4.870000000000000000e+02 6.109863013698629857e+02 1.000000000000000000e+00 7.970718801847450630e-01
3.355000000000000000e+03 3.921315068493150648e+03 2.000000000000000000e+00 8.555803197138226457e-01
9.457000000000000000e+03 6.078013698630136787e+03 3.000000000000000000e+00 1.555935946990612884e+00
9.540000000000000000e+02 8.771917808219178596e+02 4.000000000000000000e+00 1.087561489810259907e+00
2.838000000000000000e+03 2.870383561643835492e+03 5.000000000000000000e+00 9.887180368238697170e-01
7.900000000000000000e+02 6.109863013698629857e+02 1.000000000000000000e+00 1.292991345679566084e+00
2.401000000000000000e+03 3.921315068493150648e+03 2.000000000000000000e+00 6.122945894583868842e-01
4.633000000000000000e+03 6.078013698630136787e+03 3.000000000000000000e+00 7.622556035114211870e-01
7.800000000000000000e+02 8.771917808219178596e+02 4.000000000000000000e+00 8.892012180838603230e-01
2.651000000000000000e+03 2.870383561643835492e+03 5.000000000000000000e+00 9.235699491261728511e-01
9.690000000000000000e+02 6.109863013698629857e+02 1.000000000000000000e+00 1.585960270839872788e+00
2.825000000000000000e+03 3.921315068493150648e+03 2.000000000000000000e+00 7.204215806830249758e-01
5.020000000000000000e+03 6.078013698630136787e+03 3.000000000000000000e+00 8.259277206188936349e-01
9.900000000000000000e+02 8.771917808219178596e+02 4.000000000000000000e+00 1.128601546029515124e+00
3.120000000000000000e+03 2.870383561643835492e+03 5.000000000000000000e+00 1.086962746613979292e+00
5.890000000000000000e+02 6.109863013698629857e+02 1.000000000000000000e+00 9.640150665889422044e-01
5.219000000000000000e+03 3.921315068493150648e+03 2.000000000000000000e+00 1.330931054720250417e+00
5.279000000000000000e+03 6.078013698630136787e+03 3.000000000000000000e+00 8.685403261249281526e-01
1.081000000000000000e+03 8.771917808219178596e+02 4.000000000000000000e+00 1.232341688139298785e+00
2.994000000000000000e+03 2.870383561643835492e+03 5.000000000000000000e+00 1.043066174154568593e+00
8.380000000000000000e+02 6.109863013698629857e+02 1.000000000000000000e+00 1.371552845163894085e+00
4.100000000000000000e+03 3.921315068493150648e+03 2.000000000000000000e+00 1.045567603823151392e+00
4.007000000000000000e+03 6.078013698630136787e+03 3.000000000000000000e+00 6.592614295856388251e-01
9.270000000000000000e+02 8.771917808219178596e+02 4.000000000000000000e+00 1.056781447645818606e+00
2.720000000000000000e+03 2.870383561643835492e+03 5.000000000000000000e+00 9.476085483301358581e-01
6.030000000000000000e+02 6.109863013698629857e+02 1.000000000000000000e+00 9.869288372718713065e-01
3.433000000000000000e+03 3.921315068493150648e+03 2.000000000000000000e+00 8.754716058353362307e-01
4.740000000000000000e+03 6.078013698630136787e+03 3.000000000000000000e+00 7.798600389907481834e-01
9.060000000000000000e+02 8.771917808219178596e+02 4.000000000000000000e+00 1.032841414851253248e+00
2.946000000000000000e+03 2.870383561643835492e+03 5.000000000000000000e+00 1.026343670360507554e+00
5.820000000000000000e+02 6.109863013698629857e+02 1.000000000000000000e+00 9.525581812474777088e-01
2.671000000000000000e+03 3.921315068493150648e+03 2.000000000000000000e+00 6.811490414174724561e-01
6.531000000000000000e+03 6.078013698630136787e+03 3.000000000000000000e+00 1.074528673976492987e+00
9.090000000000000000e+02 8.771917808219178596e+02 4.000000000000000000e+00 1.036261419536190997e+00
3.051000000000000000e+03 2.870383561643835492e+03 5.000000000000000000e+00 1.062924147410016396e+00
6.290000000000000000e+02 6.109863013698629857e+02 1.000000000000000000e+00 1.029482982825882242e+00
3.018000000000000000e+03 3.921315068493150648e+03 2.000000000000000000e+00 7.696397630093343434e-01
4.286000000000000000e+03 6.078013698630136787e+03 3.000000000000000000e+00 7.051645837793980576e-01
9.000000000000000000e+02 8.771917808219178596e+02 4.000000000000000000e+00 1.026001405481377304e+00
2.708000000000000000e+03 2.870383561643835492e+03 5.000000000000000000e+00 9.434279223816205429e-01
5.050000000000000000e+02 6.109863013698629857e+02 1.000000000000000000e+00 8.265324424913681467e-01
7.429000000000000000e+03 3.921315068493150648e+03 2.000000000000000000e+00 1.894517494829802695e+00
6.206000000000000000e+03 6.078013698630136787e+03 3.000000000000000000e+00 1.021057257800966900e+00
1.021000000000000000e+03 8.771917808219178596e+02 4.000000000000000000e+00 1.163941594440540239e+00
3.209000000000000000e+03 2.870383561643835492e+03 5.000000000000000000e+00 1.117969055732134454e+00
5.780000000000000000e+02 6.109863013698629857e+02 1.000000000000000000e+00 9.460113896237837272e-01
2.576000000000000000e+03 3.921315068493150648e+03 2.000000000000000000e+00 6.569224749874238434e-01
6.557000000000000000e+03 6.078013698630136787e+03 3.000000000000000000e+00 1.078806387270534906e+00
9.200000000000000000e+02 8.771917808219178596e+02 4.000000000000000000e+00 1.048801436714296820e+00
2.695000000000000000e+03 2.870383561643835492e+03 5.000000000000000000e+00 9.388989109373956365e-01
4.280000000000000000e+02 6.109863013698629857e+02 1.000000000000000000e+00 7.005067037352585846e-01
3.134000000000000000e+03 3.921315068493150648e+03 2.000000000000000000e+00 7.992216757028673957e-01
4.114000000000000000e+03 6.078013698630136787e+03 3.000000000000000000e+00 6.768658650649658215e-01
8.900000000000000000e+02 8.771917808219178596e+02 4.000000000000000000e+00 1.014601389864917547e+00
2.878000000000000000e+03 2.870383561643835492e+03 5.000000000000000000e+00 1.002653456652254027e+00
5.270000000000000000e+02 6.109863013698629857e+02 1.000000000000000000e+00 8.625397964216852120e-01
5.524000000000000000e+03 3.921315068493150648e+03 2.000000000000000000e+00 1.408711083785143314e+00
7.604000000000000000e+03 6.078013698630136787e+03 3.000000000000000000e+00 1.251066611072921830e+00
8.050000000000000000e+02 8.771917808219178596e+02 4.000000000000000000e+00 9.177012571250097173e-01
3.881000000000000000e+03 2.870383561643835492e+03 5.000000000000000000e+00 1.352084108848991661e+00
5.360000000000000000e+02 6.109863013698629857e+02 1.000000000000000000e+00 8.772700775749966429e-01
2.908000000000000000e+03 3.921315068493150648e+03 2.000000000000000000e+00 7.415879492482253532e-01
3.500000000000000000e+03 6.078013698630136787e+03 3.000000000000000000e+00 5.758460203518183107e-01
8.620000000000000000e+02 8.771917808219178596e+02 4.000000000000000000e+00 9.826813461388302917e-01
2.827000000000000000e+03 2.870383561643835492e+03 5.000000000000000000e+00 9.848857963710639929e-01
5.790000000000000000e+02 6.109863013698629857e+02 1.000000000000000000e+00 9.476480875297071949e-01
3.623000000000000000e+03 3.921315068493150648e+03 2.000000000000000000e+00 9.239247386954334562e-01
5.412000000000000000e+03 6.078013698630136787e+03 3.000000000000000000e+00 8.904224748982972892e-01
8.000000000000000000e+02 8.771917808219178596e+02 4.000000000000000000e+00 9.120012493167798384e-01
2.574000000000000000e+03 2.870383561643835492e+03 5.000000000000000000e+00 8.967442659565330043e-01
6.150000000000000000e+02 6.109863013698629857e+02 1.000000000000000000e+00 1.006569212142953251e+00
4.282000000000000000e+03 3.921315068493150648e+03 2.000000000000000000e+00 1.091980604773349794e+00
7.050000000000000000e+03 6.078013698630136787e+03 3.000000000000000000e+00 1.159918412422948242e+00
9.470000000000000000e+02 8.771917808219178596e+02 4.000000000000000000e+00 1.079581478878738121e+00
3.190000000000000000e+03 2.870383561643835492e+03 5.000000000000000000e+00 1.111349731313652001e+00
5.230000000000000000e+02 6.109863013698629857e+02 1.000000000000000000e+00 8.559930047979911194e-01
4.479000000000000000e+03 3.921315068493150648e+03 2.000000000000000000e+00 1.142218853054608463e+00
4.588000000000000000e+03 6.078013698630136787e+03 3.000000000000000000e+00 7.548518689640406620e-01
8.190000000000000000e+02 8.771917808219178596e+02 4.000000000000000000e+00 9.336612789880534002e-01
2.805000000000000000e+03 2.870383561643835492e+03 5.000000000000000000e+00 9.772213154654526557e-01
7.190000000000000000e+02 6.109863013698629857e+02 1.000000000000000000e+00 1.176785794358997439e+00
3.401000000000000000e+03 3.921315068493150648e+03 2.000000000000000000e+00 8.673110781957409365e-01
5.968000000000000000e+03 6.078013698630136787e+03 3.000000000000000000e+00 9.818997284170433160e-01
8.270000000000000000e+02 8.771917808219178596e+02 4.000000000000000000e+00 9.427812914812211398e-01
3.155000000000000000e+03 2.870383561643835492e+03 5.000000000000000000e+00 1.099156238963815646e+00
5.150000000000000000e+02 6.109863013698629857e+02 1.000000000000000000e+00 8.428994215506031562e-01
2.703000000000000000e+03 3.921315068493150648e+03 2.000000000000000000e+00 6.893095690570678613e-01
3.841000000000000000e+03 6.078013698630136787e+03 3.000000000000000000e+00 6.319498754775240146e-01
7.920000000000000000e+02 8.771917808219178596e+02 4.000000000000000000e+00 9.028812368236119879e-01
2.768000000000000000e+03 2.870383561643835492e+03 5.000000000000000000e+00 9.643310521241971189e-01
5.480000000000000000e+02 6.109863013698629857e+02 1.000000000000000000e+00 8.969104524460786987e-01
2.760000000000000000e+03 3.921315068493150648e+03 2.000000000000000000e+00 7.038455089150970068e-01
4.350000000000000000e+03 6.078013698630136787e+03 3.000000000000000000e+00 7.156943395801169672e-01
8.330000000000000000e+02 8.771917808219178596e+02 4.000000000000000000e+00 9.496213008510969722e-01
2.586000000000000000e+03 2.870383561643835492e+03 5.000000000000000000e+00 9.009248919050483195e-01
4.620000000000000000e+02 6.109863013698629857e+02 1.000000000000000000e+00 7.561544325366575947e-01
3.042000000000000000e+03 3.921315068493150648e+03 2.000000000000000000e+00 7.757601587390308140e-01
4.248000000000000000e+03 6.078013698630136787e+03 3.000000000000000000e+00 6.989125412727211772e-01
8.610000000000000000e+02 8.771917808219178596e+02 4.000000000000000000e+00 9.815413445771843381e-01
3.473000000000000000e+03 2.870383561643835492e+03 5.000000000000000000e+00 1.209942826599471166e+00
4.950000000000000000e+02 6.109863013698629857e+02 1.000000000000000000e+00 8.101654634321331372e-01
4.259000000000000000e+03 3.921315068493150648e+03 2.000000000000000000e+00 1.086115225532390705e+00
3.880000000000000000e+03 6.078013698630136787e+03 3.000000000000000000e+00 6.383664454185871140e-01
8.830000000000000000e+02 8.771917808219178596e+02 4.000000000000000000e+00 1.006621378933395761e+00
2.484000000000000000e+03 2.870383561643835492e+03 5.000000000000000000e+00 8.653895713426681402e-01
6.880000000000000000e+02 6.109863013698629857e+02 1.000000000000000000e+00 1.126048159275368832e+00
1.022700000000000000e+04 3.921315068493150648e+03 2.000000000000000000e+00 2.608053630316919058e+00
6.459000000000000000e+03 6.078013698630136787e+03 3.000000000000000000e+00 1.062682698700684103e+00
8.220000000000000000e+02 8.771917808219178596e+02 4.000000000000000000e+00 9.370812836729912609e-01
2.735000000000000000e+03 2.870383561643835492e+03 5.000000000000000000e+00 9.528343307657799466e-01
5.440000000000000000e+02 6.109863013698629857e+02 1.000000000000000000e+00 8.903636608223847171e-01
5.035000000000000000e+03 3.921315068493150648e+03 2.000000000000000000e+00 1.284008020792577254e+00
6.451000000000000000e+03 6.078013698630136787e+03 3.000000000000000000e+00 1.061366479225594128e+00
8.020000000000000000e+02 8.771917808219178596e+02 4.000000000000000000e+00 9.142812524400717455e-01
2.989000000000000000e+03 2.870383561643835492e+03 5.000000000000000000e+00 1.041324246676020637e+00
5.210000000000000000e+02 6.109863013698629857e+02 1.000000000000000000e+00 8.527196089861441841e-01
3.380000000000000000e+03 3.921315068493150648e+03 2.000000000000000000e+00 8.619557319322564970e-01
5.730000000000000000e+03 6.078013698630136787e+03 3.000000000000000000e+00 9.427421990331196211e-01
8.210000000000000000e+02 8.771917808219178596e+02 4.000000000000000000e+00 9.359412821113453074e-01
2.213000000000000000e+03 2.870383561643835492e+03 5.000000000000000000e+00 7.709771020053641788e-01
5.940000000000000000e+02 6.109863013698629857e+02 1.000000000000000000e+00 9.721985561185597646e-01
3.492000000000000000e+03 3.921315068493150648e+03 2.000000000000000000e+00 8.905175786708401375e-01
7.483000000000000000e+03 6.078013698630136787e+03 3.000000000000000000e+00 1.231158791512187545e+00
7.440000000000000000e+02 8.771917808219178596e+02 4.000000000000000000e+00 8.481611618646052175e-01
2.849000000000000000e+03 2.870383561643835492e+03 5.000000000000000000e+00 9.925502772766754411e-01
5.470000000000000000e+02 6.109863013698629857e+02 1.000000000000000000e+00 8.952737545401552310e-01
2.963000000000000000e+03 3.921315068493150648e+03 2.000000000000000000e+00 7.556138561287798483e-01
5.165000000000000000e+03 6.078013698630136787e+03 3.000000000000000000e+00 8.497841986048975116e-01
8.090000000000000000e+02 8.771917808219178596e+02 4.000000000000000000e+00 9.222612633715936425e-01
3.050000000000000000e+03 2.870383561643835492e+03 5.000000000000000000e+00 1.062575761914306804e+00
5.040000000000000000e+02 6.109863013698629857e+02 1.000000000000000000e+00 8.248957445854446791e-01
2.656000000000000000e+03 3.921315068493150648e+03 2.000000000000000000e+00 6.773237940864121898e-01
3.525000000000000000e+03 6.078013698630136787e+03 3.000000000000000000e+00 5.799592062114741209e-01
8.750000000000000000e+02 8.771917808219178596e+02 4.000000000000000000e+00 9.975013664402279101e-01
3.193000000000000000e+03 2.870383561643835492e+03 5.000000000000000000e+00 1.112394887800780774e+00
6.100000000000000000e+02 6.109863013698629857e+02 1.000000000000000000e+00 9.983857226133358020e-01
3.686000000000000000e+03 3.921315068493150648e+03 2.000000000000000000e+00 9.399907774858867748e-01
4.840000000000000000e+03 6.078013698630136787e+03 3.000000000000000000e+00 7.963127824293715351e-01
7.690000000000000000e+02 8.771917808219178596e+02 4.000000000000000000e+00 8.766612009057546118e-01
6.031000000000000000e+03 2.870383561643835492e+03 5.000000000000000000e+00 2.101112924624650713e+00
3.950000000000000000e+02 6.109863013698629857e+02 1.000000000000000000e+00 6.464956728397830421e-01
5.014000000000000000e+03 3.921315068493150648e+03 2.000000000000000000e+00 1.278652674529092925e+00
5.449000000000000000e+03 6.078013698630136787e+03 3.000000000000000000e+00 8.965099899705879505e-01
7.220000000000000000e+02 8.771917808219178596e+02 4.000000000000000000e+00 8.230811275083937950e-01
2.441000000000000000e+03 2.870383561643835492e+03 5.000000000000000000e+00 8.504089950271550569e-01
5.040000000000000000e+02 6.109863013698629857e+02 1.000000000000000000e+00 8.248957445854446791e-01
2.700000000000000000e+03 3.921315068493150648e+03 2.000000000000000000e+00 6.885445195908557192e-01
3.732000000000000000e+03 6.078013698630136787e+03 3.000000000000000000e+00 6.140163851294244690e-01
8.110000000000000000e+02 8.771917808219178596e+02 4.000000000000000000e+00 9.245412664948855497e-01
2.614000000000000000e+03 2.870383561643835492e+03 5.000000000000000000e+00 9.106796857849173144e-01
7.080000000000000000e+02 6.109863013698629857e+02 1.000000000000000000e+00 1.158782117393838851e+00
3.920000000000000000e+03 3.921315068493150648e+03 2.000000000000000000e+00 9.996646358504276408e-01
7.936000000000000000e+03 6.078013698630136787e+03 3.000000000000000000e+00 1.305689719289151451e+00
9.550000000000000000e+02 8.771917808219178596e+02 4.000000000000000000e+00 1.088701491371905972e+00
2.913000000000000000e+03 2.870383561643835492e+03 5.000000000000000000e+00 1.014846949002090382e+00
6.440000000000000000e+02 6.109863013698629857e+02 1.000000000000000000e+00 1.054033451414734923e+00
3.590000000000000000e+03 3.921315068493150648e+03 2.000000000000000000e+00 9.155091945671007814e-01
5.992000000000000000e+03 6.078013698630136787e+03 3.000000000000000000e+00 9.858483868423129071e-01
8.400000000000000000e+02 8.771917808219178596e+02 4.000000000000000000e+00 9.576013117826188692e-01
2.521000000000000000e+03 2.870383561643835492e+03 5.000000000000000000e+00 8.782798346839236769e-01
