0.007732
0.011600
0.010757
0.003149
0.011339
0.008017
0.001994
0.002143
0.002979
0.000851
0.002916
0.000708
0.000680
0.003359
0.000633
0.000095
0.000174
0.000055
0.465310
0.000379
0.028988
0.061630
0.038403
0.090916
0.043168
0.049575
0.059361
0.017288
0.010988
0.027190
0.002968
0.012078
0.003378
0.002312
0.012443
0.002694
0.000473
0.000680
0.000599
0.005442
0.000000
0.001417
0.000000
0.000000
0.000000
0.000466
0.000000
0.000204
0.000088
0.000000
0.000033
0.000000
0.000000
0.000000
0.000005
0.000000
0.000000
0.000000
0.000000
0.000100
0.000000
0.000000
0.000000
0.000000
0.000000
0.000000
0.000000
0.000000
0.000000
0.000000
0.000000
0.000000
0.000000
0.000000
0.000000
0.000000
0.000000
0.000000
0.000000
0.008694
0.001592
0.000000
0.000000
0.000000
0.000000
0.000521
0.000037
0.000000
0.000437
0.000003
0.000000
0.000000
0.000000
0.000000
0.000006
0.000000
0.000000
0.000044
0.000280
0.000000
0.000000
0.000000
0.000000
0.000000
0.000000
0.000000
0.000000
0.000000
0.000000
0.000000
0.000000
0.000000
0.000000
0.000000
0.000000
0.000000
0.000000
0.001563
0.001627
0.006384
0.000000
0.000000
0.000000
0.000062
0.000056
0.000551
0.000016
0.000114
0.000240
0.000000
0.000000
0.000000
0.000000
0.000000
0.000000
0.000000
0.000012
0.000141
0.000000
0.000000
0.000000
0.000000
0.000000
0.000000
0.000000
0.000000
0.000000
0.000000
0.000000
0.000000
0.000000
0.000000
0.000000
0.000000
0.000000
0.000000
0.000000
0.000000
0.000000
0.001940
0.000000
0.000823
0.000214
0.000000
0.000030
0.000000
0.000000
0.000000
0.000084
0.000000
0.000003
0.000003
0.000000
0.000000
0.000000
0.000000
0.000062
0.000000
0.000000
0.000000
0.000000
0.000000
0.000000
0.000000
0.000000
0.000000
0.000000
0.000000
0.000000
0.000000
0.000000
0.000000
0.000000
0.000000
0.000000
0.000000
0.000000
0.000000
0.000000
0.008483
0.001290
0.000000
0.000445
0.000117
0.000000
0.000000
0.000000
0.000000
0.000699
0.000026
0.000000
0.000020
0.000003
0.000000
0.000000
0.000132
0.000000
0.000000
0.000000
0.000000
0.000000
0.000000
0.000000
0.000000
0.000000
0.000000
0.000000
0.000000
0.000000
0.000000
0.000000
0.000000
0.000000
0.000000
0.000000
0.000000
0.000000
0.000729
0.001537
0.004701
0.000108
0.000076
0.000501
0.000000
0.000000
0.000000
0.000052
0.000058
0.000148
0.000000
0.000000
0.000000
0.000000
0.000005
0.000052
0.000000
0.000000
0.000000
0.000000
0.000000
0.000000
0.000000
0.000000
0.000000
0.000000
0.000000
0.000000
0.000000
0.000000
0.000000
0.000000
0.000000
0.000000
0.000301
0.000000
0.000088
0.000259
0.000000
0.000223
0.000842
0.000000
0.000246
0.000006
0.000000
0.000000
0.000005
0.000000
0.000003
0.000013
0.000000
0.000006
0.000000
0.000000
0.000011
0.000000
0.000000
0.000000
0.000000
0.000000
0.000000
0.000000
0.000000
0.000000
0.000000
0.000000
0.000000
0.000000
0.000000
0.000000
0.000000
0.000000
0.000000
0.000000
0.000344
0.000074
0.000000
0.000426
0.000094
0.000000
0.000667
0.000241
0.000000
0.000052
0.000000
0.000000
0.000084
0.000000
0.000000
0.000056
0.000000
0.000000
0.000000
0.000021
0.000000
0.000000
0.000000
0.000000
0.000000
0.000000
0.000000
0.000000
0.000000
0.000000
0.000000
0.000000
0.000000
0.000000
0.000000
0.000000
0.000000
0.000000
0.000147
0.000067
0.000554
0.000056
0.000144
0.000374
0.000191
0.000264
0.000944
0.000007
0.000000
0.000005
0.000006
0.000042
0.000081
0.000032
0.000022
0.000005
0.000000
0.000000
0.000028
0.000000
0.000000
0.000000
0.000000
0.000000
0.000000
0.000000
0.000000
0.000000
0.000000
0.000000
0.000000
0.000000
0.000000
0.000000
0.000000
0.000000
0.000000
0.000187
0.000000
0.000026
0.000000
0.000000
0.000000
0.000032
0.000000
0.000000
0.000294
0.000000
0.000042
0.000000
0.000000
0.000000
0.000024
0.000000
0.000004
0.000247
0.000000
0.000000
0.000000
0.000000
0.000000
0.000000
0.000000
0.000000
0.000000
0.000000
0.000000
0.000000
0.000000
0.000000
0.000000
0.000000
0.000000
0.000000
0.000000
0.000000
0.000000
0.000639
0.000262
0.000000
0.000000
0.000000
0.000000
0.000026
0.000012
0.000000
0.001094
0.000115
0.000000
0.000000
0.000000
0.000000
0.000016
0.000000
0.000695
0.000030
0.000017
0.000000
0.000000
0.000000
0.000000
0.000000
0.000000
0.000000
0.000000
0.000000
0.000000
0.000025
0.000000
0.000000
0.000000
0.000000
0.000000
0.000000
0.000000
0.000032
0.000010
0.000243
0.000000
0.000000
0.000000
0.000005
0.000000
0.000007
0.000081
0.000106
0.000116
0.000000
0.000000
0.000000
0.000000
0.000000
0.000000
0.000107
0.000000
0.000005
0.000000
0.000000
0.000000
0.000000
0.000000
0.000000
0.000000
0.000000
0.000000
0.000000
0.000000
0.000000
0.000000
0.000000
0.000000
0.000000
0.000000
0.000000
0.000000
0.000000
0.000000
0.000069
0.000000
0.000077
0.000027
0.000000
0.000000
0.000000
0.000000
0.000000
0.000254
0.000000
0.000087
0.000003
0.000000
0.000000
0.000154
0.000000
0.000007
0.000000
0.000000
0.000000
0.000000
0.000000
0.000000
0.000000
0.000000
0.000000
0.000000
0.000000
0.000000
0.000000
0.000006
0.000000
0.000000
0.000000
0.000000
0.000000
0.000000
0.000000
0.000000
0.000658
0.000123
0.000000
0.000058
0.000009
0.000000
0.000000
0.000000
0.000000
0.001299
0.000098
0.000000
0.000014
0.000023
0.000960
0.000026
0.000017
0.000000
0.000000
0.000000
0.000000
0.000000
0.000000
0.000000
0.000000
0.000000
0.000000
0.000000
0.000000
0.000000
0.000008
0.000004
0.000000
0.000000
0.000000
0.000000
0.000000
0.000000
0.000015
0.000008
0.000212
0.000000
0.000000
0.000055
0.000000
0.000000
0.000000
0.000033
0.000138
0.000082
0.000000
0.000000
0.000003
0.000086
0.000003
0.000000
0.000000
0.000000
0.000000
0.000000
0.000000
0.000000
0.000000
0.000000
0.000000
0.000000
0.000000
0.000000
0.000000
0.000000
0.000000
0.000000
0.000000
0.000000
0.000000
0.000000
0.000000
0.000000
0.000000
0.000000
0.000030
0.000000
0.000000
0.000039
0.000000
0.000000
0.000003
0.000000
0.000000
0.000009
0.000000
0.000003
0.000009
0.000004
0.000000
0.000000
0.000000
0.000000
0.000000
0.000000
0.000000
0.000000
0.000000
0.000000
0.000000
0.000000
0.000000
0.000000
0.000000
0.000000
0.000000
0.000000
0.000000
0.000000
0.000000
0.000006
0.000000
0.000000
0.000000
0.000000
0.000033
0.000002
0.000000
0.000033
0.000000
0.000000
0.000043
0.000000
0.000000
0.000026
0.000003
0.000028
0.000000
0.000000
0.000000
0.000000
0.000000
0.000000
0.000000
0.000000
0.000000
0.000000
0.000000
0.000000
0.000000
0.000000
0.000000
0.000000
0.000000
0.000000
0.000000
0.000000
0.000012
0.000000
0.000007
0.000000
0.000000
0.000000
0.000000
0.000000
0.000020
0.000007
0.000000
0.000000
0.000000
0.000000
0.000000
0.000000
0.000000
0.000003
0.000000
0.000006
0.000000
0.000000
0.000000
0.000000
0.000000
0.000000
0.000000
0.000000
0.000000
0.000000
0.000000
0.000000
0.000000
0.000000
0.000000
0.000000
0.000000
0.000000
0.000000
0.000000
0.000000
0.000000
0.000000
0.000000
0.000000
0.000000
0.000000
0.000000
0.000300
0.001028
0.000137
0.000215
0.000883
0.000098
0.000006
0.000015
0.000000
0.451859
0.000000
0.000022
0.000000
0.000000
0.000000
0.000000
0.000000
0.000000
0.000000
0.000000
0.000000
0.000869
0.002871
0.000521
0.000922
0.003501
0.000358
0.000053
0.000049
0.000033
0.000000
0.000034
0.000000
0.000000
0.000005
0.000000
0.000000
0.000005
0.000000
0.000007
0.000033
0.000004
0.000000
0.000068
0.000005
0.000000
0.000000
0.000000
0.000000
0.000090
0.000000
0.000000
0.000020
0.000020
0.000005
0.000004
0.000000
0.000000
0.000000
0.000000
0.000000
0.000033
0.000000
0.000000
0.000006
0.000000
0.000000
0.000012
0.000030
0.000057
0.000144
0.000129
0.000079
0.000093
0.000106
0.000026
0.000000
0.000015
0.000000
0.000004
0.000012
0.000000
0.000006
0.000000
0.000000
0.000000
0.000000
0.000021
0.000000
0.027399
0.000147
0.000051
0.000200
0.000112
0.000084
0.000178
0.000100
0.000003
0.000102
0.000006
0.000008
0.000000
0.000000
0.000013
0.000000
0.000000
0.000000
0.000000
0.000000
0.000000
0.000000
0.000000
0.000000
0.000000
0.000000
0.000000
0.000000
0.000000
0.000000
0.000000
0.000000
0.000000
0.000000
0.000000
0.000000
0.000000
0.000000
0.000000
0.000064
0.042620
0.000000
0.014325
0.000000
0.000000
0.000000
0.003156
0.000000
0.000963
0.000591
0.000000
0.000153
0.000000
0.000000
0.000000
0.000033
0.000000
0.000014
0.000000
0.000000
0.000000
0.000000
0.000000
0.000000
0.000000
0.000000
0.000000
0.000000
0.000000
0.000000
0.000000
0.000000
0.000000
0.000000
0.000000
0.000000
0.000000
0.000034
0.000096
0.000000
0.022989
0.009408
0.000000
0.000000
0.000000
0.000000
0.002096
0.000880
0.000000
0.002909
0.000073
0.000000
0.000000
0.000000
0.000000
0.000095
0.000000
0.000000
0.000000
0.000000
0.000000
0.000000
0.000000
0.000000
0.000000
0.000000
0.000000
0.000000
0.000000
0.000000
0.000000
0.000000
0.000000
0.000000
0.000000
0.000000
0.000007
0.000160
0.013663
0.012063
0.057608
0.000000
0.000000
0.000000
0.000806
0.000913
0.004110
0.000124
0.000914
0.000932
0.000000
0.000000
0.000000
0.000006
0.000009
0.000046
0.000000
0.000000
0.000000
0.000000
0.000000
0.000000
0.000000
0.000000
0.000000
0.000000
0.000000
0.000000
0.000000
0.000000
0.000000
0.000000
0.000000
0.000000
0.000000
0.000000
0.000060
0.000000
0.000000
0.000000
0.030748
0.000000
0.008169
0.003027
0.000000
0.001011
0.000000
0.000000
0.000000
0.000195
0.000000
0.000083
0.000015
0.000000
0.000000
0.000000
0.000000
0.000000
0.000000
0.000000
0.000000
0.000000
0.000000
0.000000
0.000000
0.000000
0.000000
0.000000
0.000000
0.000000
0.000000
0.000000
0.000000
0.000000
0.000010
0.000169
0.000000
0.000000
0.000000
0.000000
0.034638
0.009130
0.000000
0.001663
0.001693
0.000000
0.000000
0.000000
0.000000
0.002399
0.000016
0.000000
0.000005
0.000000
0.000000
0.000000
0.000000
0.000000
0.000000
0.000000
0.000000
0.000000
0.000000
0.000000
0.000000
0.000000
0.000000
0.000000
0.000000
0.000000
0.000000
0.000000
0.000000
0.000005
0.000084
0.000000
0.000000
0.000000
0.008604
0.007883
0.035704
0.000941
0.000672
0.004238
0.000000
0.000000
0.000000
0.000067
0.000574
0.000773
0.000009
0.000000
0.000012
0.000000
0.000000
0.000000
0.000000
0.000000
0.000000
0.000000
0.000000
0.000000
0.000000
0.000000
0.000000
0.000000
0.000000
0.000000
0.000000
0.000000
0.000000
0.000000
0.000000
0.000016
0.002974
0.000000
0.001698
0.002270
0.000000
0.000990
0.006891
0.000000
0.002242
0.000017
0.000000
0.000006
0.000074
0.000000
0.000031
0.000118
0.000000
0.000054
0.000000
0.000000
0.000000
0.000000
0.000000
0.000000
0.000000
0.000000
0.000000
0.000000
0.000000
0.000000
0.000000
0.000000
0.000000
0.000000
0.000000
0.000000
0.000000
0.000000
0.000030
0.000000
0.001461
0.000789
0.000000
0.002515
0.000502
0.000000
0.003666
0.001586
0.000000
0.000048
0.000008
0.000000
0.000192
0.000024
0.000000
0.000186
0.000029
0.000000
0.000000
0.000000
0.000000
0.000000
0.000000
0.000000
0.000000
0.000000
0.000000
0.000000
0.000000
0.000000
0.000000
0.000000
0.000000
0.000000
0.000000
0.000000
0.000000
0.000029
0.001623
0.000677
0.005341
0.000858
0.001165
0.002996
0.002253
0.001780
0.009972
0.000004
0.000049
0.000049
0.000006
0.000131
0.000146
0.000039
0.000056
0.000144
0.000000
0.000000
0.000000
0.000000
0.000000
0.000000
0.000000
0.000000
0.000000
0.000000
0.000000
0.000000
0.000000
0.000000
0.000000
0.000000
0.000000
0.000000
0.000961
0.000000
0.000000
0.000524
0.000000
0.000147
0.000000
0.000000
0.000000
0.000028
0.000000
0.000000
0.001065
0.000000
0.000205
0.000000
0.000000
0.000000
0.000040
0.000000
0.000009
0.000000
0.000000
0.000000
0.000000
0.000000
0.000000
0.000000
0.000000
0.000000
0.000007
0.000026
0.000000
0.000000
0.000000
0.000000
0.000000
0.000000
0.000000
0.004497
0.000004
0.000000
0.000000
0.001264
0.000667
0.000000
0.000000
0.000000
0.000000
0.000045
0.000011
0.000026
0.004617
0.000780
0.000000
0.000000
0.000000
0.000000
0.000112
0.000036
0.000000
0.000000
0.000000
0.000000
0.000000
0.000000
0.000000
0.000000
0.000000
0.000000
0.000000
0.000000
0.000000
0.000000
0.000000
0.000000
0.000000
0.000000
0.000392
0.000026
0.000019
0.000359
0.000044
0.001074
0.000000
0.000000
0.000000
0.000000
0.000000
0.000036
0.000176
0.000585
0.000665
0.000000
0.000000
0.000000
0.000000
0.000000
0.000012
0.000000
0.000000
0.000000
0.000000
0.000000
0.000000
0.000000
0.000000
0.000000
0.000000
0.000000
0.000000
0.000000
0.000000
0.000000
0.000000
0.000000
0.000000
0.000529
0.000000
0.000000
0.000000
0.000000
0.000000
0.000498
0.000000
0.000122
0.000120
0.000000
0.000017
0.000000
0.000000
0.000000
0.000858
0.000000
0.000119
0.000027
0.000000
0.000019
0.000000
0.000000
0.000000
0.000000
0.000000
0.000000
0.000000
0.000000
0.000000
0.000000
0.000000
0.000005
0.000032
0.000051
0.000005
0.000000
0.000000
0.000003
0.004041
0.000068
0.000049
0.000000
0.000000
0.000000
0.000000
0.001723
0.000747
0.000000
0.000081
0.000110
0.000000
0.000000
0.000000
0.000000
0.004679
0.000716
0.000000
0.000054
0.000076
0.000000
0.000000
0.000000
0.000000
0.000000
0.000000
0.000000
0.000000
0.000000
0.000000
0.000000
0.000000
0.000000
0.000000
0.000000
0.000000
0.000000
0.000000
0.000353
0.000006
0.000000
0.000000
0.000000
0.000000
0.000188
0.000049
0.000923
0.000010
0.000004
0.000042
0.000000
0.000000
0.000000
0.000123
0.000575
0.000388
0.000000
0.000000
0.000019
0.000000
0.000000
0.000000
0.000000
0.000000
0.000000
0.000000
0.000000
0.000000
0.000000
0.000000
0.000000
0.000000
0.000000
0.000000
0.000000
0.000000
0.000000
0.000095
0.000000
0.000000
0.000006
0.000000
0.000022
0.000023
0.000000
0.000000
0.000029
0.000000
0.000022
0.000094
0.000000
0.000000
0.000072
0.000000
0.000018
0.000087
0.000000
0.000006
0.000000
0.000000
0.000000
0.000000
0.000000
0.000000
0.000000
0.000000
0.000000
0.000000
0.000000
0.000000
0.000000
0.000000
0.000000
0.000000
0.000000
0.000000
0.000082
0.000000
0.000000
0.000000
0.000012
0.000012
0.000000
0.000009
0.000012
0.000000
0.000086
0.000097
0.000000
0.000011
0.000000
0.000000
0.000263
0.000002
0.000000
0.000085
0.000012
0.000000
0.000000
0.000000
0.000000
0.000000
0.000000
0.000000
0.000000
0.000000
0.000000
0.000000
0.000000
0.000000
0.000000
0.000000
0.000000
0.000000
0.000000
0.000031
0.000000
0.000000
0.000000
0.000000
0.000055
0.000000
0.000000
0.000060
0.000012
0.000000
0.000125
0.000000
0.000066
0.000000
0.000003
0.000126
0.000018
0.000048
0.000007
0.000051
