0.003493
0.006502
0.012882
0.001258
0.005987
0.009086
0.001654
0.002355
0.007545
0.001343
0.004357
0.002471
0.000884
0.005127
0.002051
0.000309
0.000857
0.001209
0.443758
0.001466
0.030984
0.029811
0.014992
0.109664
0.021819
0.026385
0.073251
0.017135
0.010509
0.073481
0.004889
0.018574
0.013505
0.003404
0.018056
0.010199
0.001419
0.002079
0.005248
0.002086
0.000000
0.000856
0.000000
0.000000
0.000000
0.000259
0.000000
0.000131
0.000018
0.000000
0.000012
0.000000
0.000000
0.000000
0.000000
0.000000
0.000000
0.000000
0.000000
0.000143
0.000000
0.000000
0.000000
0.000000
0.000000
0.000000
0.000000
0.000000
0.000000
0.000000
0.000000
0.000000
0.000000
0.000000
0.000000
0.000000
0.000000
0.000000
0.000000
0.004280
0.001169
0.000000
0.000000
0.000000
0.000000
0.000329
0.000114
0.000000
0.000321
0.000051
0.000000
0.000000
0.000000
0.000000
0.000019
0.000000
0.000000
0.000008
0.000210
0.000000
0.000000
0.000000
0.000000
0.000000
0.000000
0.000000
0.000000
0.000000
0.000000
0.000000
0.000000
0.000000
0.000000
0.000000
0.000000
0.000000
0.000000
0.000879
0.001060
0.007629
0.000000
0.000000
0.000000
0.000240
0.000182
0.001101
0.000134
0.000317
0.000663
0.000000
0.000000
0.000000
0.000006
0.000015
0.000081
0.000000
0.000167
0.000323
0.000000
0.000000
0.000000
0.000000
0.000000
0.000000
0.000000
0.000000
0.000000
0.000000
0.000000
0.000000
0.000000
0.000000
0.000000
0.000000
0.000000
0.000000
0.000000
0.000000
0.000000
0.000530
0.000000
0.000465
0.000139
0.000000
0.000030
0.000000
0.000000
0.000000
0.000057
0.000000
0.000009
0.000000
0.000000
0.000009
0.000000
0.000000
0.000025
0.000000
0.000000
0.000000
0.000000
0.000000
0.000000
0.000000
0.000000
0.000000
0.000000
0.000000
0.000000
0.000000
0.000000
0.000000
0.000000
0.000000
0.000000
0.000000
0.000000
0.000000
0.000000
0.003324
0.000946
0.000000
0.000335
0.000235
0.000000
0.000000
0.000000
0.000000
0.000711
0.000040
0.000000
0.000057
0.000000
0.000000
0.000009
0.000152
0.000000
0.000000
0.000000
0.000000
0.000000
0.000000
0.000000
0.000000
0.000000
0.000000
0.000000
0.000000
0.000000
0.000000
0.000000
0.000000
0.000000
0.000000
0.000000
0.000000
0.000000
0.000376
0.001157
0.005614
0.000027
0.000099
0.000771
0.000000
0.000000
0.000000
0.000088
0.000309
0.000348
0.000006
0.000000
0.000025
0.000000
0.000006
0.000150
0.000000
0.000000
0.000000
0.000000
0.000000
0.000000
0.000000
0.000000
0.000000
0.000000
0.000000
0.000000
0.000000
0.000000
0.000000
0.000000
0.000000
0.000000
0.000145
0.000000
0.000125
0.000168
0.000000
0.000091
0.000488
0.000000
0.000461
0.000010
0.000000
0.000000
0.000014
0.000000
0.000007
0.000047
0.000000
0.000040
0.000000
0.000000
0.000064
0.000000
0.000000
0.000000
0.000000
0.000000
0.000000
0.000000
0.000000
0.000000
0.000000
0.000000
0.000000
0.000000
0.000000
0.000000
0.000000
0.000000
0.000000
0.000000
0.000319
0.000059
0.000000
0.000330
0.000042
0.000000
0.000785
0.000377
0.000000
0.000012
0.000000
0.000000
0.000113
0.000007
0.000000
0.000163
0.000000
0.000000
0.000000
0.000087
0.000000
0.000000
0.000000
0.000000
0.000000
0.000000
0.000000
0.000000
0.000000
0.000000
0.000000
0.000000
0.000000
0.000000
0.000000
0.000000
0.000000
0.000000
0.000112
0.000110
0.001034
0.000083
0.000299
0.000813
0.000351
0.000398
0.003294
0.000011
0.000008
0.000033
0.000013
0.000117
0.000119
0.000005
0.000134
0.000428
0.000000
0.000007
0.000205
0.000000
0.000000
0.000000
0.000000
0.000000
0.000000
0.000000
0.000000
0.000000
0.000000
0.000000
0.000000
0.000000
0.000000
0.000000
0.000000
0.000000
0.000000
0.000058
0.000000
0.000240
0.000000
0.000000
0.000000
0.000000
0.000000
0.000008
0.000488
0.000000
0.000049
0.000000
0.000000
0.000000
0.000071
0.000000
0.000009
0.000362
0.000000
0.000000
0.000000
0.000000
0.000000
0.000000
0.000000
0.000000
0.000000
0.000000
0.000000
0.000000
0.000000
0.000000
0.000000
0.000000
0.000000
0.000000
0.000000
0.000000
0.000000
0.000487
0.000404
0.000000
0.000000
0.000000
0.000000
0.000062
0.000011
0.000000
0.001352
0.000646
0.000000
0.000000
0.000000
0.000000
0.000067
0.000116
0.001025
0.000015
0.000165
0.000000
0.000000
0.000000
0.000000
0.000000
0.000000
0.000000
0.000000
0.000000
0.000007
0.000043
0.000004
0.000000
0.000000
0.000000
0.000000
0.000000
0.000000
0.000136
0.000014
0.000899
0.000000
0.000000
0.000000
0.000000
0.000000
0.000054
0.000130
0.000183
0.000537
0.000000
0.000000
0.000000
0.000000
0.000000
0.000015
0.000410
0.000050
0.000014
0.000000
0.000000
0.000000
0.000000
0.000000
0.000000
0.000000
0.000000
0.000000
0.000000
0.000054
0.000000
0.000000
0.000000
0.000000
0.000000
0.000000
0.000000
0.000000
0.000000
0.000000
0.000055
0.000000
0.000010
0.000027
0.000000
0.000000
0.000000
0.000000
0.000000
0.000246
0.000000
0.000127
0.000017
0.000000
0.000071
0.000188
0.000013
0.000000
0.000000
0.000000
0.000000
0.000000
0.000000
0.000000
0.000000
0.000000
0.000000
0.000000
0.000000
0.000000
0.000025
0.000000
0.000010
0.000000
0.000000
0.000000
0.000000
0.000000
0.000000
0.000000
0.000692
0.000174
0.000000
0.000054
0.000164
0.000000
0.000000
0.000000
0.000000
0.001905
0.000228
0.000000
0.000082
0.000101
0.001486
0.000114
0.000046
0.000000
0.000000
0.000000
0.000000
0.000000
0.000000
0.000000
0.000000
0.000000
0.000000
0.000000
0.000000
0.000000
0.000049
0.000006
0.000000
0.000000
0.000000
0.000000
0.000000
0.000000
0.000005
0.000022
0.000604
0.000000
0.000005
0.000130
0.000000
0.000000
0.000000
0.000150
0.000122
0.000371
0.000000
0.000000
0.000141
0.000388
0.000054
0.000012
0.000000
0.000000
0.000000
0.000000
0.000000
0.000000
0.000000
0.000000
0.000000
0.000000
0.000000
0.000000
0.000000
0.000006
0.000000
0.000000
0.000000
0.000000
0.000000
0.000000
0.000017
0.000000
0.000000
0.000045
0.000074
0.000000
0.000037
0.000032
0.000000
0.000000
0.000015
0.000000
0.000000
0.000062
0.000000
0.000000
0.000017
0.000000
0.000012
0.000000
0.000000
0.000000
0.000000
0.000000
0.000000
0.000000
0.000000
0.000000
0.000000
0.000000
0.000000
0.000000
0.000000
0.000000
0.000000
0.000000
0.000000
0.000000
0.000005
0.000007
0.000000
0.000011
0.000000
0.000000
0.000077
0.000144
0.000000
0.000105
0.000000
0.000000
0.000192
0.000000
0.000000
0.000098
0.000051
0.000132
0.000000
0.000000
0.000000
0.000000
0.000000
0.000000
0.000000
0.000000
0.000000
0.000000
0.000000
0.000000
0.000000
0.000000
0.000000
0.000000
0.000041
0.000000
0.000000
0.000000
0.000019
0.000000
0.000012
0.000000
0.000000
0.000032
0.000017
0.000000
0.000479
0.000087
0.000046
0.000045
0.000000
0.000088
0.000143
0.000000
0.000082
0.000044
0.000030
0.000013
0.000019
0.000000
0.000000
0.000000
0.000000
0.000000
0.000000
0.000000
0.000000
0.000000
0.000000
0.000000
0.000000
0.000000
0.000000
0.000000
0.000000
0.000000
0.000000
0.000000
0.000000
0.000000
0.000000
0.000000
0.000000
0.000000
0.000000
0.000000
0.000340
0.001512
0.000355
0.000221
0.001437
0.000396
0.000098
0.000126
0.000028
0.418461
0.000000
0.000162
0.000000
0.000000
0.000000
0.000000
0.000000
0.000000
0.000000
0.000000
0.000000
0.001371
0.004687
0.002044
0.001478
0.005276
0.002010
0.000165
0.000186
0.000308
0.000014
0.000000
0.000087
0.000000
0.000073
0.000015
0.000000
0.000006
0.000000
0.000014
0.000123
0.000062
0.000000
0.000031
0.000201
0.000000
0.000010
0.000033
0.000000
0.000361
0.000000
0.000000
0.000000
0.000089
0.000009
0.000000
0.000074
0.000000
0.000000
0.000000
0.000000
0.000062
0.000038
0.000000
0.000100
0.000027
0.000000
0.000013
0.000044
0.000065
0.000144
0.000372
0.000022
0.000087
0.000287
0.000043
0.000036
0.000073
0.000000
0.000025
0.000025
0.000000
0.000058
0.000016
0.000000
0.000000
0.000014
0.000043
0.000000
0.027949
0.000213
0.000031
0.000473
0.000137
0.000095
0.000379
0.000143
0.000026
0.000357
0.000013
0.000017
0.000024
0.000000
0.000025
0.000007
0.000008
0.000000
0.000000
0.000000
0.000000
0.000000
0.000000
0.000000
0.000000
0.000000
0.000000
0.000000
0.000000
0.000000
0.000000
0.000000
0.000000
0.000000
0.000000
0.000000
0.000000
0.000000
0.000000
0.000075
0.015776
0.000000
0.009826
0.000000
0.000000
0.000000
0.002089
0.000000
0.001337
0.000484
0.000000
0.000382
0.000000
0.000000
0.000000
0.000060
0.000000
0.000036
0.000000
0.000000
0.000000
0.000000
0.000000
0.000000
0.000000
0.000000
0.000000
0.000000
0.000000
0.000000
0.000000
0.000000
0.000000
0.000000
0.000000
0.000000
0.000000
0.000019
0.000142
0.000000
0.006824
0.003511
0.000000
0.000000
0.000000
0.000000
0.001589
0.000619
0.000000
0.002192
0.000141
0.000000
0.000000
0.000000
0.000000
0.000088
0.000000
0.000000
0.000000
0.000000
0.000000
0.000000
0.000000
0.000000
0.000000
0.000000
0.000000
0.000000
0.000000
0.000000
0.000000
0.000000
0.000000
0.000000
0.000000
0.000000
0.000064
0.000270
0.009741
0.005863
0.074110
0.000000
0.000000
0.000000
0.001283
0.001098
0.010944
0.000333
0.002202
0.004147
0.000000
0.000000
0.000000
0.000019
0.000061
0.000615
0.000000
0.000000
0.000000
0.000000
0.000000
0.000000
0.000000
0.000000
0.000000
0.000000
0.000000
0.000000
0.000000
0.000000
0.000000
0.000000
0.000000
0.000000
0.000000
0.000000
0.000076
0.000000
0.000000
0.000000
0.012759
0.000000
0.005879
0.001558
0.000000
0.001200
0.000000
0.000000
0.000000
0.000190
0.000000
0.000173
0.000019
0.000000
0.000098
0.000000
0.000000
0.000000
0.000000
0.000000
0.000000
0.000000
0.000000
0.000000
0.000000
0.000000
0.000000
0.000000
0.000000
0.000000
0.000000
0.000000
0.000000
0.000000
0.000025
0.000177
0.000000
0.000000
0.000000
0.000000
0.014240
0.007155
0.000000
0.000874
0.002093
0.000000
0.000000
0.000000
0.000000
0.001948
0.000012
0.000000
0.000005
0.000000
0.000000
0.000000
0.000000
0.000000
0.000000
0.000000
0.000000
0.000000
0.000000
0.000000
0.000000
0.000000
0.000000
0.000000
0.000000
0.000000
0.000000
0.000000
0.000000
0.000000
0.000196
0.000000
0.000000
0.000000
0.006101
0.005902
0.044671
0.001534
0.000528
0.011317
0.000000
0.000000
0.000000
0.000033
0.001421
0.001890
0.000011
0.000000
0.000116
0.000000
0.000000
0.000000
0.000000
0.000000
0.000000
0.000000
0.000000
0.000000
0.000000
0.000000
0.000000
0.000000
0.000000
0.000000
0.000000
0.000000
0.000000
0.000000
0.000000
0.000050
0.001297
0.000000
0.001975
0.001038
0.000000
0.001078
0.006197
0.000000
0.004498
0.000191
0.000000
0.000085
0.000086
0.000000
0.000102
0.000366
0.000000
0.000338
0.000000
0.000000
0.000000
0.000000
0.000000
0.000000
0.000000
0.000000
0.000000
0.000000
0.000000
0.000000
0.000000
0.000000
0.000000
0.000000
0.000000
0.000000
0.000000
0.000005
0.000089
0.000000
0.000884
0.000511
0.000000
0.002163
0.000932
0.000000
0.003423
0.001825
0.000000
0.000115
0.000000
0.000000
0.000257
0.000007
0.000000
0.000381
0.000000
0.000000
0.000000
0.000000
0.000000
0.000000
0.000000
0.000000
0.000000
0.000000
0.000000
0.000000
0.000000
0.000000
0.000000
0.000000
0.000000
0.000000
0.000000
0.000000
0.000081
0.000172
0.001751
0.000999
0.014534
0.000856
0.001534
0.006941
0.004054
0.002814
0.036094
0.000085
0.000350
0.000548
0.000022
0.000359
0.001070
0.000064
0.000499
0.001390
0.000000
0.000000
0.000000
0.000000
0.000000
0.000000
0.000000
0.000000
0.000000
0.000012
0.000069
0.000000
0.000000
0.000000
0.000000
0.000000
0.000000
0.000000
0.001499
0.000000
0.000009
0.000524
0.000000
0.000337
0.000000
0.000000
0.000000
0.000077
0.000000
0.000016
0.001789
0.000061
0.000394
0.000000
0.000000
0.000015
0.000112
0.000000
0.000014
0.000000
0.000000
0.000000
0.000000
0.000000
0.000000
0.000000
0.000000
0.000000
0.000000
0.000118
0.000014
0.000000
0.000000
0.000000
0.000000
0.000000
0.000000
0.007634
0.000076
0.000016
0.000000
0.000487
0.001207
0.000000
0.000000
0.000000
0.000000
0.000007
0.000105
0.000014
0.005569
0.002739
0.000000
0.000071
0.000000
0.000000
0.000132
0.000406
0.000000
0.000000
0.000000
0.000000
0.000000
0.000000
0.000000
0.000000
0.000000
0.000000
0.000061
0.000000
0.000000
0.000039
0.000000
0.000000
0.000000
0.000007
0.001641
0.000054
0.000039
0.000619
0.000023
0.003919
0.000000
0.000000
0.000000
0.000046
0.000000
0.000527
0.000437
0.003026
0.002928
0.000000
0.000000
0.000000
0.000000
0.000000
0.000258
0.000000
0.000000
0.000000
0.000000
0.000000
0.000000
0.000000
0.000000
0.000000
0.000000
0.000000
0.000007
0.000000
0.000011
0.000000
0.000000
0.000000
0.000000
0.000824
0.000010
0.000010
0.000000
0.000000
0.000000
0.000587
0.000000
0.000214
0.000055
0.000000
0.000036
0.000000
0.000006
0.000000
0.001043
0.000000
0.000276
0.000243
0.000000
0.000107
0.000000
0.000000
0.000000
0.000000
0.000000
0.000000
0.000000
0.000000
0.000000
0.000074
0.000062
0.000000
0.000000
0.000016
0.000000
0.000000
0.000012
0.000007
0.006443
0.000104
0.000025
0.000000
0.000000
0.000000
0.000000
0.001037
0.001503
0.000000
0.000059
0.000273
0.000000
0.000000
0.000000
0.000011
0.005626
0.002097
0.000000
0.000157
0.000509
0.000000
0.000000
0.000000
0.000000
0.000000
0.000000
0.000000
0.000000
0.000000
0.000000
0.000000
0.000000
0.000085
0.000011
0.000013
0.000000
0.000000
0.000000
0.001516
0.000103
0.000006
0.000000
0.000000
0.000000
0.000406
0.000105
0.003336
0.000000
0.000000
0.000504
0.000000
0.000000
0.000000
0.000259
0.001610
0.002052
0.000000
0.000000
0.000171
0.000000
0.000000
0.000000
0.000000
0.000000
0.000000
0.000000
0.000000
0.000000
0.000000
0.000000
0.000000
0.000000
0.000000
0.000000
0.000000
0.000000
0.000000
0.000329
0.000000
0.000000
0.000077
0.000000
0.000013
0.000036
0.000000
0.000042
0.000150
0.000000
0.000114
0.000127
0.000000
0.000000
0.000255
0.000007
0.000000
0.000181
0.000000
0.000102
0.000000
0.000000
0.000000
0.000000
0.000000
0.000000
0.000000
0.000000
0.000000
0.000000
0.000072
0.000000
0.000000
0.000000
0.000000
0.000000
0.000000
0.000000
0.000485
0.000050
0.000000
0.000000
0.000014
0.000010
0.000000
0.000000
0.000005
0.000000
0.000081
0.000276
0.000000
0.000161
0.000000
0.000000
0.000614
0.000000
0.000000
0.000170
0.000159
0.000000
0.000000
0.000000
0.000000
0.000000
0.000000
0.000000
0.000000
0.000000
0.000000
0.000000
0.000000
0.000000
0.000000
0.000000
0.000000
0.000000
0.000000
0.000325
0.000076
0.000014
0.000068
0.000000
0.000272
0.000000
0.000000
0.000117
0.000100
0.000000
0.001471
0.000065
0.000220
0.000159
0.000013
0.000752
0.000456
0.000183
0.000393
0.000615
